0 0.805308 0.356579 0.124392 0.219082
0 0.683043 0.341234 0.099878 0.193254
0 0.556422 0.333789 0.153363 0.203889
0 0.405895 0.340170 0.130267 0.191127
0 0.280085 0.346855 0.095421 0.195381
0 0.164303 0.319660 0.095624 0.232148
0 0.814019 0.550896 0.083874 0.121544
0 0.719307 0.547554 0.079619 0.128229
0 0.639688 0.509420 0.067869 0.104224
0 0.553586 0.521422 0.084076 0.132483
0 0.458772 0.515953 0.082455 0.117290
0 0.368314 0.520510 0.086710 0.121544
0 0.267828 0.524765 0.088331 0.147675
0 0.185271 0.526892 0.056524 0.151930
0 0.926256 0.427074 0.047812 0.116986
