0 0.000304 0.000743 0.000194 0.000456
0 0.000495 0.000711 0.000156 0.000403
0 0.000693 0.000695 0.000240 0.000425
0 0.000928 0.000709 0.000204 0.000398
0 0.001125 0.000723 0.000149 0.000407
0 0.001306 0.000666 0.000149 0.000484
0 0.000291 0.001148 0.000131 0.000253
0 0.000439 0.001141 0.000124 0.000267
0 0.000563 0.001061 0.000106 0.000217
0 0.000698 0.001086 0.000131 0.000276
0 0.000846 0.001075 0.000129 0.000244
0 0.000987 0.001084 0.000135 0.000253
0 0.001144 0.001093 0.000138 0.000308
0 0.001273 0.001098 0.000088 0.000317
0 0.000115 0.000890 0.000075 0.000244
