3 0.43030369237491806 0.7171419206817436 0.1479134804457068 0.21763356276630613
3 0.628140703517588 0.6112749918059652 0.14157745247979026 0.17436905932481153
3 0.9108586410312431 0.7105866928875778 0.16823246668123223 0.15208128482464767
3 0.08630107057024251 0.6494591937069814 0.1000655451168888 0.19042936742051786
3 0.3414900589906052 0.5121271714192068 0.17435001092418614 0.25467059980334317
3 0.18822372733231374 0.6529006882989183 0.10465370329910421 0.1455260570304818
3 0.02403320952589032 0.6673221894460832 0.04806641905178064 0.13634873811864962
3 0.06532663316582915 0.4888561127499181 0.1306532663316583 0.23041625696492954
3 0.2824994537906926 0.689446083251393 0.14813196416866944 0.23041625696492954
3 0.9257155341927027 0.5837430350704687 0.14813196416866944 0.1671583087512291
3 0.7757264583788508 0.6142248443133399 0.16714004806641905 0.1724024909865618
3 0.7338868254315054 0.7418879056047197 0.19270264365304784 0.16093084234677155
3 0.483941446362246 0.5763684038020321 0.16648459689753115 0.20812848246476565
3 0.18822372733231374 0.5075385119632907 0.14616561066200567 0.1976401179941003
0 0.9618745903430195 0.7012454932808915 0.007646930303692375 0.019993444772205833
3 0.5711164518243391 0.7412323828253031 0.13545990823683635 0.19501802687643396
