3 0.29064725921337875 0.2444260941370768 0.10622483741096314 0.2254335260115607
3 0.5695261690925983 0.6895127993393889 0.15236915453700836 0.3228736581337737
3 0.6142768659027563 0.3230800990916598 0.23691545370083616 0.36952931461601984
3 0.34019820377825954 0.5658546655656482 0.11303809228863425 0.20685383980181668
3 0.7183338494890059 0.680635838150289 0.1551563951687829 0.3265895953757225
3 0.8343140291111799 0.759496284062758 0.14431712604521524 0.277869529314616
3 0.4315577578197584 0.6409991742361685 0.13409724372870857 0.27704376548307186
3 0.4233508826262001 0.2518579686209744 0.17033137194177764 0.3104872006606111
3 0.8508826262000619 0.32803468208092484 0.25363889749148344 0.3596201486374897
3 0.952152369154537 0.7791081750619323 0.09507587488386497 0.22708505367464904
1 0.679777020749458 0.4523121387283237 0.06255806751316197 0.09454995871180842
