0 0.6401427469135802 0.5125868055555556 0.004822530864197531 0.014178240740740741
3 0.7353395061728395 0.6179108796296297 0.060570987654320986 0.11603009259259259
3 0.6051311728395061 0.6248553240740741 0.06983024691358025 0.12297453703703703
3 0.3576388888888889 0.6231192129629629 0.08294753086419752 0.10619212962962964
3 0.5287422839506173 0.6254340277777778 0.0763888888888889 0.12471064814814815
3 0.26610725308641975 0.5124421296296297 0.06809413580246913 0.11400462962962964
3 0.5746527777777778 0.49406828703703703 0.1091820987654321 0.14149305555555555
1 0.6636766975308642 0.48755787037037035 0.05806327160493827 0.08101851851851852
3 0.4498456790123457 0.49580439814814814 0.11496913580246913 0.14438657407407407
3 0.2906057098765432 0.6061921296296297 0.08622685185185185 0.08912037037037036
0 0.3479938271604938 0.4934895833333333 0.0798611111111111 0.1166087962962963
3 0.6666666666666666 0.4934895833333333 0.06365740740740741 0.10561342592592593
3 0.6717785493827161 0.6229745370370371 0.05999228395061729 0.1232638888888889
3 0.7335069444444444 0.5057870370370371 0.06655092592592593 0.11574074074074074
3 0.44241898148148145 0.6280381944444444 0.07581018518518519 0.12413194444444445
0 0.35831404320987653 0.5237268518518519 0.022183641975308643 0.017939814814814815
0 0.4981674382716049 0.4866898148148148 0.016010802469135804 0.03125
1 0.45013503086419754 0.46773726851851855 0.11439043209876543 0.08883101851851852
1 0.5745563271604939 0.4898726851851852 0.10783179012345678 0.13252314814814814
0 0.5302854938271605 0.47974537037037035 0.008487654320987654 0.015046296296296295
0 0.6129436728395061 0.4782986111111111 0.001736111111111111 0.0023148148148148147
0 0.6060956790123457 0.49898726851851855 0.009259259259259259 0.009548611111111112
0 0.5887345679012346 0.45413773148148145 0.0038580246913580245 0.003761574074074074
0 0.5304783950617284 0.5345775462962963 0.005015432098765432 0.008391203703703705
