1 0.44630404463040446 0.4571129707112971 0.11715481171548117 0.17154811715481172
3 0.17782426778242677 0.7416317991631799 0.15760111576011157 0.11820083682008369
3 0.7770223152022315 0.6304916317991632 0.13423988842398885 0.22855648535564854
3 0.23744769874476987 0.613755230125523 0.13668061366806136 0.21809623430962344
0 0.2377963737796374 0.6893305439330544 0.007670850767085077 0.008368200836820083
3 0.8282775453277545 0.7581066945606695 0.13284518828451883 0.07060669456066945
3 0.5805439330543933 0.462081589958159 0.14574616457461645 0.21391213389121339
0 0.26220362622036264 0.6728556485355649 0.002789400278940028 0.004707112970711297
3 0.4396792189679219 0.464173640167364 0.1394700139470014 0.2055439330543933
3 0.7092050209205021 0.5096757322175732 0.12412831241283125 0.18043933054393305
3 0.31642259414225943 0.50418410041841 0.12796373779637377 0.1788702928870293
1 0.5261506276150628 0.45188284518828453 0.03486750348675035 0.10251046025104603
