3 0.818 0.14790836653386455 0.10266666666666667 0.07071713147410359
3 0.48383333333333334 0.15562749003984064 0.093 0.08316733067729083
0 0.38566666666666666 0.35582669322709165 0.018666666666666668 0.00597609561752988
0 0.4246666666666667 0.3555776892430279 0.028666666666666667 0.01195219123505976
0 0.429 0.304656374501992 0.018666666666666668 0.008217131474103585
1 0.8408333333333333 0.15973605577689243 0.041 0.034113545816733065
0 0.8408333333333333 0.27153884462151395 0.006333333333333333 0.0037350597609561755
0 0.425 0.28199701195219123 0.0026666666666666666 0.0017430278884462151
0 0.8358333333333333 0.2051792828685259 0.005 0.004482071713147411
3 0.41433333333333333 0.3916832669322709 0.08133333333333333 0.0647410358565737
3 0.4151666666666667 0.3381474103585657 0.08033333333333334 0.049800796812749
3 0.7998333333333333 0.09773406374501992 0.09433333333333334 0.0674800796812749
3 0.8415 0.3061503984063745 0.10966666666666666 0.0674800796812749
3 0.7378333333333333 0.06735557768924302 0.10766666666666666 0.07146414342629483
3 0.8321666666666667 0.19795816733067728 0.10966666666666666 0.05677290836653386
3 0.8286666666666667 0.256847609561753 0.11466666666666667 0.0774402390438247
3 0.6301666666666667 0.06797808764940239 0.12166666666666667 0.06872509960159362
3 0.45216666666666666 0.22161354581673307 0.09966666666666667 0.061752988047808766
3 0.43516666666666665 0.2801294820717131 0.10233333333333333 0.08615537848605578
3 0.5336666666666666 0.09586653386454183 0.08733333333333333 0.06573705179282868
