2 0.30227272727272725 0.40982546864899805 0.03218181818181818 0.04783451842275371
3 0.4411818181818182 0.2438590820943762 0.11181818181818182 0.15287653522947642
3 0.5529090909090909 0.23901098901098902 0.11527272727272728 0.1515837104072398
3 0.2270909090909091 0.8668390433096316 0.12618181818181817 0.1997414350355527
2 0.27936363636363637 0.523109243697479 0.008545454545454545 0.033936651583710405
3 0.2860909090909091 0.6019715578539108 0.09981818181818182 0.16063348416289594
3 0.6890909090909091 0.3661926308985132 0.08509090909090909 0.1881060116354234
0 0.302 0.6013251454427925 0.012 0.026826115061409177
3 0.36318181818181816 0.29234001292824824 0.06672727272727273 0.14641241111829348
3 0.8059090909090909 0.8606981254040078 0.12381818181818181 0.24240465416936005
2 0.36063636363636364 0.3088235294117647 0.04672727272727273 0.11085972850678733
3 0.3024545454545455 0.49967679379444085 0.09909090909090909 0.1577246283128636
3 0.6355454545454545 0.29040077569489336 0.07327272727272727 0.15675500969618616
3 0.31027272727272726 0.3661926308985132 0.08454545454545455 0.18552036199095023
3 0.7151818181818181 0.4907886231415643 0.1009090909090909 0.1632191338073691
3 0.25145454545454543 0.7270523594053006 0.12763636363636363 0.2530704589528119
0 0.7153636363636363 0.5321590174531351 0.0012727272727272728 0.0022624434389140274
0 0.7171818181818181 0.5370071105365223 0.0012727272727272728 0.0022624434389140274
0 0.7108181818181818 0.5001616031027796 0.0012727272727272728 0.006140917905623788
