3 0.353875 0.6175918979744937 0.07325 0.15491372843210802
0 0.231375 0.5770817704426107 0.02575 0.01687921980495124
3 0.419 0.6183420855213804 0.0765 0.16991747936984247
3 0.489125 0.6123405851462865 0.06725 0.16541635408852212
3 0.556 0.6209677419354839 0.0675 0.15641410352588148
3 0.721375 0.46230307576894225 0.06725 0.17216804201050262
3 0.25425 0.49568642160540133 0.0565 0.1444111027756939
3 0.65275 0.4521755438859715 0.0835 0.15866466616654162
3 0.777875 0.5870217554388597 0.06425 0.10577644411102775
3 0.746625 0.6065266316579144 0.06875 0.12978244561140284
3 0.566625 0.45742685671417854 0.10425 0.1774193548387097
3 0.299375 0.4694298574643661 0.07475 0.18717179294823705
1 0.4505 0.4932483120780195 0.0325 0.11477869467366841
3 0.813 0.5729557389347337 0.0605 0.09489872468117029
3 0.775625 0.47843210802700675 0.05125 0.13090772693173294
3 0.373 0.45555138784696175 0.08 0.1751687921980495
3 0.687375 0.6318454613653414 0.07875 0.17966991747936983
3 0.458875 0.46211552888222057 0.11025 0.17929482370592648
3 0.22075 0.5952738184546137 0.06 0.08552138034508627
1 0.330375 0.47674418604651164 0.01025 0.01800450112528132
3 0.293 0.6127156789197299 0.067 0.1331582895723931
3 0.259375 0.5993998499624906 0.05875 0.10127531882970743
3 0.623875 0.6235933983495874 0.07475 0.1676669167291823
