3 0.28560540069686413 0.32981797168448423 0.10518292682926829 0.1459115862467495
0 0.8453832752613241 0.624530482519503 0.006097560975609756 0.00722334585379948
0 0.21679006968641115 0.7308581334874313 0.006315331010452962 0.0037561398439757295
0 0.8784843205574913 0.8371857844553597 0.003048780487804878 0.0037561398439757295
0 0.8890461672473867 0.7828662236347876 0.01676829268292683 0.0066454781854955215
0 0.8501742160278746 0.6693152268130598 0.01132404181184669 0.003178272175671771
1 0.7523954703832753 0.3694019069633054 0.016550522648083623 0.029182317249349898
3 0.22582752613240417 0.6964750072233459 0.1489547038327526 0.19040739670615428
3 0.8637848432055749 0.7782432822883559 0.15135017421602787 0.1846287200231147
3 0.8027003484320557 0.4934989887315805 0.12282229965156795 0.13811037272464605
3 0.4247604529616725 0.17191563132042761 0.12129790940766551 0.1375325050563421
3 0.6407883275261324 0.19907541173071366 0.09472996515679442 0.10863912164114418
3 0.716572299651568 0.2668303958393528 0.10474738675958188 0.13666570355388616
3 0.2030705574912892 0.8324183761918521 0.14699477351916376 0.18665125686217857
3 0.54823606271777 0.17148223056919965 0.12260452961672474 0.1331984975440624
3 0.8349303135888502 0.6329095637099105 0.15113240418118468 0.21005489742848887
3 0.2311628919860627 0.555764229991332 0.12521777003484322 0.12279687951459116
3 0.34636324041811845 0.2279687951459116 0.09255226480836237 0.11557353366079168
3 0.757404181184669 0.38457093325628433 0.12674216027874566 0.13695463738803815
