3 0.8276450511945392 0.48802228412256266 0.0565036025786879 0.13593314763231198
3 0.6755783086841107 0.49888579387186627 0.09897610921501707 0.21002785515320335
3 0.6351915054986728 0.6278551532033426 0.08115282518012894 0.08690807799442897
3 0.5563139931740614 0.6473537604456825 0.08646188850967008 0.06350974930362117
3 0.1558589306029579 0.4894150417827298 0.05764125900644672 0.14206128133704735
3 0.4311717861205916 0.49832869080779946 0.13803564656806977 0.2523676880222841
3 0.22696245733788395 0.49972144846796657 0.09366704588547592 0.19721448467966574
3 0.7588168373151308 0.5002785515320334 0.0857034508911642 0.19387186629526462
3 0.7125521425862723 0.6111420612813371 0.07811907470610542 0.11030640668523677
3 0.5652256351915055 0.49665738161559886 0.13386423966628744 0.25348189415041783
3 0.4757299962078119 0.6437325905292479 0.08229048160788775 0.07186629526462396
3 0.39419795221843 0.6334261838440112 0.08229048160788775 0.08133704735376045
3 0.31816458096321576 0.6325905292479108 0.0788775123246113 0.07855153203342619
3 0.31683731513083047 0.49972144846796657 0.10352673492605233 0.2161559888579387
