3 0.3344298245614035 0.5101649970536241 0.0865009746588694 0.08161461402474955
3 0.40180311890838205 0.462286387743076 0.07017543859649122 0.09251620506776664
3 0.33771929824561403 0.4412197996464349 0.0769980506822612 0.10164997053624042
3 0.4624756335282651 0.8093694755450795 0.05555555555555555 0.06364172068355922
3 0.6076998050682261 0.45816146140247493 0.06481481481481481 0.0966411314083677
3 0.5361842105263158 0.45035356511490865 0.08698830409356725 0.11932822628167354
3 0.6667884990253411 0.461549793753683 0.06798245614035088 0.09516794342958161
3 0.4513888888888889 0.4348850913376547 0.0908869395711501 0.12197996464348851
3 0.41264619883040937 0.8102533883323512 0.0533625730994152 0.05362404242781379
3 0.5151072124756335 0.8114319387153801 0.05458089668615984 0.06540954625810254
3 0.6699561403508771 0.5212139068945197 0.08162768031189084 0.07660577489687684
3 0.6407163742690059 0.7921331761932823 0.03679337231968811 0.026222746022392458
3 0.5653021442495126 0.8139363582793164 0.06432748538011696 0.058043606364172065
3 0.6153752436647173 0.8127578078962876 0.04312865497076023 0.03918680023571008
