3 0.2875192901234568 0.5020254629629629 0.06616512345679013 0.16724537037037038
0 0.6105324074074074 0.47120949074074076 0.016975308641975308 0.019386574074074073
1 0.6129436728395061 0.4782986111111111 0.030671296296296297 0.04861111111111111
1 0.3609182098765432 0.5070891203703703 0.04243827160493827 0.0876736111111111
0 0.35281635802469136 0.5033275462962963 0.0015432098765432098 0.003761574074074074
0 0.3587962962962963 0.48640046296296297 0.030864197530864196 0.03125
3 0.42158564814814814 0.7103587962962963 0.07195216049382716 0.15393518518518517
3 0.5521797839506173 0.7248263888888888 0.07426697530864197 0.15393518518518517
3 0.7431520061728395 0.6482928240740741 0.10435956790123457 0.1177662037037037
3 0.4828317901234568 0.7229456018518519 0.07484567901234568 0.15480324074074073
3 0.3568672839506173 0.7115162037037037 0.06635802469135803 0.11689814814814815
3 0.6756365740740741 0.6982060185185185 0.08198302469135803 0.15104166666666666
3 0.6008873456790124 0.7083333333333334 0.0779320987654321 0.16319444444444445
3 0.3020833333333333 0.7142650462962963 0.05941358024691358 0.0859375
3 0.3582175925925926 0.48061342592592593 0.08680555555555555 0.1753472222222222
3 0.7353395061728395 0.6818576388888888 0.06790123456790123 0.12008101851851852
3 0.5392554012345679 0.4554398148148148 0.11554783950617284 0.17997685185185186
3 0.7058256172839507 0.43344907407407407 0.07523148148148148 0.20081018518518517
3 0.6301118827160493 0.44820601851851855 0.08314043209876543 0.2042824074074074
3 0.2902199074074074 0.7038483796296297 0.10243055555555555 0.10677083333333333
