3 0.3166335978835979 0.6343005952380952 0.16964285714285715 0.09350198412698413
0 0.3948412698412698 0.5765128968253969 0.0582010582010582 0.029513888888888888
0 0.26521164021164023 0.6221478174603174 0.005952380952380952 0.006696428571428571
0 0.3288690476190476 0.619171626984127 0.09226190476190477 0.03546626984126984
3 0.26703042328042326 0.6870039682539683 0.1531084656084656 0.08085317460317461
3 0.23412698412698413 0.31733630952380953 0.14682539682539683 0.11383928571428571
3 0.082010582010582 0.2591765873015873 0.1626984126984127 0.11408730158730158
3 0.22585978835978837 0.7348710317460317 0.16137566137566137 0.08928571428571429
3 0.376984126984127 0.5877976190476191 0.1349206349206349 0.08283730158730158
3 0.1453373015873016 0.3040674603174603 0.17096560846560846 0.10962301587301587
3 0.34424603174603174 0.3412698412698413 0.09325396825396826 0.09325396825396826
