3 0.33858807402330365 0.6673693086003373 0.11012108750285583 0.26644182124789206
1 0.34681288553803974 0.7379848229342327 0.05803061457619374 0.12521079258010118
3 0.7260680831619831 0.4114671163575042 0.1251999086132054 0.33389544688026984
3 0.8184829792095042 0.6452360876897133 0.07516563856522733 0.21290050590219226
3 0.734178661183459 0.696247892074199 0.10303861092072196 0.286256323777403
3 0.44288325336988804 0.6770657672849916 0.11537582819282613 0.22849915682967958
3 0.5447795293580078 0.6713743676222597 0.09572766735206763 0.2188026981450253
3 0.42289239204934886 0.3998735244519393 0.16312542837559973 0.34190556492411467
3 0.24503084304318026 0.6964586846543002 0.11811743203107151 0.3473861720067454
3 0.2874114690427233 0.3882799325463744 0.13251085218185973 0.321247892074199
3 0.08716015535755084 0.34317032040472173 0.0884167237834133 0.33979763912310285
3 0.5840758510395248 0.40893760539629004 0.16700936714644735 0.34317032040472173
1 0.5603152844413982 0.7386172006745363 0.06008681745487777 0.08431703204047218
3 0.960703678318483 0.3145025295109612 0.04249485949280329 0.26812816188870153
3 0.6361663239661869 0.6905564924114671 0.09298606351382226 0.2563237774030354
3 0.8281928261366233 0.3473861720067454 0.10189627598811972 0.39376053962900504
3 0.1783184829792095 0.36572512647554806 0.10349554489376285 0.37984822934232715
3 0.9064427690198766 0.34780775716694773 0.07288096870002285 0.3566610455311973
