3 0.4399574920297556 0.5188524590163934 0.057385759829968117 0.11420765027322405
3 0.43358129649309246 0.3942622950819672 0.0495926319518243 0.09562841530054644
3 0.7685086787105916 0.512568306010929 0.07545164718384698 0.08306010928961749
3 0.39125044279135673 0.5322404371584699 0.052072263549415514 0.12240437158469945
3 0.33014523556500175 0.40683060109289615 0.06588735387885228 0.07704918032786885
3 0.5393198724760893 0.519672131147541 0.05419766206163656 0.11693989071038251
3 0.38150903294367694 0.3945355191256831 0.06517888770811193 0.10819672131147541
0 0.463336875664187 0.5363387978142077 0.010626992561105207 0.03551912568306011
3 0.712185618136734 0.5349726775956284 0.077577045696068 0.10273224043715846
0 0.7585901523202268 0.5166666666666667 0.009564293304994687 0.05081967213114754
3 0.6983705278072972 0.412568306010929 0.0669500531349628 0.12349726775956284
3 0.30924548352816156 0.5344262295081967 0.03896563939071909 0.06666666666666667
3 0.6533829259652851 0.5275956284153005 0.04994686503719448 0.14262295081967213
3 0.7445979454481049 0.42131147540983604 0.07084661707403471 0.07431693989071038
3 0.5821820758058802 0.37841530054644806 0.06553312079348211 0.1284153005464481
3 0.48724760892667374 0.5081967213114754 0.0563230605738576 0.13333333333333333
3 0.34484590860786396 0.5360655737704918 0.05561459440311725 0.08961748633879782
3 0.6013106624158696 0.5095628415300546 0.06411618845200141 0.13278688524590163
1 0.4342897626638328 0.37185792349726776 0.048175699610343604 0.053005464480874315
