3 0.2818333333333333 0.698125 0.06966666666666667 0.20025
3 0.456 0.73725 0.10933333333333334 0.228
3 0.3561666666666667 0.722 0.093 0.2145
3 0.7475833333333334 0.3445 0.1015 0.1855
3 0.5553333333333333 0.33975 0.154 0.195
3 0.40591666666666665 0.342125 0.1535 0.18475
3 0.5490833333333334 0.7165 0.10283333333333333 0.21
3 0.23741666666666666 0.36825 0.09083333333333334 0.2095
3 0.6435 0.693125 0.09466666666666666 0.21275
3 0.72825 0.68225 0.09416666666666666 0.2005
0 0.6969166666666666 0.251875 0.017166666666666667 0.02875
1 0.6900833333333334 0.254125 0.034833333333333334 0.04175
3 0.6631666666666667 0.336125 0.09333333333333334 0.20875
3 0.7806666666666666 0.6365 0.11933333333333333 0.1775
3 0.8320833333333333 0.33875 0.09616666666666666 0.161
3 0.31766666666666665 0.35775 0.095 0.2205
