3 0.6465992647058824 0.2167075163398693 0.12040441176470588 0.1621732026143791
3 0.3115808823529412 0.5241013071895425 0.06495098039215687 0.10375816993464053
3 0.6839767156862745 0.4769199346405229 0.06832107843137254 0.15645424836601307
3 0.8458946078431373 0.20955882352941177 0.06433823529411764 0.14624183006535948
3 0.7463235294117647 0.19852941176470587 0.10600490196078431 0.1568627450980392
3 0.47120098039215685 0.27655228758169936 0.09558823529411764 0.1715686274509804
3 0.6204044117647058 0.4912173202614379 0.0778186274509804 0.1621732026143791
3 0.5517769607843137 0.23999183006535948 0.08762254901960784 0.1474673202614379
3 0.8579963235294118 0.4340277777777778 0.07322303921568628 0.15727124183006536
3 0.35768995098039214 0.3321078431372549 0.05606617647058824 0.12009803921568628
3 0.4765625 0.5349264705882353 0.07261029411764706 0.15890522875816993
3 0.8125 0.1823937908496732 0.05759803921568627 0.1352124183006536
3 0.3174019607843137 0.35355392156862747 0.058823529411764705 0.13194444444444445
3 0.7435661764705882 0.4632352941176471 0.06801470588235294 0.1511437908496732
3 0.5517769607843137 0.5257352941176471 0.08333333333333333 0.20098039215686275
3 0.36672794117647056 0.5435049019607843 0.09068627450980392 0.15073529411764705
3 0.42264093137254904 0.5365604575163399 0.06954656862745098 0.14991830065359477
3 0.8003982843137255 0.4430147058823529 0.07077205882352941 0.14501633986928106
3 0.4186580882352941 0.31433823529411764 0.09528186274509803 0.14501633986928106
0 0.2942708333333333 0.5522875816993464 0.018688725490196078 0.035130718954248366
