3 0.25868725868725867 0.5644329896907216 0.16216216216216217 0.17010309278350516
3 0.88996138996139 0.8788659793814433 0.17374517374517376 0.211340206185567
3 0.4517374517374517 0.29381443298969073 0.15444015444015444 0.12371134020618557
3 0.6042471042471043 0.2963917525773196 0.15057915057915058 0.11855670103092783
3 0.29922779922779924 0.3943298969072165 0.13513513513513514 0.15979381443298968
3 0.7799227799227799 0.6288659793814433 0.15444015444015444 0.18556701030927836
3 0.19884169884169883 0.7010309278350515 0.14285714285714285 0.17525773195876287
3 0.7741312741312741 0.45103092783505155 0.1274131274131274 0.18041237113402062
3 0.6525096525096525 0.42010309278350516 0.12355212355212356 0.13917525773195877
3 0.42084942084942084 0.44072164948453607 0.12355212355212356 0.0979381443298969
3 0.8648648648648649 0.7139175257731959 0.14671814671814673 0.17010309278350516
3 0.12162162162162163 0.8298969072164949 0.18146718146718147 0.24742268041237114
