3 0.4116000621987249 0.4910171365395246 0.17384543616855855 0.36401326699834163
3 0.7180065308661172 0.6821448313985627 0.10962525268232001 0.18794914317302377
3 0.26652153630850567 0.45550027639579876 0.13839216296065932 0.3383084577114428
3 0.4958015860674856 0.7067440574903261 0.09314259057689317 0.1885019347705915
3 0.7255481262634116 0.4520453289110006 0.12875136059710776 0.3468767274737424
3 0.9045249572383766 0.35323383084577115 0.0699735655419064 0.25981205085682696
3 0.17026900948530554 0.613322277501382 0.1007619343803452 0.15035931453841903
3 0.15184263722593686 0.40118850193477057 0.1102472399315814 0.33360972913211717
3 0.38633183019748096 0.7162797125483693 0.1043383610635982 0.15395245992260917
3 0.27701757113979164 0.6941680486456606 0.11242419530399626 0.21752349364289664
3 0.6061265744052247 0.7142067440574903 0.09951795988182242 0.14759535655058043
3 0.5826465557456072 0.49834162520729686 0.17104649354688228 0.35378662244333886
3 0.8151142901570518 0.6022664455500276 0.08459026589954906 0.14814814814814814
3 0.8266210542683875 0.3941404090657822 0.09982895350645311 0.33665008291873966
