3 0.32265625 0.8666666666666667 0.2078125 0.20833333333333334
3 0.12890625 0.821875 0.1921875 0.24791666666666667
3 0.525 0.8895833333333333 0.2125 0.21666666666666667
3 0.91171875 0.8375 0.1734375 0.26666666666666666
2 0.32109375 0.459375 0.0234375 0.21875
3 0.3390625 0.43125 0.34375 0.31666666666666665
3 0.9265625 0.29791666666666666 0.14375 0.25833333333333336
3 0.08125 0.36666666666666664 0.1625 0.25416666666666665
3 0.6859375 0.3854166666666667 0.321875 0.3958333333333333
3 0.73125 0.8760416666666667 0.21875 0.23541666666666666
