3 0.18141097424412095 0.7100476396708532 0.07782754759238522 0.17886530965786054
3 0.3093505039193729 0.7243395409268082 0.083986562150056 0.19359029883066262
3 0.7998320268756999 0.47098310957124295 0.1713325867861142 0.16847119965352966
3 0.41209406494960804 0.406019922044175 0.1511758118701008 0.2646167171935903
3 0.8178891377379619 0.6925075790385449 0.20072788353863383 0.14032048505846687
3 0.5527715565509519 0.43698570809874404 0.13521836506159016 0.22693806842789085
3 0.6678331466965286 0.45106106539627544 0.13409854423292272 0.19792117799913383
3 0.2393617021276596 0.7059333044608055 0.06159014557670773 0.19142485924642702
0 0.8272676371780515 0.39259419662191425 0.026875699888017916 0.010827197921177999
3 0.06256998880179171 0.39584235599826767 0.08482642777155655 0.2711130359462971
3 0.5482922732362822 0.7161108705067128 0.13633818589025756 0.20485058466868775
3 0.27435610302351626 0.38718059766132523 0.1422172452407615 0.2321351234300563
3 0.6818309070548713 0.7104807275877003 0.14193729003359462 0.1779991338241663
3 0.9242721164613662 0.4614551754006063 0.0887458006718925 0.18059766132524901
3 0.4162933930571109 0.7301862278042442 0.1349384098544233 0.2511909917713296
3 0.1507558790593505 0.3841489822433954 0.13465845464725643 0.2867042009527934
