3 0.4554781971418102 0.5627230304693933 0.10040307805056797 0.14493549272577547
3 0.6478563576401613 0.36247598133406533 0.1341150604617076 0.2357946747186385
3 0.37568706485892267 0.5676640131759538 0.0683400513008428 0.12901454844908042
3 0.7985525833638696 0.31388965138622016 0.05807988274093075 0.22810870161954433
3 0.23277757420300477 0.4223167718912984 0.07273726639794796 0.16991490529783146
3 0.69567607182118 0.5292341476804832 0.0670575302308538 0.1636014273950041
3 0.5163063393184316 0.397062860279989 0.14474166361304508 0.23140269009058467
3 0.7422132649322096 0.32624210815262145 0.08061561011359472 0.20669777655778204
3 0.6246793697325027 0.5514685698600055 0.08482960791498717 0.15591545429590997
3 0.5408574569439355 0.56244853143014 0.08574569439355074 0.14877847927532253
3 0.3005679736167094 0.42259127093055177 0.10241846830340784 0.21987373044194344
3 0.39153536093807256 0.4018665934669229 0.11909124221326493 0.2130112544606094
