3 0.43038461538461537 0.6748717948717948 0.12076923076923077 0.10051282051282051
3 0.6646153846153846 0.6648717948717948 0.12923076923076923 0.10307692307692308
3 0.6090384615384615 0.5076923076923077 0.185 0.27384615384615385
3 0.39807692307692305 0.5092307692307693 0.1930769230769231 0.2717948717948718
3 0.22384615384615383 0.47102564102564104 0.1423076923076923 0.2241025641025641
3 0.5492307692307692 0.6720512820512821 0.11692307692307692 0.11025641025641025
3 0.1296153846153846 0.4782051282051282 0.07230769230769231 0.16153846153846155
3 0.7651923076923077 0.47974358974358977 0.12884615384615383 0.1717948717948718
3 0.2048076923076923 0.6315384615384615 0.09423076923076923 0.13076923076923078
3 0.7503846153846154 0.6292307692307693 0.0876923076923077 0.13333333333333333
3 0.3096153846153846 0.6653846153846154 0.12615384615384614 0.10205128205128206
