3 0.5585833333333333 0.547625 0.07983333333333334 0.16125
3 0.49183333333333334 0.439375 0.10733333333333334 0.13325
3 0.5971666666666666 0.42975 0.09033333333333333 0.0865
3 0.6405 0.528 0.09766666666666667 0.1545
3 0.2811666666666667 0.451375 0.09533333333333334 0.15425
3 0.399 0.56025 0.07866666666666666 0.143
3 0.246 0.55525 0.084 0.135
3 0.38366666666666666 0.4635 0.11133333333333334 0.1725
3 0.3238333333333333 0.557 0.07466666666666667 0.126
3 0.6926666666666667 0.451875 0.09866666666666667 0.15075
3 0.47308333333333336 0.565625 0.07383333333333333 0.16225
3 0.18566666666666667 0.466125 0.09966666666666667 0.16425
