3 0.16008658008658008 0.3981818181818182 0.14943722943722942 0.1864935064935065
3 0.9064069264069264 0.7644155844155844 0.17437229437229437 0.24935064935064935
3 0.3245887445887446 0.17584415584415583 0.11411255411255411 0.18181818181818182
3 0.8128138528138528 0.41584415584415585 0.15134199134199133 0.2109090909090909
3 0.7013852813852813 0.20155844155844155 0.12623376623376623 0.19532467532467532
3 0.18588744588744588 0.29415584415584417 0.1373160173160173 0.20077922077922078
3 0.4090909090909091 0.13714285714285715 0.10406926406926408 0.15688311688311687
3 0.1283982683982684 0.5583116883116883 0.1858008658008658 0.2672727272727273
3 0.5096969696969696 0.13805194805194806 0.101991341991342 0.14779220779220778
3 0.7793939393939394 0.3025974025974026 0.13922077922077922 0.22077922077922077
0 0.008051948051948052 0.7555844155844156 0.0070995670995670996 0.01818181818181818
0 0.8563636363636363 0.8028571428571428 0.006060606060606061 0.008831168831168832
3 0.6084848484848485 0.14714285714285713 0.11705627705627705 0.1664935064935065
3 0.24363636363636362 0.20766233766233766 0.10077922077922077 0.19402597402597402
3 0.08813852813852814 0.7581818181818182 0.1735064935064935 0.24779220779220779
3 0.8544588744588745 0.5636363636363636 0.19168831168831169 0.2768831168831169
