3 0.16394864677307425 0.31954202446005725 0.06419153365718251 0.15144418423106948
3 0.09550659264399722 0.348816029143898 0.045281054823039554 0.11059068436117617
3 0.12916377515614158 0.34790528233151186 0.04736294240111034 0.12906583398386678
3 0.42349063150589866 0.2501951600312256 0.12595419847328243 0.17876658860265418
3 0.666204024982651 0.4163413999479573 0.08015267175572519 0.15404631798074422
3 0.3475017349063151 0.37952120739005984 0.0784177654406662 0.1277647671090294
3 0.7323907009021513 0.43937028363257874 0.07199861207494795 0.16835805360395525
3 0.5847501734906315 0.3937028363257871 0.08830673143650243 0.13374967473328128
3 0.20940319222761972 0.42714025500910746 0.07356002775850104 0.1522248243559719
3 0.22250173490631506 0.2629456154046318 0.10461485079805691 0.1912568306010929
3 0.5448473282442748 0.25136612021857924 0.12508674531575295 0.1894353369763206
3 0.7779319916724496 0.47710122300286234 0.033310201249132546 0.1376528753577934
3 0.7480048577376822 0.27491543065313556 0.1063497571131159 0.20218579234972678
3 0.11745315752949341 0.4453551912568306 0.051700208188757805 0.10226385636221702
3 0.6517175572519084 0.27621649752797295 0.09316446911866759 0.16627634660421545
3 0.5040770298403886 0.3942232630757221 0.08102012491325468 0.11293260473588343
3 0.15709576682859125 0.44379391100702575 0.038341429562803606 0.12412177985948478
3 0.28018736988202636 0.4034608378870674 0.08639833448993754 0.16159250585480095
3 0.3160999306037474 0.2611241217798595 0.10270645385149202 0.15430653135571168
3 0.8119361554476058 0.47918293000260215 0.05343511450381679 0.11007025761124122
3 0.4250520471894518 0.392792089513401 0.07807078417765441 0.11943793911007025
3 0.8452463566967384 0.3918813427010148 0.04476058292852186 0.1160551652354931
3 0.8128036086051353 0.38121259432734844 0.058639833448993754 0.13374967473328128
3 0.7879944482997918 0.34374186833203224 0.0662734212352533 0.15820973198022378
3 0.07104441360166551 0.3477751756440281 0.037647467036780013 0.09601873536299765
