3 0.2645525629887055 0.5623370981754996 0.07211120764552563 0.11685490877497828
3 0.4658268172603533 0.38748913987836664 0.12771503040834056 0.24066029539530842
3 0.7441355343179844 0.5973066898349262 0.06052707790327252 0.15638575152041703
3 0.1993918331885317 0.3538227628149435 0.04083405734144222 0.14465682015638576
3 0.5894874022589053 0.3877063423110339 0.1271358239212279 0.236750651607298
3 0.8072690414132638 0.3764118158123371 0.04257167680278019 0.18375325803649
3 0.5421372719374457 0.6381407471763684 0.07935128873443383 0.18679409209383144
3 0.756154068925572 0.3635968722849696 0.07298001737619461 0.22675933970460468
3 0.22849695916594265 0.5139009556907037 0.10541558065450334 0.10860121633362294
3 0.36099044309296263 0.3835794960903562 0.0894874022589053 0.2163336229365769
3 0.32435563278308716 0.6125108601216334 0.06950477845351868 0.1989574283231972
3 0.464668404286128 0.6387923544743701 0.08253692441355343 0.18549087749782797
3 0.6870836953373878 0.3835794960903562 0.09643788010425716 0.20069504778453517
3 0.2351578337677382 0.3503475238922676 0.052128583840139006 0.19765421372719374
3 0.6847668693889372 0.6240225890529973 0.0686359687228497 0.20112945264986967
3 0.2913408630176658 0.3651172893136403 0.07877208224732117 0.22893136403127715
3 0.3896611642050391 0.6329278887923545 0.08195771792644077 0.1998262380538662
3 0.6175789168838691 0.6301042571676803 0.07732406602953953 0.18722849695916594
3 0.7901824500434405 0.5519113814074718 0.07790327251665219 0.12380538662033015
