3 0.40727124183006536 0.5254289215686274 0.13276143790849673 0.19914215686274508
3 0.4415849673202614 0.4068627450980392 0.15236928104575165 0.16115196078431374
3 0.46568627450980393 0.22794117647058823 0.1621732026143791 0.22487745098039216
3 0.38735702614379086 0.6643688725490197 0.11785130718954248 0.1951593137254902
3 0.25040849673202614 0.8658088235294118 0.10008169934640523 0.15318627450980393
3 0.3344566993464052 0.8121936274509803 0.11131535947712418 0.19669117647058823
0 0.44189133986928103 0.21783088235294118 0.04636437908496732 0.041666666666666664
1 0.4461805555555556 0.35232843137254904 0.11621732026143791 0.049019607843137254
0 0.4206495098039216 0.3854166666666667 0.01082516339869281 0.006127450980392157
0 0.44454656862745096 0.26087622549019607 0.008782679738562092 0.018075980392156864
