0 0.6710723941123461 0.35601622352410994 0.0030039050765995794 0.006309148264984227
0 0.5301892460198258 0.3508337088778729 0.004806248122559327 0.00946372239747634
0 0.4672574346650646 0.3334835511491663 0.0027035145689396217 0.006309148264984227
0 0.4636527485731451 0.3433979269941415 0.0033042955842595375 0.009013068949977467
0 0.6847401622108741 0.3765209553853087 0.009312105737458696 0.02118071203244705
3 0.3848002403124061 0.4916629112212708 0.07449684589966957 0.10635421360973411
3 0.7892760588765395 0.4625957638575935 0.08020426554520878 0.11041009463722397
3 0.5623310303394413 0.38801261829652994 0.11054370681886452 0.12347904461469131
3 0.6203063983178132 0.48197386210004506 0.08050465605286873 0.10410094637223975
3 0.30639831781315713 0.47138350608382157 0.07449684589966957 0.12438035150968905
3 0.4514869330129168 0.3826047769265435 0.10874136377290478 0.12978819287967552
3 0.3579152898768399 0.36457863902658855 0.07539801742264944 0.09553853086976115
3 0.2364073295283869 0.4632717440288418 0.0865124662060679 0.1117620549797206
3 0.4647041153499549 0.4970707525912573 0.06969059777711024 0.10725552050473186
3 0.742865725443076 0.3632266786840919 0.08170621808350856 0.11897251013970257
0 0.6811354761189546 0.3519603424966201 0.0015019525382997897 0.005407841369986481
0 0.6550015019525383 0.3837314105452907 0.02613397416641634 0.02298332582244254
0 0.756683688795434 0.35962145110410093 0.04205467107239411 0.04686795853988283
0 0.6951036347251427 0.32830103650292924 0.004205467107239411 0.008562415502478594
3 0.2807149294082307 0.36885984677782785 0.08200660859116853 0.1149166291122127
3 0.5375488134574947 0.48580441640378547 0.06939020726945029 0.08922938260477693
3 0.7210874136377291 0.46845425867507884 0.07599879843796936 0.11942316358720144
3 0.6650645839591469 0.3587201442091032 0.07269450285370982 0.09824245155475439
0 0.6132472213878042 0.3598467778278504 0.005106638630219285 0.02568724650743578
