0 0.15041666666666667 0.73375 0.0105 0.0045
3 0.18366666666666667 0.501125 0.14033333333333334 0.17825
3 0.34641666666666665 0.1645 0.11316666666666667 0.162
3 0.7823333333333333 0.28375 0.13133333333333333 0.1945
3 0.1465 0.657 0.17833333333333334 0.2775
3 0.10958333333333334 0.8175 0.17116666666666666 0.221
3 0.5929166666666666 0.129 0.13616666666666666 0.1795
3 0.8085 0.445125 0.149 0.17225
3 0.8700833333333333 0.752375 0.18416666666666667 0.26825
3 0.2653333333333333 0.239375 0.124 0.20025
3 0.23058333333333333 0.378 0.14783333333333334 0.1885
3 0.69875 0.1965 0.11183333333333334 0.1575
3 0.4623333333333333 0.120625 0.13266666666666665 0.18475
3 0.83125 0.58025 0.14683333333333334 0.1885
0 0.08866666666666667 0.84525 0.0023333333333333335 0.0045
0 0.07641666666666666 0.808625 0.0018333333333333333 0.01325
0 0.09033333333333333 0.864125 0.0016666666666666668 0.00925
