2 0.6029615004935834 0.4456618300266509 0.07936821322803554 0.054486230381995855
2 0.6979269496544916 0.5627776132662126 0.1686080947680158 0.06721942552561445
2 0.5264560710760119 0.5965353864376666 0.17788746298124383 0.0849866745632218
3 0.6256663376110563 0.29997038791827063 0.2771964461994077 0.3506070476754516
3 0.5267522211253702 0.7256440627776133 0.17926949654491608 0.3437962688777021
3 0.6928923988153998 0.7061000888362452 0.18736426456071076 0.3586023097423749
3 0.07818361303060217 0.6079360379034646 0.15636722606120435 0.42108380219129404
3 0.23504442250740376 0.6723423156647912 0.16604146100691017 0.378146283683743
3 0.8048371174728529 0.6344388510512289 0.16051332675222113 0.4456618300266509
3 0.8492596248766041 0.25259105715131774 0.17472852912142153 0.3494225644062778
3 0.11628825271470879 0.2588095943144803 0.17453109575518264 0.35889843055966836
3 0.38904244817374134 0.6453953212910868 0.1790720631786772 0.3426117856085283
3 0.3441263573543929 0.3035238377257921 0.29062191510365254 0.3618596387326029
3 0.9008884501480751 0.5307965649985193 0.1508390918065153 0.31003849570624814
