3 0.6736164736164736 0.5662715517241379 0.06126126126126126 0.17564655172413793
3 0.5546975546975547 0.42061781609195403 0.10604890604890604 0.1824712643678161
3 0.2187902187902188 0.5454382183908046 0.07104247104247104 0.14906609195402298
3 0.29446589446589444 0.4057112068965517 0.0761904761904762 0.16918103448275862
3 0.5442728442728443 0.585308908045977 0.0712998712998713 0.15481321839080459
3 0.6124839124839124 0.5763290229885057 0.06615186615186615 0.17349137931034483
3 0.15366795366795366 0.37517959770114945 0.05353925353925354 0.18498563218390804
3 0.18970398970398972 0.3917025862068966 0.0489060489060489 0.1584051724137931
3 0.44903474903474905 0.4191810344827586 0.10785070785070786 0.18318965517241378
3 0.23243243243243245 0.4014008620689655 0.05817245817245817 0.16343390804597702
3 0.6396396396396397 0.4141522988505747 0.0761904761904762 0.16594827586206898
3 0.706048906048906 0.4109195402298851 0.06486486486486487 0.17385057471264367
3 0.3630630630630631 0.4110991379310345 0.07593307593307594 0.16702586206896552
3 0.7498069498069498 0.40966235632183906 0.04942084942084942 0.15768678160919541
3 0.3344916344916345 0.5641163793103449 0.07335907335907337 0.18139367816091953
3 0.4036036036036036 0.5739942528735632 0.07001287001287002 0.1724137931034483
3 0.723037323037323 0.5574712643678161 0.04993564993564994 0.16522988505747127
3 0.4745173745173745 0.5759698275862069 0.07335907335907337 0.1598419540229885
3 0.2685971685971686 0.5506465517241379 0.06872586872586872 0.16020114942528735
