0 0.7316733683884936 0.32235621521335805 0.001546551190844417 0.0027829313543599257
0 0.7242499226724405 0.33070500927643787 0.010207237859573151 0.00927643784786642
3 0.6152180637179091 0.30565862708719854 0.019795855242808538 0.04730983302411874
3 0.7330652644602537 0.32560296846011133 0.03216826476956387 0.04452690166975881
0 0.6096504794308691 0.29707792207792205 0.007423445716053201 0.011595547309833023
0 0.6592947726569749 0.2940630797773655 0.0009279307145066501 0.0027829313543599257
0 0.6800185586142902 0.3033395176252319 0.001546551190844417 0.0027829313543599257
0 0.708320445406743 0.3179499072356215 0.0018558614290133002 0.002319109461966605
3 0.6558923600371173 0.312152133580705 0.03433343643674606 0.05380333951762523
3 0.6928549334982987 0.31934137291280146 0.040828951438292606 0.05241187384044527
3 0.7723476647077018 0.34183673469387754 0.041447571914630374 0.0575139146567718
3 0.6320754716981132 0.29707792207792205 0.017012063099288585 0.04220779220779221
3 0.8054438601917724 0.3592300556586271 0.03340550572223941 0.044990723562152134
0 0.7743581812557996 0.3469387755102041 0.02381688833900402 0.02504638218923933
0 0.6563563253943705 0.32838589981447125 0.008042066192390968 0.006493506493506494
0 0.737395607794618 0.3337198515769944 0.005567584287039901 0.008812615955473098
