3 0.6263461538461539 0.43508366993652625 0.04423076923076923 0.05654933641084824
3 0.6661538461538462 0.6061742642815926 0.026153846153846153 0.06289671090594345
3 0.605 0.6361800346220428 0.026153846153846153 0.0571263704558569
3 0.6567307692307692 0.5268320830929025 0.055 0.06924408540103866
3 0.6478846153846154 0.6154068090017311 0.025 0.06405077899596076
3 0.6359615384615385 0.4852856318522793 0.05576923076923077 0.0727062896710906
3 0.6709615384615385 0.5851125216387767 0.04115384615384615 0.06809001731102135
3 0.6696153846153846 0.5496249278707444 0.040769230769230766 0.05020196191575303
3 0.5442307692307692 0.6425274091171379 0.036923076923076927 0.05943450663589152
3 0.5769230769230769 0.6445470282746683 0.031538461538461536 0.06001154068090017
3 0.6267307692307692 0.6269474899019042 0.022692307692307692 0.06405077899596076
