3 0.4178647497337593 0.5513178913738019 0.05298189563365282 0.09225239616613419
3 0.34877529286474973 0.4770367412140575 0.045260915867944625 0.06429712460063898
3 0.4845580404685836 0.47543929712460065 0.08093716719914804 0.0762779552715655
3 0.5255591054313099 0.5513178913738019 0.05750798722044728 0.08506389776357827
3 0.33120340788072417 0.5327476038338658 0.04579339723109691 0.0950479233226837
3 0.3715388711395101 0.5449281150159745 0.04073482428115016 0.08346645367412141
3 0.4092119275825346 0.4702476038338658 0.07880724174653887 0.08586261980830671
3 0.47084664536741216 0.5511182108626198 0.05564430244941427 0.08945686900958466
3 0.5869275825346113 0.5467252396166135 0.06469648562300319 0.09185303514376997
0 0.481629392971246 0.47803514376996803 0.022896698615548456 0.036741214057507986
1 0.46991480298189564 0.4820287539936102 0.04739084132055378 0.05910543130990415
0 0.40228966986155484 0.47623801916932906 0.022364217252396165 0.045926517571884984
1 0.4130724174653887 0.47623801916932906 0.07002129925452609 0.07228434504792332
3 0.5513844515441959 0.4902156549520767 0.05750798722044728 0.04672523961661342
