3 0.4269499417927823 0.3328819068255688 0.24466433837795887 0.4826652221018418
3 0.8447807528133489 0.7724810400866738 0.23050058207217694 0.3959913326110509
0 0.8146100116414435 0.8821776814734561 0.021536670547147845 0.007583965330444204
1 0.6356228172293364 0.29983748645720476 0.1854870003880481 0.33206933911159264
1 0.8730112533954211 0.34764355362946914 0.19344198680636399 0.3003791982665222
3 0.6712262320527745 0.7471560130010835 0.1810244470314319 0.33125677139761645
3 0.866802483507955 0.3890845070422535 0.2629025999223904 0.41251354279523295
3 0.5313348855258052 0.6825568797399784 0.1363989134652697 0.3125677139761647
3 0.6434807916181606 0.3637594799566631 0.2815289095847885 0.4582881906825569
1 0.4022118742724098 0.27329360780065004 0.12301125339542103 0.2372697724810401
