3 0.7941468253968254 0.458994708994709 0.0916005291005291 0.14638447971781304
0 0.39814814814814814 0.4074074074074074 0.022486772486772486 0.015873015873015872
3 0.5200066137566137 0.6309523809523809 0.05720899470899471 0.05026455026455026
3 0.41716269841269843 0.5326278659611993 0.04927248677248677 0.0855379188712522
3 0.4626322751322751 0.5947971781305115 0.05092592592592592 0.06437389770723104
3 0.39814814814814814 0.4312169312169312 0.06878306878306878 0.11728395061728394
3 0.6949404761904762 0.6238977072310405 0.06514550264550265 0.04409171075837742
3 0.7562830687830688 0.5520282186948854 0.08002645502645503 0.10846560846560846
3 0.3958333333333333 0.3082010582010582 0.06944444444444445 0.1419753086419753
3 0.5740740740740741 0.6490299823633157 0.05423280423280423 0.043209876543209874
3 0.6314484126984127 0.6463844797178131 0.059854497354497355 0.043209876543209874
