1 0.24643320363164722 0.847255369928401 0.06744487678339818 0.11455847255369929
3 0.0933852140077821 0.5871121718377088 0.11673151750972763 0.24821002386634844
3 0.27691309987029833 0.46897374701670647 0.10765239948119326 0.31742243436754175
3 0.7055771725032426 0.7517899761336515 0.10376134889753567 0.28162291169451076
3 0.3333333333333333 0.8078758949880668 0.10894941634241245 0.3221957040572792
3 0.691958495460441 0.4821002386634845 0.11802853437094682 0.29594272076372313
3 0.5142671854734111 0.8245823389021479 0.09727626459143969 0.3031026252983294
3 0.1893644617380026 0.4498806682577566 0.08300907911802853 0.29832935560859186
3 0.7963683527885862 0.477326968973747 0.10894941634241245 0.30071599045346065
3 0.4286640726329442 0.7983293556085919 0.09727626459143969 0.2840095465393795
3 0.6134889753566797 0.8078758949880668 0.10894941634241245 0.31742243436754175
3 0.7957198443579766 0.7362768496420048 0.11284046692607004 0.24105011933174225
3 0.13488975356679636 0.4331742243436754 0.05966277561608301 0.24105011933174225
3 0.8482490272373541 0.6742243436754176 0.08819714656290532 0.18854415274463007
3 0.17769130998702984 0.7195704057279236 0.08300907911802853 0.24105011933174225
3 0.14007782101167315 0.662291169451074 0.07782101167315175 0.22195704057279236
3 0.41050583657587547 0.5023866348448688 0.16472114137483787 0.3269689737470167
3 0.5642023346303502 0.4964200477326969 0.1582360570687419 0.32935560859188545
3 0.8819714656290532 0.4451073985680191 0.08560311284046693 0.20763723150357996
1 0.7898832684824902 0.431980906921241 0.08560311284046693 0.2100238663484487
1 0.6180285343709468 0.9081145584725537 0.055771725032425425 0.0883054892601432
1 0.32684824902723736 0.8902147971360382 0.04928664072632944 0.11933174224343675
1 0.41050583657587547 0.4880668257756563 0.08949416342412451 0.18377088305489261
0 0.3028534370946822 0.545346062052506 0.011673151750972763 0.011933174224343675
1 0.30674448767833984 0.5620525059665871 0.042801556420233464 0.10739856801909307
0 0.5311284046692607 0.5155131264916468 0.014267185473411154 0.028639618138424822
0 0.5084306095979247 0.4821002386634845 0.020752269779507133 0.03341288782816229
1 0.5181582360570688 0.5011933174224343 0.06614785992217899 0.26252983293556087
0 0.7224383916990921 0.36873508353221957 0.0025940337224383916 0.011933174224343675
1 0.6802853437094682 0.4713603818615752 0.09208819714656291 0.2744630071599045
0 0.6861219195849546 0.36515513126491644 0.04928664072632944 0.05250596658711217
0 0.666018158236057 0.545346062052506 0.02204928664072633 0.06921241050119331
0 0.07717250324254216 0.6754176610978521 0.058365758754863814 0.07159904534606205
3 0.2457846952010376 0.7637231503579952 0.10765239948119326 0.324582338902148
