3 0.5999657651489216 0.6472527472527473 0.0328654570352619 0.13846153846153847
3 0.3325915782266347 0.4758241758241758 0.07120849024306744 0.16703296703296702
3 0.2681444710715508 0.6353479853479853 0.07206436152002739 0.1586080586080586
3 0.4949503594659363 0.48534798534798534 0.09397466621020198 0.2315018315018315
3 0.561622731941116 0.6756410256410257 0.06059568640876412 0.17472527472527472
3 0.4650804519000342 0.6688644688644688 0.06641561109209175 0.1978021978021978
3 0.5742040397124273 0.4796703296703297 0.08267716535433071 0.2230769230769231
3 0.5203697363916467 0.673992673992674 0.0609380349195481 0.1824175824175824
3 0.4109038000684697 0.48406593406593407 0.08678534748373845 0.2216117216117216
3 0.625299554946936 0.48003663003663005 0.04827114002054091 0.21355311355311354
3 0.21165696679219445 0.4597069597069597 0.062136254707292025 0.16117216117216118
3 0.20908935296131462 0.6126373626373627 0.07377610407394727 0.11538461538461539
3 0.2740499828825745 0.47234432234432233 0.06641561109209175 0.17912087912087912
3 0.15148921602191032 0.45915750915750914 0.06299212598425197 0.14102564102564102
3 0.3360150633344745 0.6648351648351648 0.07771311194796303 0.17655677655677657
3 0.40225950017117423 0.6681318681318681 0.0688120506675796 0.2
