3 0.17991593567251463 0.41036184210526316 0.09996345029239766 0.1337719298245614
3 0.44608918128654973 0.5951206140350878 0.06798245614035088 0.12280701754385964
3 0.4793494152046784 0.5926535087719298 0.06103801169590643 0.13815789473684212
3 0.38495979532163743 0.5849780701754386 0.07072368421052631 0.1299342105263158
3 0.09941520467836257 0.4166666666666667 0.07711988304093567 0.11239035087719298
3 0.3186220760233918 0.5779879385964912 0.07913011695906433 0.12362938596491228
3 0.4643640350877193 0.44764254385964913 0.09758771929824561 0.12774122807017543
3 0.5337171052631579 0.44174890350877194 0.05098684210526316 0.11924342105263158
3 0.36522295321637427 0.42283442982456143 0.1076388888888889 0.1367872807017544
3 0.23638523391812866 0.5582510964912281 0.09228801169590643 0.10882675438596491
3 0.5320723684210527 0.5944353070175439 0.05281432748538012 0.11705043859649122
3 0.2682748538011696 0.41707785087719296 0.08771929824561403 0.13898026315789475
3 0.1610014619883041 0.5231633771929824 0.08296783625730994 0.06387061403508772
3 0.5728252923976608 0.44366776315789475 0.04586988304093567 0.12198464912280702
