3 0.21844388469073608 0.31367713004484304 0.13182199832073888 0.2390134529147982
3 0.8551637279596978 0.7197309417040358 0.19227539882451722 0.2825112107623318
3 0.8944864259725721 0.8948430493273543 0.17240414217744193 0.2031390134529148
3 0.7202630842429331 0.2047085201793722 0.14021830394626364 0.18071748878923766
3 0.7919115589140778 0.3508968609865471 0.13014273719563393 0.23452914798206279
3 0.17310383431290233 0.48161434977578477 0.1418975650713686 0.19910313901345292
3 0.4263923873495662 0.11165919282511211 0.1670864819479429 0.20358744394618833
3 0.10593338930870418 0.827354260089686 0.16764623565631123 0.22062780269058296
0 0.9440246291631682 0.9354260089686098 0.018471872376154493 0.011659192825112108
3 0.8275958578225581 0.5334080717488789 0.14889448642597258 0.1923766816143498
3 0.2966694654352085 0.1937219730941704 0.14161768821718443 0.17937219730941703
3 0.5934788692975091 0.1141255605381166 0.16876574307304787 0.2031390134529148
3 0.1452560873215785 0.660762331838565 0.19143576826196473 0.2991031390134529
