3 0.6516666666666666 0.349 0.11266666666666666 0.116
3 0.5883333333333334 0.4643333333333333 0.09533333333333334 0.06666666666666667
3 0.7698333333333334 0.445 0.08766666666666667 0.10266666666666667
3 0.24166666666666667 0.3463333333333333 0.10266666666666667 0.10533333333333333
3 0.7588333333333334 0.3401666666666667 0.10833333333333334 0.10233333333333333
3 0.522 0.37383333333333335 0.16466666666666666 0.14366666666666666
3 0.4935 0.471 0.09633333333333334 0.07933333333333334
3 0.14433333333333334 0.33016666666666666 0.08733333333333333 0.09433333333333334
3 0.291 0.46116666666666667 0.10333333333333333 0.12833333333333333
3 0.3935 0.4766666666666667 0.10166666666666667 0.08
3 0.6821666666666667 0.45966666666666667 0.09633333333333334 0.08066666666666666
3 0.365 0.37766666666666665 0.15533333333333332 0.13933333333333334
3 0.20816666666666667 0.42916666666666664 0.10033333333333333 0.15166666666666667
