3 0.63690185546875 0.6169472913616398 0.1016845703125 0.19546120058565153
3 0.756103515625 0.3318081991215227 0.117431640625 0.17825768667642752
3 0.26666259765625 0.32027818448023426 0.0633544921875 0.1965592972181552
3 0.2672119140625 0.5969985358711567 0.087890625 0.16800878477306003
3 0.6634521484375 0.3380307467057101 0.083984375 0.17386530014641288
3 0.3414306640625 0.5727489019033675 0.08154296875 0.16782576866764276
3 0.22021484375 0.5459370424597365 0.079833984375 0.15739385065885797
3 0.6995849609375 0.5952598828696926 0.09228515625 0.19527818448023426
3 0.42657470703125 0.31863103953147875 0.1309814453125 0.20168374816983894
3 0.560302734375 0.5958089311859444 0.092529296875 0.17258418740849193
3 0.397216796875 0.5935212298682284 0.080078125 0.19436310395314788
3 0.5562744140625 0.3373901903367496 0.137451171875 0.19125183016105418
3 0.47650146484375 0.5947108345534406 0.0855712890625 0.1824670571010249
3 0.80029296875 0.5357796486090776 0.073486328125 0.14476573938506587
3 0.74761962890625 0.5766837481698389 0.0728759765625 0.16874084919472915
3 0.3306884765625 0.32457906295754024 0.07470703125 0.17368228404099562
3 0.24371337890625 0.5793374816983895 0.0853271484375 0.17697657393850658
