3 0.18516666666666667 0.314519906323185 0.055 0.1063231850117096
3 0.7025 0.5646370023419204 0.091 0.15503512880562062
3 0.21183333333333335 0.45128805620608897 0.06766666666666667 0.14379391100702577
3 0.2791666666666667 0.49227166276346607 0.11633333333333333 0.14426229508196722
3 0.2545 0.3524590163934426 0.08566666666666667 0.18313817330210772
3 0.4593333333333333 0.3728337236533958 0.13333333333333333 0.17236533957845435
3 0.7326666666666667 0.5245901639344263 0.09733333333333333 0.17049180327868851
3 0.402 0.5442622950819672 0.10533333333333333 0.18079625292740048
3 0.5821666666666667 0.3775175644028103 0.12966666666666668 0.19578454332552694
3 0.344 0.3620608899297424 0.09933333333333333 0.17892271662763465
3 0.5783333333333334 0.5711943793911007 0.094 0.18313817330210772
3 0.1585 0.4168618266978923 0.083 0.12740046838407496
3 0.7535 0.3559718969555035 0.08033333333333334 0.18922716627634661
3 0.49133333333333334 0.5697892271662763 0.09333333333333334 0.17283372365339578
3 0.6765 0.35386416861826697 0.08233333333333333 0.17096018735362997
3 0.639 0.5377049180327869 0.09066666666666667 0.18360655737704917
3 0.32516666666666666 0.5344262295081967 0.08566666666666667 0.1358313817330211
