3 0.40130285152409045 0.5286458333333334 0.05186823992133727 0.06129807692307692
3 0.6419616519174042 0.5701121794871795 0.036135693215339236 0.03926282051282051
0 0.5408062930186824 0.23217147435897437 0.034906588003933134 0.05248397435897436
3 0.5892330383480826 0.6256009615384616 0.028515240904621434 0.02123397435897436
3 0.5479351032448377 0.6330128205128205 0.0344149459193707 0.03205128205128205
3 0.39847590953785644 0.2770432692307692 0.035889872173058016 0.06850961538461539
3 0.630653883972468 0.2672275641025641 0.04056047197640118 0.06891025641025642
0 0.6532694198623402 0.5508814102564102 0.00663716814159292 0.010416666666666666
3 0.6458947885939036 0.5508814102564102 0.04006882989183874 0.036057692307692304
3 0.42416420845624386 0.6077724358974359 0.04105211406096362 0.04567307692307692
3 0.6590462143559489 0.28205128205128205 0.02999016715830875 0.055288461538461536
0 0.405850540806293 0.5809294871794872 0.0029498525073746312 0.002403846153846154
0 0.40916912487708945 0.5645032051282052 0.003687315634218289 0.00641025641025641
3 0.4327679449360865 0.2562099358974359 0.036135693215339236 0.045272435897435896
3 0.4110127826941986 0.5709134615384616 0.05014749262536873 0.041666666666666664
3 0.5909537856440511 0.24358974358974358 0.03883972468043265 0.049679487179487176
3 0.6579400196656834 0.5098157051282052 0.04695181907571288 0.05809294871794872
