3 0.4035016286644951 0.6085594989561587 0.06433224755700326 0.14321503131524008
3 0.3498914223669924 0.630062630480167 0.06080347448425624 0.15114822546972861
3 0.6605591748099892 0.611482254697286 0.06650380021715527 0.14906054279749478
3 0.7251628664495114 0.6183716075156577 0.03393051031487514 0.10271398747390396
3 0.5485884907709012 0.5883089770354906 0.08034744842562432 0.1302713987473904
3 0.614956568946797 0.5908141962421712 0.056731813246471224 0.09603340292275574
3 0.4214169381107492 0.7068893528183716 0.05456026058631922 0.05845511482254697
3 0.6598805646036916 0.7246346555323591 0.04125950054288816 0.044676409185803755
2 0.5009500542888164 0.6434237995824634 0.0247014115092291 0.031732776617954074
3 0.5214440825190011 0.7093945720250522 0.0499457111834962 0.07432150313152401
3 0.4747557003257329 0.6093945720250522 0.07871878393051031 0.14822546972860126
3 0.4713626492942454 0.7127348643006263 0.05238870792616721 0.06346555323590815
3 0.6191639522258415 0.7265135699373695 0.04505971769815418 0.044258872651356994
3 0.5700325732899023 0.7075156576200418 0.05591748099891422 0.08475991649269311
3 0.30768186753528776 0.6336116910229646 0.044245385450597176 0.11899791231732777
3 0.28203040173724214 0.6390396659707724 0.03474484256243214 0.09561586638830898
3 0.7024972855591748 0.6146137787056367 0.04343105320304017 0.12860125260960334
