3 0.6795918367346939 0.5594795539033457 0.07755102040816327 0.09293680297397769
0 0.4357142857142857 0.3550185873605948 0.018367346938775512 0.026022304832713755
3 0.2612244897959184 0.5297397769516728 0.0653061224489796 0.10780669144981413
3 0.16938775510204082 0.3847583643122677 0.04081632653061224 0.16728624535315986
3 0.35408163265306125 0.4423791821561338 0.0836734693877551 0.16356877323420074
3 0.2714285714285714 0.3940520446096654 0.08571428571428572 0.17100371747211895
3 0.45510204081632655 0.4349442379182156 0.11020408163265306 0.20074349442379183
3 0.46530612244897956 0.5631970260223048 0.06938775510204082 0.11524163568773234
3 0.20918367346938777 0.3847583643122677 0.05510204081632653 0.16728624535315986
3 0.8071428571428572 0.4033457249070632 0.05510204081632653 0.16728624535315986
3 0.39591836734693875 0.5427509293680297 0.07346938775510205 0.13382899628252787
3 0.536734693877551 0.5539033457249071 0.06938775510204082 0.1412639405204461
3 0.576530612244898 0.43308550185873607 0.11632653061224489 0.22676579925650558
3 0.7438775510204082 0.550185873605948 0.05918367346938776 0.13382899628252787
3 0.6061224489795919 0.5390334572490706 0.07346938775510205 0.12639405204460966
3 0.32346938775510203 0.5315985130111525 0.07142857142857142 0.12639405204460966
3 0.8428571428571429 0.3940520446096654 0.036734693877551024 0.16356877323420074
3 0.7581632653061224 0.42936802973977695 0.0673469387755102 0.16728624535315986
3 0.6775510204081633 0.44423791821561337 0.08979591836734693 0.1821561338289963
3 0.2153061224489796 0.516728624535316 0.05510204081632653 0.09665427509293681
