3 0.21929824561403508 0.4293785310734463 0.10175438596491228 0.3502824858757062
3 0.5807017543859649 0.4519774011299435 0.15087719298245614 0.3389830508474576
3 0.7052631578947368 0.4576271186440678 0.10526315789473684 0.3050847457627119
3 0.49122807017543857 0.6779661016949152 0.09824561403508772 0.1694915254237288
3 0.3894736842105263 0.6694915254237288 0.10526315789473684 0.1751412429378531
3 0.8929824561403509 0.6016949152542372 0.08070175438596491 0.1977401129943503
3 0.16140350877192983 0.4124293785310734 0.07719298245614035 0.2824858757062147
3 0.8192982456140351 0.6610169491525424 0.08771929824561403 0.1807909604519774
3 0.7210526315789474 0.6779661016949152 0.12280701754385964 0.22598870056497175
3 0.30701754385964913 0.4378531073446328 0.10877192982456141 0.3107344632768362
3 0.20350877192982456 0.6468926553672316 0.07719298245614035 0.1977401129943503
3 0.8157894736842105 0.4124293785310734 0.11578947368421053 0.3728813559322034
3 0.6035087719298246 0.6807909604519774 0.09824561403508772 0.15254237288135594
3 0.9192982456140351 0.384180790960452 0.08421052631578947 0.3163841807909605
3 0.28771929824561404 0.6497175141242938 0.0912280701754386 0.15819209039548024
3 0.43157894736842106 0.4491525423728814 0.14736842105263157 0.3446327683615819
