3 0.8943865740740741 0.33984375 0.05304783950617284 0.15306712962962962
3 0.057484567901234566 0.3705150462962963 0.05246913580246913 0.12876157407407407
3 0.5749421296296297 0.28877314814814814 0.1440972222222222 0.22743055555555555
3 0.8125964506172839 0.2638888888888889 0.12094907407407407 0.24189814814814814
3 0.1935763888888889 0.4986979166666667 0.08892746913580248 0.17158564814814814
3 0.4356674382716049 0.46412037037037035 0.09047067901234568 0.11863425925925926
0 0.19126157407407407 0.5153356481481481 0.0028935185185185184 0.004629629629629629
3 0.8910108024691358 0.4487847222222222 0.06597222222222222 0.1076388888888889
3 0.34616126543209874 0.45109953703703703 0.08777006172839506 0.1394675925925926
0 0.7192322530864198 0.4175347222222222 0.0028935185185185184 0.003472222222222222
3 0.7189429012345679 0.44386574074074076 0.09683641975308642 0.1892361111111111
3 0.8010223765432098 0.44994212962962965 0.0785108024691358 0.18113425925925927
3 0.19637345679012347 0.3229166666666667 0.11882716049382716 0.22337962962962962
3 0.26967592592592593 0.4791666666666667 0.09683641975308642 0.17824074074074073
3 0.8645833333333334 0.31655092592592593 0.0628858024691358 0.17824074074074073
3 0.5258487654320988 0.4542824074074074 0.09143518518518519 0.12152777777777778
0 0.12760416666666666 0.5364583333333334 0.0036651234567901233 0.005787037037037037
3 0.4304591049382716 0.30005787037037035 0.14679783950617284 0.21875
3 0.3041087962962963 0.3191550925925926 0.11747685185185185 0.18344907407407407
3 0.09326774691358025 0.3815104166666667 0.051118827160493825 0.14149305555555555
3 0.1345486111111111 0.4984085648148148 0.04147376543209876 0.13802083333333334
3 0.6203703703703703 0.4401041666666667 0.10493827160493827 0.15914351851851852
3 0.6981095679012346 0.2934027777777778 0.11342592592592593 0.19502314814814814
3 0.09326774691358025 0.4839409722222222 0.05922067901234568 0.1154513888888889
3 0.12962962962962962 0.3638599537037037 0.07175925925925926 0.1646412037037037
0 0.06847993827160494 0.4791666666666667 0.003472222222222222 0.005208333333333333
3 0.8532021604938271 0.46108217592592593 0.04050925925925926 0.1519097222222222
