0 0.5839951657458563 0.30088037286380115 0.010531767955801106 0.06369756602796478
0 0.7070096685082873 0.2924650440186432 0.029696132596685083 0.03495598135680994
0 0.42420580110497236 0.29466597617814605 0.008977900552486187 0.00983946141895391
0 0.45148480662983426 0.34722941481097874 0.004834254143646409 0.0072501294665976174
0 0.7280732044198895 0.3350595546349042 0.0051795580110497235 0.026929052304505437
0 0.6660911602209945 0.27097358881408595 0.0055248618784530384 0.026670119109269808
0 0.6737741712707183 0.35758674262040396 0.007424033149171271 0.02019678922837908
3 0.512085635359116 0.29466597617814605 0.08252762430939227 0.11496633868461936
0 0.6500345303867403 0.26372345934748836 0.006215469613259668 0.013723459347488347
3 0.4200621546961326 0.3328586224754013 0.07596685082872928 0.1214396685655101
1 0.6523653314917127 0.2862506473329881 0.012603591160220995 0.07224236147074055
3 0.6253453038674033 0.2979026411185914 0.09461325966850828 0.10849300880372864
3 0.7114986187845304 0.34256861729673743 0.0856353591160221 0.13619886069394097
0 0.6519337016574586 0.280036250647333 0.004488950276243094 0.016830657690315897
0 0.6901761049723757 0.3252200932159503 0.016056629834254144 0.03469704816157431
1 0.7037292817679558 0.31447436561367165 0.0555939226519337 0.08001035732780942
0 0.38544544198895025 0.33467115484205073 0.006388121546961326 0.017866390471258417
0 0.4242921270718232 0.3891765924391507 0.0081146408839779 0.008285862247540134
0 0.39986187845303867 0.3716986017607457 0.017955801104972375 0.033402382185396165
