3 0.6790771484375 0.2962239583333333 0.038818359375 0.0546875
3 0.4964599609375 0.2908528645833333 0.038818359375 0.043294270833333336
3 0.4615478515625 0.3841145833333333 0.051025390625 0.06315104166666667
3 0.6234130859375 0.2967122395833333 0.069580078125 0.09016927083333333
3 0.457275390625 0.3103841145833333 0.044921875 0.0615234375
3 0.6614990234375 0.36376953125 0.040771484375 0.07649739583333333
3 0.557861328125 0.3115234375 0.06982421875 0.07877604166666667
3 0.499267578125 0.3951822916666667 0.03076171875 0.052734375
3 0.7215576171875 0.2770182291666667 0.036376953125 0.042317708333333336
3 0.577392578125 0.3821614583333333 0.04638671875 0.07421875
3 0.7152099609375 0.3528645833333333 0.047119140625 0.07421875
3 0.53466796875 0.3846028645833333 0.0458984375 0.06998697916666667
3 0.6220703125 0.376953125 0.04736328125 0.076171875
0 0.50732421875 0.2890625 0.00830078125 0.01171875
1 0.4630126953125 0.3097330729166667 0.027587890625 0.047200520833333336
