3 0.4681666666666667 0.628 0.049 0.073
0 0.497 0.411 0.005333333333333333 0.029
3 0.49916666666666665 0.4945 0.06766666666666667 0.115
3 0.5023333333333333 0.397 0.06466666666666666 0.098
3 0.4816666666666667 0.56875 0.052 0.0835
3 0.43566666666666665 0.661 0.04466666666666667 0.051
0 0.47533333333333333 0.385 0.004666666666666667 0.006
0 0.5055 0.48725 0.003 0.0035
0 0.5041666666666667 0.469 0.001 0.003
0 0.49083333333333334 0.48575 0.0036666666666666666 0.0025
0 0.498 0.50275 0.004666666666666667 0.0115
0 0.5081666666666667 0.49425 0.003 0.0045
0 0.5045 0.47975 0.0023333333333333335 0.0045
0 0.49983333333333335 0.491 0.0016666666666666668 0.003
0 0.5005 0.3875 0.011 0.014
0 0.5121666666666667 0.4755 0.0023333333333333335 0.003
0 0.5038333333333334 0.46 0.001 0.005
