3 0.7206858407079646 0.3121972071815332 0.07234513274336284 0.10629809062410943
3 0.4415929203539823 0.32103163294385867 0.11238938053097346 0.13935594186377886
3 0.2809734513274336 0.5404673696209746 0.08053097345132744 0.13878597891137076
3 0.3917035398230089 0.5649757765745227 0.0758849557522124 0.13707609005414648
3 0.3288716814159292 0.5655457395269308 0.06305309734513274 0.16044457110287833
3 0.7204646017699115 0.5510116842405244 0.06836283185840708 0.13080649757765744
3 0.34668141592920354 0.3074950128241664 0.08805309734513274 0.11855229410088344
3 0.7758849557522124 0.3174693644913081 0.046460176991150445 0.08663436876603021
3 0.27311946902654866 0.31504702194357365 0.0670353982300885 0.11598746081504702
3 0.7535398230088496 0.5142490738102024 0.06902654867256637 0.11313764605300655
3 0.6453539823008849 0.30948988315759474 0.0831858407079646 0.1225420347677401
3 0.24480088495575222 0.5071245369051012 0.07853982300884955 0.11826731262467939
3 0.5993362831858408 0.5772299800512967 0.07389380530973451 0.15759475634083783
3 0.5515486725663716 0.32231404958677684 0.11238938053097346 0.14648047876888
3 0.5307522123893805 0.5874893131946424 0.07123893805309735 0.1427757195782274
3 0.22223451327433627 0.31333713308634936 0.04402654867256637 0.08634938728982616
3 0.4611725663716814 0.573382730122542 0.06924778761061946 0.13793103448275862
3 0.6584070796460177 0.5681105728127672 0.06460176991150443 0.14961527500712454
