3 0.19558333333333333 0.6 0.11983333333333333 0.1755
3 0.8478333333333333 0.91525 0.14966666666666667 0.169
3 0.45841666666666664 0.293625 0.0785 0.13325
3 0.17325 0.784625 0.1685 0.25275
3 0.3055833333333333 0.33425 0.09116666666666666 0.161
3 0.7014166666666667 0.4485 0.10883333333333334 0.17
3 0.74 0.593375 0.13 0.17225
3 0.5324166666666666 0.3065 0.0875 0.132
3 0.6139166666666667 0.35075 0.0845 0.1445
3 0.377 0.300125 0.08833333333333333 0.15525
3 0.7506666666666667 0.901625 0.15533333333333332 0.15825
3 0.7483333333333333 0.75175 0.131 0.1795
3 0.24308333333333335 0.46125 0.11083333333333334 0.174
