3 0.7712187678809842 0.17167381974248927 0.06275033377837116 0.18941344778254648
3 0.6861529658592409 0.46452074391988557 0.09670036238794583 0.14163090128755365
3 0.6153919511729926 0.2067238912732475 0.09898912836162502 0.20915593705293276
3 0.696357047491894 0.18483547925608013 0.08849895098226207 0.20429184549356222
3 0.3950028609574671 0.23848354792560802 0.12511920656112913 0.18340486409155937
3 0.5323288193782186 0.5024320457796853 0.0781995041007057 0.1396280400572246
3 0.8278657257295442 0.16609442060085836 0.050925042914362006 0.1759656652360515
3 0.22019835971771887 0.25908440629470675 0.07228685866870113 0.2
3 0.5918367346938775 0.48297567954220316 0.09689109288575243 0.17796852646638053
3 0.5162120923135609 0.2363376251788269 0.12416555407209613 0.2094420600858369
3 0.296299828342552 0.25622317596566524 0.09593744039671943 0.2017167381974249
