3 0.6642825704225352 0.6206963249516441 0.0644806338028169 0.14661508704061896
3 0.2641945422535211 0.5684719535783366 0.051276408450704226 0.10638297872340426
3 0.6350132042253521 0.45241779497098644 0.06888204225352113 0.20386847195357832
3 0.6013424295774648 0.6292069632495164 0.0684419014084507 0.16131528046421664
3 0.34110915492957744 0.6110251450676982 0.06778169014084508 0.14816247582205028
3 0.24845950704225353 0.4284332688588008 0.04005281690140845 0.172147001934236
3 0.29192341549295775 0.5961315280464217 0.05039612676056338 0.11295938104448743
3 0.3614656690140845 0.4435203094777563 0.07152288732394366 0.19690522243713732
3 0.742737676056338 0.4462282398452611 0.04181338028169014 0.19148936170212766
3 0.40371919014084506 0.6216634429400387 0.06404049295774648 0.15087040618955513
3 0.29775528169014087 0.43268858800773696 0.06294014084507042 0.2170212765957447
3 0.5349911971830986 0.6305609284332688 0.0664612676056338 0.15241779497098645
3 0.4475132042253521 0.4553191489361702 0.10453345070422536 0.21586073500967118
3 0.551606514084507 0.45589941972920695 0.10409330985915492 0.218568665377176
3 0.6972931338028169 0.4471953578336557 0.06183978873239437 0.22591876208897485
3 0.468199823943662 0.6276595744680851 0.0684419014084507 0.1528046421663443
3 0.2205105633802817 0.43133462282398455 0.02420774647887324 0.1539651837524178
3 0.7710167253521126 0.45241779497098644 0.03411091549295775 0.14274661508704062
