1 0.42800245098039214 0.4446486928104575 0.016544117647058824 0.027369281045751634
3 0.4456188725490196 0.5234885620915033 0.043198529411764705 0.08946078431372549
3 0.4068627450980392 0.5410539215686274 0.04534313725490196 0.08047385620915033
3 0.49172794117647056 0.5302287581699346 0.06004901960784314 0.0857843137254902
3 0.5494791666666666 0.5349264705882353 0.057291666666666664 0.07148692810457516
3 0.47732843137254904 0.4266748366013072 0.0821078431372549 0.11805555555555555
3 0.41590073529411764 0.4325980392156863 0.040747549019607844 0.058823529411764705
3 0.5721507352941176 0.43790849673202614 0.08425245098039216 0.0923202614379085
3 0.6453737745098039 0.4193218954248366 0.05116421568627451 0.05923202614379085
3 0.6484375 0.5296160130718954 0.05116421568627451 0.07312091503267974
3 0.6946997549019608 0.43218954248366015 0.048100490196078434 0.07352941176470588
1 0.6358762254901961 0.4258578431372549 0.030330882352941176 0.03227124183006536
0 0.6393995098039216 0.42626633986928103 0.02144607843137255 0.025735294117647058
3 0.3903186274509804 0.4609885620915033 0.04534313725490196 0.07802287581699346
3 0.6003370098039216 0.5106209150326797 0.06158088235294118 0.07679738562091504
