3 0.5835619855325518 0.6955211889937738 0.14766774756797207 0.22092789716810604
3 0.31815914193065603 0.6805583450492066 0.12846096283362435 0.2837919260895762
3 0.8800199551010227 0.7014460735087367 0.12995759541032675 0.32797750552319743
3 0.1939386380643552 0.6782486443060856 0.13893739087054127 0.2904197630046194
3 0.4439386380643552 0.6698132155051215 0.1263407333499626 0.2462341835709982
3 0.925230730855575 0.35177746535448884 0.14928909952606634 0.43201446073508737
3 0.054315290596158645 0.3797951395862623 0.10713394861561487 0.3968668407310705
3 0.36455475180843105 0.3712592890138582 0.23871289598403592 0.4452701345651737
3 0.183711648790222 0.3787909218718618 0.16512846096283362 0.39204659570194816
3 0.06759790471439261 0.6983329985940951 0.13519580942878523 0.3683470576420968
3 0.6045148416063856 0.3651335609560153 0.24444998752806185 0.4522996585659771
3 0.7886630082314792 0.3623217513556939 0.16500374158144177 0.40449889536051414
3 0.7448241456722374 0.6923076923076923 0.172362185083562 0.32054629443663385
