3 0.5637297579662197 0.6739357534604336 0.08131638516454814 0.12300861843823453
3 0.3020198502524813 0.4834160355184121 0.08375413546926694 0.18333768607991643
3 0.3319693539961692 0.6791590493601463 0.08340588542573568 0.13136589187777487
3 0.6304196413024552 0.6663619744058501 0.06460038307504788 0.1010707756594411
3 0.7583144697893087 0.5335596761556542 0.06372975796621974 0.16610080961086446
3 0.6424342678042835 0.4894228258030817 0.07504788438098554 0.17184643510054845
3 0.40919380114922516 0.6906503003395142 0.08741076092634512 0.12300861843823453
3 0.49399268674908586 0.6928702010968921 0.0867142608392826 0.11386785061373726
3 0.5418770677346335 0.4695743013841734 0.13512101689012712 0.21624445024810657
3 0.1588890823611353 0.5049621311047271 0.057635382204422776 0.1830765212849308
3 0.22331534041441756 0.4900757377905458 0.08375413546926694 0.23008618438234527
3 0.26432178304022286 0.6804648733350744 0.07487375935921992 0.08696787673021676
3 0.4077137384642173 0.4676155654217811 0.13773289221661153 0.2107599895534082
3 0.7116489639561205 0.5130582397492818 0.07626675953334494 0.20867067119352312
