3 0.448969414893617 0.521 0.0694813829787234 0.117
3 0.5064827127659575 0.53175 0.06349734042553191 0.1095
3 0.6863364361702128 0.2695 0.09275265957446809 0.141
3 0.620345744680851 0.47325 0.07779255319148937 0.1195
3 0.6584109042553191 0.37725 0.08211436170212766 0.1365
3 0.5634973404255319 0.5165 0.06582446808510638 0.101
3 0.30169547872340424 0.2585 0.0728058510638298 0.113
3 0.3279587765957447 0.35275 0.08211436170212766 0.1345
3 0.35771276595744683 0.45075 0.07380319148936171 0.1265
3 0.39228723404255317 0.50725 0.07579787234042554 0.1085
0 0.29072473404255317 0.31025 0.005651595744680851 0.0065
