3 0.5844566993464052 0.5346200980392157 0.09701797385620915 0.0974264705882353
3 0.24397467320261437 0.5620404411764706 0.06229575163398693 0.16819852941176472
3 0.31117238562091504 0.5451899509803921 0.07822712418300654 0.09895833333333333
3 0.7120098039215687 0.5047487745098039 0.16380718954248366 0.10508578431372549
3 0.6598243464052288 0.44715073529411764 0.09620098039215687 0.10508578431372549
3 0.5632148692810458 0.4459252450980392 0.0974264705882353 0.15410539215686275
3 0.49172794117647056 0.5393688725490197 0.09497549019607843 0.13143382352941177
3 0.4488357843137255 0.42769607843137253 0.10886437908496732 0.20036764705882354
3 0.7730800653594772 0.42202818627450983 0.13684640522875818 0.11856617647058823
3 0.29095179738562094 0.43903186274509803 0.06025326797385621 0.18566176470588236
3 0.39133986928104575 0.5556066176470589 0.08946078431372549 0.14981617647058823
3 0.3530433006535948 0.43596813725490197 0.088031045751634 0.15257352941176472
