3 0.49189470553242115 0.6133422579205712 0.057555026769779895 0.14814814814814814
3 0.8084473527662106 0.6508255243195002 0.10826888756692445 0.2182061579651941
3 0.6104997025580012 0.6319723337795627 0.07822724568709102 0.19388665774207942
3 0.44839381320642474 0.6157965194109772 0.04134443783462225 0.15439535921463632
3 0.8851130279595479 0.44031682284694335 0.11555621653777513 0.24788041053101295
3 0.9676531826293873 0.4680946006247211 0.06439619274241523 0.2213297634984382
3 0.5614217727543129 0.41577420794288267 0.12284354550862582 0.27643908969210174
3 0.544913741820345 0.6305220883534136 0.0660321237358715 0.16688978134761268
3 0.7014425936942297 0.6304105310129406 0.11436644854253421 0.24118697010263276
3 0.9156008328375966 0.643128067826863 0.11555621653777513 0.16086568496207052
3 0.6626264128494943 0.4254796965640339 0.11258179654967282 0.23694779116465864
3 0.7727543129089828 0.42938420348058903 0.12581796549672813 0.2697456492637216
3 0.46058893515764426 0.40818830879071843 0.09339678762641285 0.2777777777777778
