3 0.7529411764705882 0.5859030837004405 0.08823529411764706 0.18502202643171806
3 0.7294117647058823 0.4118942731277533 0.07058823529411765 0.23348017621145375
0 0.7705882352941177 0.6519823788546255 0.03529411764705882 0.04405286343612335
0 0.6588235294117647 0.29515418502202645 0.01764705882352941 0.01762114537444934
0 0.6779411764705883 0.7026431718061674 0.020588235294117647 0.022026431718061675
0 0.7382352941176471 0.32599118942731276 0.01764705882352941 0.03524229074889868
0 0.65 0.31057268722466963 0.03529411764705882 0.030837004405286344
3 0.3514705882352941 0.6828193832599119 0.10294117647058823 0.15859030837004406
3 0.21470588235294116 0.5066079295154186 0.1588235294117647 0.24669603524229075
3 0.09264705882352942 0.4933920704845815 0.09705882352941177 0.22026431718061673
3 0.7970588235294118 0.394273127753304 0.08235294117647059 0.21585903083700442
3 0.3779411764705882 0.4801762114537445 0.15588235294117647 0.28193832599118945
3 0.175 0.6651982378854625 0.07941176470588235 0.14977973568281938
3 0.2529411764705882 0.6740088105726872 0.1 0.1762114537444934
3 0.5617647058823529 0.6431718061674009 0.11764705882352941 0.2555066079295154
3 0.45 0.6343612334801763 0.10588235294117647 0.2026431718061674
3 0.6588235294117647 0.6123348017621145 0.11176470588235295 0.2026431718061674
3 0.6205882352941177 0.4185022026431718 0.15294117647058825 0.27312775330396477
3 0.09558823529411764 0.6784140969162996 0.09705882352941177 0.2026431718061674
