0 0.6230833333333333 0.29275 0.0095 0.019
0 0.807 0.46225 0.05 0.186
0 0.7199166666666666 0.51575 0.018833333333333334 0.017
1 0.6413333333333333 0.322375 0.159 0.18075
0 0.7005 0.529875 0.020666666666666667 0.01825
0 0.5964166666666667 0.297625 0.024166666666666666 0.03025
0 0.39366666666666666 0.431625 0.08466666666666667 0.06875
1 0.3948333333333333 0.386375 0.09133333333333334 0.10325
0 0.69875 0.27225 0.0365 0.0335
0 0.5919166666666666 0.348875 0.05483333333333333 0.10375
3 0.6736666666666666 0.3975 0.224 0.34
3 0.44808333333333333 0.46975 0.21683333333333332 0.297
2 0.7281666666666666 0.531375 0.09666666666666666 0.07075
3 0.8655833333333334 0.45775 0.1845 0.35
3 0.18675 0.493 0.24216666666666667 0.3235
