3 0.7762288013797068 0.44288259750544445 0.03707962058062662 0.10017818253811127
3 0.37683242311008913 0.6103741833300337 0.07387180224202357 0.09146703623044941
3 0.35304685254383444 0.4847554939615918 0.08350100603621731 0.1783805187091665
3 0.7442512216154067 0.4554543654721837 0.04670882437482035 0.11700653335973074
3 0.5927709111813739 0.6135418728964561 0.0740155217016384 0.10255394971292814
3 0.20515952860017247 0.43397347059988123 0.033774073009485484 0.11284894080380123
3 0.22549583213567118 0.5547416353197386 0.03363035354987065 0.1156206691744209
3 0.6432883012359873 0.4850524648584439 0.0744466800804829 0.167887547020392
3 0.7017821212992239 0.47079786180954264 0.061224489795918366 0.14254603048901207
3 0.3096435757401552 0.5920609780241536 0.06395515952860018 0.1051276974856464
3 0.5212704800229951 0.6257176796673926 0.07415924116125323 0.08612156008711146
3 0.753808565679793 0.5559295189071471 0.032480597872951995 0.11601663037022372
3 0.44818913480885314 0.630568204315977 0.0731532049439494 0.07879627796475945
3 0.23929290025869504 0.45337556919421895 0.04800229951135384 0.13185507820233616
3 0.6614688128772636 0.5923579489210058 0.06999137683242311 0.11364086319540685
3 0.5563380281690141 0.4997030291031479 0.11066398390342053 0.19045733518115224
3 0.29124748490945673 0.47050089091269054 0.07775222765162403 0.14987131261136408
3 0.7157229088818626 0.5709760443476539 0.05605058924978442 0.14017026331419521
3 0.44517102615694165 0.5044545634527816 0.11483184823225065 0.18095426648188478
3 0.2580482897384306 0.572955850326668 0.04498419085944237 0.12195604830726589
