3 0.2771958838662257 0.4691289966923925 0.024807056229327454 0.14112458654906285
3 0.6594083057699375 0.6112183020948181 0.055310547592796765 0.1579382579933848
3 0.5415288496876148 0.6300992282249173 0.06468210216832047 0.11521499448732084
3 0.4102352076442484 0.6289966923925028 0.06045571481073135 0.13836824696802646
3 0.7058985667034179 0.6061190738699008 0.04832782065417126 0.1378169790518192
3 0.7147188533627343 0.46926681367144435 0.029217199558985666 0.14911797133406834
3 0.5543917677324514 0.5011025358324146 0.0874678427048879 0.16979051819184124
3 0.6041896361631753 0.6241730981256891 0.06137449467107681 0.1358875413450937
3 0.6246784270488791 0.49310915104740904 0.06560088202866593 0.15490628445424476
3 0.4675670709298052 0.5028941565600882 0.08875413450937156 0.17282249173098127
3 0.7437522969496508 0.5913726571113561 0.049797868430724 0.12486218302094818
3 0.2543182653436237 0.4722987872105843 0.028298419698640206 0.10997794928335171
3 0.3052186696067622 0.6054299889746417 0.05181918412348401 0.1408489525909592
3 0.34095920617420067 0.48249724366041896 0.056045571481073135 0.1651047409040794
3 0.677140757074605 0.4785005512679162 0.05475927967658949 0.16482910694597575
3 0.2635979419331128 0.5930264608599779 0.056045571481073135 0.1358875413450937
3 0.3945240720323411 0.4955898566703418 0.06651966188901139 0.15766262403528114
3 0.3518008085262771 0.6203142227122381 0.057515619257625876 0.1667585446527012
3 0.30099228224917307 0.4724366041896362 0.034178610804851156 0.14332965821389196
3 0.47565233370084525 0.6378169790518192 0.06560088202866593 0.11742006615214995
