3 0.2295880149812734 0.5334498252621068 0.09063670411985018 0.11732401397903146
1 0.6531835205992509 0.42236645032451325 0.03220973782771536 0.06090863704443335
3 0.4297752808988764 0.54717923115327 0.0647940074906367 0.1038442336495257
3 0.33632958801498125 0.42336495257114326 0.07940074906367041 0.05791313030454318
3 0.2966292134831461 0.553419870194708 0.06816479400749063 0.127309036445332
1 0.4110486891385768 0.43160259610584123 0.058801498127340826 0.08936595107338992
1 0.5230337078651686 0.42086869695456813 0.0850187265917603 0.08587119321018473
3 0.5230337078651686 0.44308537194208686 0.0850187265917603 0.12830753869196207
3 0.3692883895131086 0.5486769845232152 0.06666666666666667 0.1108337493759361
3 0.6440074906367041 0.42636045931103345 0.058801498127340826 0.090863704443335
3 0.597940074906367 0.5381927109335995 0.043820224719101124 0.11183225162256615
3 0.25205992509363295 0.4221168247628557 0.07865168539325842 0.09335996005991014
3 0.550936329588015 0.5464303544682976 0.050187265917602995 0.09735396904643036
3 0.42677902621722846 0.43959061407888167 0.09176029962546817 0.12830753869196207
3 0.4941947565543071 0.544682975536695 0.06179775280898876 0.1018472291562656
