3 0.8049768518518519 0.5007233796296297 0.11766975308641975 0.16001157407407407
3 0.5054012345679012 0.7052951388888888 0.04398148148148148 0.10734953703703703
3 0.41435185185185186 0.4513888888888889 0.06597222222222222 0.2048611111111111
3 0.7149884259259259 0.7316261574074074 0.10320216049382716 0.09866898148148148
3 0.47723765432098764 0.4691840277777778 0.10262345679012345 0.2126736111111111
3 0.5654899691358025 0.4754050925925926 0.11207561728395062 0.2013888888888889
3 0.6821952160493827 0.4832175925925926 0.13290895061728394 0.2019675925925926
3 0.6183449074074074 0.7355324074074074 0.08468364197530864 0.08796296296296297
3 0.9116512345679012 0.4908854166666667 0.11188271604938271 0.13975694444444445
3 0.5501543209876543 0.7256944444444444 0.057484567901234566 0.0798611111111111
