3 0.3258171286719073 0.4730065156686317 0.059164253206454284 0.1448960595718275
3 0.5367190732312784 0.4626124728513807 0.09081505999172527 0.10735339745578654
3 0.6252585850227554 0.5561588582066398 0.04530409598676045 0.10145826869376358
3 0.5317542407943732 0.5510394042817252 0.06226727347952007 0.07632640397145517
3 0.5851261894911046 0.5482469748681352 0.06102606537029375 0.08997828110456096
3 0.2830988829127017 0.48836487744337576 0.04282167976830782 0.13093391250387837
3 0.4744517997517584 0.55150480918399 0.05357881671493587 0.08594477195159789
3 0.44724865535788166 0.4650946323301272 0.09102192800992967 0.10549177784672666
3 0.6117087298303682 0.45563139931740615 0.07074886222589988 0.10828420726031647
3 0.37339677285891604 0.46106112317716413 0.07116259826230864 0.10921501706484642
3 0.3723624327678941 0.5552280484021098 0.05213074058750517 0.11511014582686938
3 0.6689077368638808 0.45842382873099596 0.06350848158874638 0.12627986348122866
3 0.4224244931733554 0.5555383183369531 0.063301613570542 0.084083152342538
3 0.31702523789822096 0.5798945082221533 0.06268100951592884 0.09928637914986038
