0 0.3448100407055631 0.42929806714140384 0.02408412483039349 0.04170905391658189
0 0.3519335142469471 0.392675483214649 0.013907734056987787 0.023397761953204477
1 0.3358208955223881 0.44125127161749744 0.051560379918588875 0.15513733468972532
0 0.26848710990502034 0.42065106815869785 0.006445047489823609 0.03662258392675483
0 0.255427408412483 0.42878942014242116 0.004070556309362279 0.015259409969481181
1 0.2645861601085482 0.41683621566632756 0.014925373134328358 0.07985757884028484
3 0.3093622795115332 0.43463886063072227 0.10515603799185888 0.18972533062054933
3 0.2098032564450475 0.43641912512716174 0.0980325644504749 0.25127161749745675
0 0.6406037991858887 0.4910986775178026 0.0023744911804613297 0.005595116988809766
1 0.42672998643147897 0.378942014242116 0.13297150610583447 0.18006103763987794
0 0.6294097693351425 0.4331129196337742 0.007801899592944369 0.009664292980671414
0 0.6014246947082768 0.41378433367243134 0.017639077340569877 0.02187182095625636
0 0.7298168249660787 0.49643947100712105 0.015264586160108548 0.048830111902339775
3 0.6311058344640434 0.7555951169888098 0.09599728629579375 0.11749745676500509
3 0.2973202170963365 0.7021871820956256 0.08310719131614654 0.1347914547304171
3 0.5542740841248304 0.42497456765005087 0.13025780189959293 0.2446592065106816
1 0.5549525101763908 0.3878433367243133 0.12890094979647218 0.1693794506612411
1 0.6372116689280869 0.443794506612411 0.05257801899592944 0.10122075279755849
0 0.6373812754409769 0.4443031536113937 0.052917232021709636 0.10122075279755849
3 0.7043758480325645 0.7540691759918616 0.062075983717774764 0.08799593082400814
3 0.4626865671641791 0.731943031536114 0.08819538670284939 0.12919633774160733
3 0.8378561736770692 0.5541709053916581 0.07598371777476255 0.19888097660223805
0 0.5547829036635007 0.387589013224822 0.12924016282225237 0.1698880976602238
3 0.5469810040705563 0.7416073245167853 0.08717774762550883 0.1373346897253306
3 0.3777137042062415 0.7255849440488301 0.08853459972862958 0.1368260427263479
3 0.6689280868385346 0.47787385554425227 0.11397557666214382 0.1948118006103764
3 0.7617028493894166 0.5068667344862665 0.10074626865671642 0.23652085452695829
3 0.4257123473541384 0.4069175991861648 0.1350067842605156 0.2380467955239064
