3 0.8449689937987598 0.42934196332254587 0.11002200440088018 0.2862279755483639
3 0.16113222644528905 0.6769147788565264 0.05621124224844969 0.2736425746134484
3 0.4986997399479896 0.6170442286947141 0.12042408481696339 0.3049262855088098
3 0.74374874974995 0.4291621718806185 0.1208241648329666 0.2988133764832794
3 0.6189237847569514 0.3736066163250629 0.15243048609721943 0.3667745415318231
3 0.7431486297259452 0.6886012225818051 0.11082216443288657 0.27687882056814095
3 0.47149429885977195 0.3597626752966559 0.14202840568113623 0.3455591513843941
3 0.29855971194238845 0.6456310679611651 0.09061812362472495 0.22258180510607695
3 0.3915783156631326 0.6393383674937073 0.10302060412082416 0.30780294857964763
3 0.9450890178035607 0.3984178353110392 0.10942188437687538 0.2962962962962963
3 0.1803360672134427 0.3586839266450917 0.12382476495299059 0.36713412441567783
3 0.3186637327465493 0.35742538655160017 0.16803360672134426 0.3710895361380798
3 0.11212242448489698 0.36443725278676736 0.03860772154430886 0.32542250988852933
3 0.22014402880576114 0.6432937792161093 0.07741548309661932 0.22653721682847897
3 0.6264252850570114 0.7152103559870551 0.136627325465093 0.39050701186623515
3 0.8527705541108221 0.6684645810859403 0.12002400480096019 0.23516720604099245
