1 0.6443865740740741 0.42433449074074076 0.061921296296296294 0.054108796296296294
3 0.6436149691358025 0.43822337962962965 0.0642361111111111 0.08246527777777778
3 0.46566358024691357 0.5026041666666666 0.05169753086419753 0.07349537037037036
3 0.3287037037037037 0.4826388888888889 0.052083333333333336 0.07928240740740741
3 0.6171875 0.48191550925925924 0.047260802469135804 0.07725694444444445
3 0.4167631172839506 0.5005787037037037 0.044174382716049385 0.06828703703703703
3 0.5193865740740741 0.49681712962962965 0.050347222222222224 0.07696759259259259
3 0.5688657407407407 0.4859664351851852 0.048996913580246916 0.09230324074074074
1 0.32860725308641975 0.4661458333333333 0.051890432098765434 0.04513888888888889
1 0.3738425925925926 0.4982638888888889 0.047839506172839504 0.08217592592592593
1 0.45621141975308643 0.5151909722222222 0.029320987654320986 0.04311342592592592
1 0.5748456790123457 0.5083912037037037 0.030864197530864196 0.047453703703703706
1 0.4148341049382716 0.5133101851851852 0.025270061728395063 0.041666666666666664
1 0.6166087962962963 0.4965277777777778 0.04533179012345679 0.04513888888888889
3 0.3744212962962963 0.49811921296296297 0.04938271604938271 0.0842013888888889
