3 0.7308882015024304 0.4102513747054203 0.10870525850640743 0.32168106834249804
3 0.48541758727353074 0.4177140612725844 0.12726469288555015 0.31068342498036133
3 0.2346442775077331 0.40318146111547526 0.10826336721166593 0.3397486252945797
3 0.19211224038886435 0.6631971720345641 0.056341140079540435 0.23841319717203457
3 0.10914714980114892 0.3758837391987431 0.04418912947414936 0.3197172034564022
3 0.46122403888643393 0.6741948153967007 0.10097216084843129 0.2800471327572663
3 0.6158859920459567 0.42105263157894735 0.12969509500662837 0.3118617439120189
3 0.9104065399911622 0.4481539670070699 0.09787892178524082 0.208955223880597
3 0.8802474591250552 0.6576983503534957 0.13610251878038002 0.2274155538098979
3 0.6735528060097216 0.6576983503534957 0.10804242156429518 0.3279654359780047
3 0.2387317719840919 0.6690887666928516 0.06959787892178525 0.20777690494893952
3 0.5640742377375165 0.6669285153181461 0.11268228015908087 0.3291437549096622
3 0.7735307114449845 0.6791044776119403 0.09235528060097216 0.2882953652788688
3 0.8221387538665488 0.4222309505106049 0.09456473707467963 0.2859387274155538
3 0.3555015466195316 0.4122152395915161 0.1391957578435705 0.34289080911233305
3 0.154441007512152 0.40789473684210525 0.06363234644277507 0.279261586802828
3 0.30291648254529385 0.6808719560094265 0.08616880247459124 0.2478397486252946
3 0.3753866548828988 0.6836213668499608 0.09368095448519664 0.24234092694422624
