3 0.6985190409026798 0.3454773869346734 0.10754583921015515 0.3377602297200287
3 0.41405148095909733 0.6229361091170137 0.09925952045133991 0.22218234027279254
3 0.7574929478138223 0.6938262742282842 0.06893511988716503 0.3955491744436468
3 0.31629055007052187 0.6385498923187365 0.10930888575458392 0.3273510409188801
3 0.8334802538787024 0.43036611629576454 0.061530324400564176 0.2864321608040201
3 0.17577574047954866 0.3382986360373295 0.0504231311706629 0.3607322325915291
3 0.5942348377997179 0.6417803302225413 0.09185472496473907 0.25699928212491024
3 0.5076692524682651 0.6136037329504667 0.09114950634696756 0.24730796841349606
3 0.8058004231311706 0.6821608040201005 0.0442524682651622 0.2803302225412778
3 0.304654442877292 0.34188801148600145 0.09943582510578279 0.33058147882268485
3 0.6852080394922426 0.6127063890882987 0.08868124118476728 0.2648959081119885
3 0.57475317348378 0.33578607322325915 0.1498589562764457 0.3679109834888729
3 0.19419957686882933 0.5945800430725053 0.050952045133991535 0.1826992103374013
3 0.4244534555712271 0.3339913854989232 0.1539139633286319 0.3700646087580761
3 0.22522919605077574 0.3535534816941852 0.07246121297602257 0.3295046661880833
3 0.790990832157969 0.3641421392677674 0.08727080394922426 0.36575735821966976
3 0.23739421720733428 0.613424264178033 0.06858251057827927 0.25340990667623836
