3 0.18990108120542903 0.48226584022038566 0.0936277892799632 0.15392561983471073
3 0.265930526800092 0.5860881542699724 0.08971704623878538 0.1659779614325069
3 0.5594662985967334 0.6151859504132231 0.08143547273982056 0.15668044077134985
3 0.5609615827007132 0.43922176308539945 0.13227513227513227 0.18698347107438015
3 0.8111341154819416 0.35778236914600553 0.06579250057510927 0.1349862258953168
3 0.6671267540832758 0.42889118457300274 0.09799861973775018 0.16976584022038568
3 0.4328272371750633 0.4388774104683196 0.12859443294225903 0.20833333333333334
3 0.7665056360708534 0.5652548209366391 0.07545433632390154 0.14772727272727273
3 0.2682309638831378 0.41391184573002754 0.0800552104899931 0.19559228650137742
3 0.7061191626409018 0.59400826446281 0.08166551644812514 0.19765840220385675
3 0.7472969864274213 0.40513085399449034 0.07844490453186105 0.20213498622589532
3 0.8067632850241546 0.5018939393939394 0.08097538532321141 0.13739669421487602
3 0.3398895790200138 0.43973829201101927 0.08396595353117092 0.17355371900826447
3 0.3232114101679319 0.6027892561983471 0.08189556015642972 0.19455922865013775
3 0.6259489302967564 0.6050275482093664 0.08373590982286634 0.1756198347107438
3 0.8628939498504716 0.4524793388429752 0.07315389924085576 0.1522038567493113
3 0.4822866344605475 0.6124311294765841 0.08258569128134345 0.16150137741046833
3 0.40384172992868644 0.6162190082644629 0.08350586611456176 0.1725206611570248
3 0.19059121233034276 0.35141184573002754 0.06602254428341385 0.10571625344352617
0 0.8876236484932137 0.44800275482093666 0.013572578789970095 0.04201101928374656
1 0.795376121463078 0.37138429752066116 0.02921555095468139 0.07747933884297521
