3 0.5520614954577219 0.6382761437908496 0.103424178895877 0.1270424836601307
0 0.4558001397624039 0.514297385620915 0.0296995108315863 0.029411764705882353
3 0.7512229210342418 0.6425653594771242 0.07686932215234102 0.1119281045751634
3 0.5588749126484975 0.5024509803921569 0.1345213137665968 0.16993464052287582
3 0.32442348008385746 0.5122549019607843 0.1331236897274633 0.17401960784313725
1 0.4500349406009783 0.4707924836601307 0.0992313067784766 0.13602941176470587
1 0.449685534591195 0.4928513071895425 0.09853249475890985 0.09109477124183006
3 0.30904961565338923 0.6482843137254902 0.06813417190775681 0.11764705882352941
3 0.6808176100628931 0.5171568627450981 0.12054507337526206 0.16993464052287582
3 0.22624039133473095 0.5130718954248366 0.08770090845562543 0.14297385620915032
3 0.45684835779175403 0.6245915032679739 0.08909853249475891 0.13970588235294118
3 0.6589797344514325 0.6356209150326797 0.116701607267645 0.14705882352941177
3 0.3785814116002795 0.6294934640522876 0.07582110412299091 0.1323529411764706
