3 0.7481018858682341 0.35524407926534557 0.0810678422728386 0.3238279362010633
3 0.10347783492530002 0.319719671338811 0.11388684790595151 0.3156114064765587
3 0.5047759000734754 0.35089415176413724 0.16605437178545188 0.3682938617689705
3 0.8005143277002205 0.34871918801353313 0.04824883663972569 0.3262445625906235
3 0.13617438158216996 0.625664572257129 0.12490815576781777 0.2837119381343644
3 0.22556943423952977 0.31633639439342676 0.1464609355865785 0.3736104398260029
3 0.3880724957139358 0.6754470758820686 0.12564290962527552 0.3320444659255679
0 0.030369826108253735 0.3320444659255679 0.06073965221650747 0.24552924117931368
3 0.041146216017634095 0.5797486708554858 0.08229243203526819 0.23151280811986466
3 0.263409257898604 0.6597390043499275 0.1467058535390644 0.347027549540841
3 0.4914278716629929 0.694055099081682 0.11192750428606417 0.31996133397776705
3 0.7068332108743571 0.6580473658772353 0.06808719079108498 0.304978250362494
3 0.3614988978692138 0.319236346060899 0.12980651481753613 0.3765103914934751
3 0.647685525349008 0.35935234412759787 0.14033798677443057 0.35234412759787337
3 0.5795983345579231 0.694296761720638 0.11192750428606417 0.3107781536974384
3 0.6563801126622582 0.680038666022233 0.0940484937545922 0.2986950217496375
