3 0.13203883495145632 0.6352631578947369 0.05825242718446602 0.19894736842105262
3 0.42851941747572814 0.4513157894736842 0.14538834951456311 0.32894736842105265
3 0.7634708737864078 0.4376315789473684 0.07597087378640777 0.3268421052631579
3 0.7566747572815534 0.6536842105263158 0.061893203883495146 0.22421052631578947
3 0.2520631067961165 0.6297368421052632 0.08325242718446602 0.2163157894736842
3 0.8951456310679612 0.4610526315789474 0.05048543689320388 0.20421052631578948
3 0.22512135922330098 0.43236842105263157 0.0866504854368932 0.29947368421052634
3 0.17815533980582524 0.6318421052631579 0.07135922330097087 0.23421052631578948
3 0.8558252427184466 0.45789473684210524 0.05242718446601942 0.25473684210526315
3 0.6873786407766991 0.6613157894736842 0.08203883495145631 0.19421052631578947
3 0.42354368932038833 0.6863157894736842 0.08883495145631068 0.15789473684210525
3 0.3105582524271845 0.4284210526315789 0.09490291262135922 0.3042105263157895
3 0.808616504854369 0.6536842105263158 0.059951456310679614 0.20210526315789473
3 0.11310679611650486 0.43105263157894735 0.04757281553398058 0.2431578947368421
3 0.6868932038834952 0.4192105263157895 0.09466019417475728 0.3236842105263158
3 0.09514563106796116 0.6210526315789474 0.07766990291262135 0.17157894736842105
3 0.0766990291262136 0.4371052631578947 0.05631067961165048 0.2236842105263158
3 0.8588592233009709 0.6468421052631579 0.08179611650485437 0.17789473684210527
3 0.5121359223300971 0.6776315789473685 0.08883495145631068 0.2005263157894737
3 0.33567961165048543 0.6560526315789473 0.08640776699029126 0.20789473684210527
3 0.5723300970873786 0.44526315789473686 0.14223300970873787 0.3452631578947368
3 0.8189320388349515 0.4336842105263158 0.05776699029126214 0.31157894736842107
3 0.15327669902912622 0.42105263157894735 0.06140776699029126 0.28526315789473683
3 0.6021844660194174 0.656578947368421 0.09029126213592233 0.21526315789473685
