3 0.7471666666666666 0.4139024390243902 0.097 0.20341463414634145
3 0.6548333333333334 0.4351219512195122 0.09633333333333334 0.19609756097560976
3 0.31 0.46390243902439027 0.09733333333333333 0.20195121951219513
3 0.5455 0.40439024390243905 0.12966666666666668 0.16682926829268294
3 0.44433333333333336 0.926829268292683 0.088 0.08682926829268292
3 0.6123333333333333 0.9051219512195122 0.082 0.08829268292682926
3 0.4235 0.46219512195121953 0.135 0.23365853658536587
3 0.21183333333333335 0.4548780487804878 0.10366666666666667 0.21414634146341463
3 0.529 0.9234146341463415 0.08866666666666667 0.08878048780487804
2 0.547 0.46414634146341466 0.12533333333333332 0.045365853658536584
3 0.36466666666666664 0.931219512195122 0.08333333333333333 0.07512195121951219
