0 0.1405 0.477125 0.006333333333333333 0.00725
3 0.47825 0.86425 0.1205 0.1555
3 0.12 0.116 0.14133333333333334 0.202
3 0.7386666666666667 0.49975 0.13166666666666665 0.159
3 0.2743333333333333 0.816375 0.10533333333333333 0.13525
3 0.6778333333333333 0.780375 0.11666666666666667 0.17125
3 0.13591666666666666 0.277125 0.1485 0.21875
3 0.8053333333333333 0.1845 0.14233333333333334 0.2125
1 0.7681666666666667 0.134375 0.059333333333333335 0.08925
0 0.7555833333333334 0.466 0.0045 0.008
3 0.36383333333333334 0.863375 0.11733333333333333 0.16125
3 0.1505 0.445875 0.129 0.15675
3 0.19325 0.738375 0.11216666666666666 0.16775
3 0.5805 0.836375 0.09933333333333333 0.14525
3 0.17308333333333334 0.5955 0.13016666666666668 0.1625
3 0.7029166666666666 0.64125 0.13216666666666665 0.164
3 0.7705833333333333 0.337625 0.1515 0.22575
0 0.7013333333333334 0.63725 0.024666666666666667 0.087
0 0.152 0.43125 0.0036666666666666666 0.009
0 0.13341666666666666 0.42 0.005166666666666667 0.0085
0 0.7349166666666667 0.480125 0.0028333333333333335 0.00675
0 0.7393333333333333 0.408125 0.010666666666666666 0.01125
