3 0.64725 0.38975 0.04816666666666667 0.1505
3 0.59575 0.387875 0.06383333333333334 0.16725
3 0.4385833333333333 0.418875 0.09016666666666667 0.14875
3 0.3005 0.6275 0.06366666666666666 0.126
3 0.6815 0.404625 0.051333333333333335 0.15375
0 0.22833333333333333 0.743875 0.017 0.02625
3 0.34158333333333335 0.641 0.060833333333333336 0.1455
3 0.30233333333333334 0.418 0.06333333333333334 0.135
3 0.5579166666666666 0.613625 0.0595 0.13075
3 0.39716666666666667 0.642 0.059333333333333335 0.145
3 0.7139166666666666 0.40725 0.0365 0.153
3 0.6915 0.64725 0.048666666666666664 0.1645
3 0.214 0.654 0.052333333333333336 0.166
3 0.36241666666666666 0.423375 0.06716666666666667 0.13225
3 0.25016666666666665 0.40725 0.043666666666666666 0.139
3 0.5255 0.408 0.08833333333333333 0.1495
3 0.6155 0.63 0.06 0.1355
3 0.5099166666666667 0.6295 0.0565 0.1505
3 0.6586666666666666 0.661625 0.056 0.18125
3 0.25925 0.622625 0.0455 0.12425
3 0.4545 0.634875 0.058666666666666666 0.15925
