0 0.16247139588100687 0.3469079939668175 0.07780320366132723 0.13675213675213677
0 0.851767098906687 0.41251885369532426 0.13628273582506992 0.2317747611865259
0 0.09140605136028478 0.3285570638511815 0.10755148741418764 0.298139768728004
0 0.43071446732773966 0.3368526897938663 0.10526315789473684 0.1830065359477124
0 0.20900076277650648 0.7001005530417295 0.09966946351385711 0.07088989441930618
0 0.7242562929061785 0.7978883861236803 0.0790744978387999 0.10155857214680744
3 0.44940249173658786 0.5306686777275013 0.0958555809814391 0.2679738562091503
3 0.534324942791762 0.5749120160884866 0.09839816933638444 0.27702362996480645
0 0.2584541062801932 0.7571644042232277 0.10450038138825324 0.09049773755656108
0 0.5699211797609967 0.3024132730015083 0.09992372234935164 0.13524384112619406
0 0.6020849224510552 0.6520864756158874 0.09305873379099924 0.19004524886877827
0 0.7271802695143657 0.40824534942182 0.13475718281210272 0.2644544997486174
3 0.6436562420544114 0.3345902463549522 0.07602339181286549 0.14429361488185016
0 0.3328248156623443 0.34992458521870284 0.10068649885583524 0.22825540472599296
