3 0.6227816358024691 0.5467303240740741 0.08777006172839506 0.16174768518518517
3 0.5415702160493827 0.5384837962962963 0.09162808641975309 0.13078703703703703
3 0.11988811728395062 0.4000289351851852 0.051890432098765434 0.1449652777777778
3 0.8162615740740741 0.4249131944444444 0.03993055555555555 0.10966435185185185
3 0.08998842592592593 0.4816261574074074 0.05343364197530864 0.09809027777777778
0 0.19106867283950618 0.515625 0.002507716049382716 0.004050925925925926
3 0.7854938271604939 0.44516782407407407 0.04513888888888889 0.12355324074074074
3 0.49990354938271603 0.40653935185185186 0.1244212962962963 0.19733796296296297
3 0.08931327160493827 0.4006076388888889 0.036265432098765434 0.12528935185185186
0 0.06847993827160494 0.4791666666666667 0.004629629629629629 0.00636574074074074
3 0.061439043209876545 0.37601273148148145 0.036458333333333336 0.11255787037037036
3 0.1728395061728395 0.5260416666666666 0.07484567901234568 0.13483796296296297
3 0.27208719135802467 0.4040798611111111 0.10127314814814815 0.15422453703703703
3 0.7797067901234568 0.53125 0.05246913580246913 0.09895833333333333
0 0.12731481481481483 0.5363136574074074 0.0019290123456790122 0.00318287037037037
3 0.6956983024691358 0.5536747685185185 0.06847993827160494 0.13859953703703703
3 0.17862654320987653 0.38917824074074076 0.09722222222222222 0.19155092592592593
3 0.7583912037037037 0.43388310185185186 0.052662037037037035 0.1472800925925926
3 0.3097029320987654 0.5202546296296297 0.06886574074074074 0.11168981481481481
3 0.6085069444444444 0.4191261574074074 0.09780092592592593 0.1657986111111111
3 0.3777970679012346 0.4049479166666667 0.1267361111111111 0.18894675925925927
3 0.2387152777777778 0.5337094907407407 0.08545524691358025 0.15827546296296297
3 0.7083333333333334 0.4006076388888889 0.10725308641975309 0.20630787037037038
3 0.1261574074074074 0.5112847222222222 0.03896604938271605 0.1076388888888889
3 0.7436342592592593 0.5529513888888888 0.032407407407407406 0.12268518518518519
3 0.38290895061728397 0.5434027777777778 0.07600308641975309 0.09606481481481481
3 0.45852623456790126 0.5406539351851852 0.07600308641975309 0.10271990740740741
