1 0.4666959771378325 0.08143752060666007 0.04748296328863486 0.08176722716782064
0 0.6168388656847659 0.10781404549950543 0.010551769619696637 0.013188262446422684
3 0.32512640140690263 0.19057039235080778 0.12442295009892285 0.18199802176063304
1 0.6567377445592438 0.15512693702604682 0.058694218509562544 0.08275634685130234
0 0.6114530666080458 0.1172106824925816 0.003297428006155199 0.004286185295087373
1 0.7311497032314794 0.2683811407847016 0.03781050780391295 0.10550609957138148
3 0.4661464058034733 0.10731948565776459 0.0635304462519235 0.16650181338608638
3 0.7510441855352825 0.41031981536432577 0.1426687183996483 0.17705242334322452
3 0.7201582765442954 0.27415100560501154 0.11958672235656188 0.16650181338608638
1 0.5989228401846559 0.07072205736894165 0.06045284677951198 0.04648862512363996
3 0.40195647395031875 0.1292449719749423 0.07979775774895581 0.17276623804813715
1 0.5262695097823697 0.07731618859215299 0.046603649153660144 0.06758984503791625
3 0.5974939547153221 0.1254533465215958 0.08661244229500989 0.1955159907682163
3 0.52747856671796 0.11094625783053083 0.06440976038689822 0.16782063963072866
3 0.27236755330841944 0.3005275304978569 0.12881952077379644 0.17111770524233433
1 0.40558364475708947 0.08654797230464886 0.05715541877335678 0.07484338938344873
3 0.6569575730929875 0.17705242334322452 0.09562541217850076 0.17408506429277942
