3 0.3288015240734326 0.29646017699115046 0.12383096640110841 0.22910521140609635
3 0.8597159681330101 0.6576532284496887 0.11014894354000693 0.40412979351032446
3 0.41245237270523033 0.5303179285480171 0.18721856598545203 0.4247787610619469
3 0.928472462764115 0.6645362176335627 0.040872878420505715 0.2605703048180924
3 0.1345687564946311 0.5676827269747624 0.13335642535503983 0.35398230088495575
3 0.7856771735365431 0.381186496230744 0.100277104260478 0.20845624385447395
3 0.5994977485278836 0.5365453949524746 0.18756494631104953 0.4300229432972796
3 0.5685833044683062 0.29400196656833827 0.10668514028403187 0.08390691576532285
3 0.4533252511257361 0.2912159947558178 0.11794250086595082 0.1884627990822681
3 0.21025285763768617 0.3051458538184202 0.12123311395912713 0.2608980662078007
3 0.09741946657429858 0.4016715830875123 0.07429857984066505 0.1628974106850213
3 0.25865950813993766 0.5632579482137005 0.13733979909941116 0.3700426089806621
3 0.04000692760651195 0.6214355948869223 0.06962244544509871 0.309406751884628
3 0.6892102528576377 0.34283841363487383 0.09646692067890544 0.20321206161914127
3 0.7491340491860062 0.6057030481809242 0.14322826463456875 0.37627007538511964
