0 0.16407952069716775 0.39471544715447154 0.19852941176470587 0.23577235772357724
0 0.46800108932461876 0.6095528455284552 0.004629629629629629 0.017479674796747967
0 0.6000816993464052 0.5896341463414634 0.03785403050108933 0.08821138211382114
0 0.7568082788671024 0.6058943089430894 0.0860566448801743 0.12804878048780488
0 0.2878540305010893 0.49613821138211384 0.13071895424836602 0.18739837398373985
0 0.423338779956427 0.4420731707317073 0.0051742919389978215 0.007723577235772358
1 0.4463507625272331 0.5266260162601626 0.14106753812636166 0.20203252032520325
0 0.471541394335512 0.6113821138211382 0.0024509803921568627 0.008130081300813009
1 0.5973583877995643 0.5780487804878048 0.04765795206971678 0.12764227642276424
3 0.8526688453159041 0.4796747967479675 0.16666666666666666 0.3008130081300813
1 0.7721949891067538 0.5640243902439024 0.13916122004357298 0.2386178861788618
3 0.4286492374727669 0.5493902439024391 0.18028322440087147 0.28983739837398376
0 0.4903322440087146 0.49654471544715445 0.019335511982570806 0.024796747967479674
3 0.5272331154684096 0.6038617886178862 0.144880174291939 0.29796747967479675
0 0.4035947712418301 0.49105691056910566 0.023420479302832243 0.027642276422764227
0 0.48788126361655776 0.5705284552845529 0.024782135076252723 0.0524390243902439
0 0.7964324618736384 0.48556910569105693 0.02042483660130719 0.023170731707317073
3 0.6514161220043573 0.6341463414634146 0.16884531590413943 0.283739837398374
3 0.7716503267973857 0.6016260162601627 0.14025054466230938 0.3203252032520325
