1 0.05439814814814815 0.5225694444444444 0.1087962962962963 0.07484567901234568
1 0.5089699074074074 0.5141782407407407 0.052662037037037035 0.030285493827160493
3 0.4759837962962963 0.7212577160493827 0.13483796296296297 0.15200617283950618
0 0.06597222222222222 0.5024112654320988 0.06076388888888889 0.02334104938271605
3 0.7355324074074074 0.6704282407407407 0.17476851851851852 0.09857253086419752
3 0.6098090277777778 0.7141203703703703 0.14438657407407407 0.1404320987654321
3 0.06452546296296297 0.7044753086419753 0.1284722222222222 0.12229938271604938
3 0.6733217592592593 0.49324845679012347 0.1255787037037037 0.1412037037037037
3 0.3719618055555556 0.4898726851851852 0.1935763888888889 0.13753858024691357
0 0.7774884259259259 0.6135223765432098 0.13194444444444445 0.03298611111111111
3 0.2977430555555556 0.7233796296296297 0.13368055555555555 0.15354938271604937
3 0.07465277777777778 0.49430941358024694 0.14930555555555555 0.13599537037037038
3 0.18995949074074073 0.7055362654320988 0.1316550925925926 0.14564043209876543
3 0.5384837962962963 0.4972029320987654 0.14525462962962962 0.15181327160493827
3 0.7191840277777778 0.7023533950617284 0.11371527777777778 0.1111111111111111
