3 0.6719714506172839 0.7054398148148148 0.06577932098765432 0.13136574074074073
3 0.2786458333333333 0.4500868055555556 0.10165895061728394 0.13744212962962962
1 0.5755208333333334 0.4835069444444444 0.03684413580246913 0.04976851851851852
3 0.6051311728395061 0.7051504629629629 0.09143518518518519 0.1574074074074074
3 0.4869791666666667 0.4722222222222222 0.1263503086419753 0.1423611111111111
3 0.4112654320987654 0.6964699074074074 0.08950617283950617 0.1753472222222222
3 0.2021604938271605 0.6422164351851852 0.07600308641975309 0.09172453703703703
3 0.6745756172839507 0.6691261574074074 0.10378086419753087 0.12471064814814815
0 0.48678626543209874 0.7486979166666666 0.02025462962962963 0.08478009259259259
3 0.5219907407407407 0.7067418981481481 0.09259259259259259 0.16869212962962962
1 0.27025462962962965 0.46484375 0.07445987654320987 0.10677083333333333
3 0.1962770061728395 0.44545717592592593 0.06925154320987655 0.16001157407407407
0 0.2814429012345679 0.43648726851851855 0.03896604938271605 0.033854166666666664
3 0.18267746913580246 0.6187789351851852 0.11728395061728394 0.1021412037037037
3 0.6748649691358025 0.4878472222222222 0.07503858024691358 0.14525462962962962
3 0.5930748456790124 0.4861111111111111 0.09239969135802469 0.16724537037037038
3 0.34403935185185186 0.6671006944444444 0.08854166666666667 0.1634837962962963
3 0.2638888888888889 0.6605902777777778 0.0798611111111111 0.12789351851851852
