3 0.11963677639046538 0.5250255362614913 0.19477866061293983 0.2853251617296561
3 0.6274687854710557 0.1518556350017024 0.12031782065834279 0.15457950289410963
3 0.9169125993189557 0.7745999319033027 0.16572077185017026 0.25808648280558394
3 0.24858115777525538 0.1857337419135172 0.105788876276958 0.18692543411644535
3 0.42326901248581156 0.12819203268641471 0.10737797956867197 0.14606741573033707
3 0.5241770715096481 0.13432073544433096 0.1076049943246311 0.14470548178413348
3 0.1866061293984109 0.2633639768471229 0.1434733257661748 0.21484508001361935
3 0.8754824063564132 0.5686074225400068 0.19954597048808173 0.28941096356826695
3 0.7253121452894438 0.21127000340483487 0.13393870601589103 0.1821586653047327
3 0.8351872871736663 0.4167517875383044 0.15845629965947786 0.21450459652706844
3 0.08138479001135074 0.7250595846101464 0.16276958002270148 0.25978890023833845
3 0.8024971623155505 0.3079673135852911 0.1452894438138479 0.21688798093292475
3 0.1550510783200908 0.3634661218930882 0.1580022701475596 0.19986380660537964
3 0.3314415437003405 0.16258086482805584 0.1185017026106697 0.1821586653047327
