1 0.4819214876033058 0.37892289810151103 0.08729338842975207 0.08911274699728787
3 0.3965650826446281 0.38764044943820225 0.06534090909090909 0.11042231693142193
1 0.6948605371900827 0.4372336303758233 0.018336776859504134 0.043781480046493605
0 0.6668388429752066 0.4308407593955831 0.02169421487603306 0.02169701666020922
1 0.6637396694214877 0.4279349089500194 0.03254132231404959 0.04068190623789229
3 0.3184400826446281 0.45893064703603254 0.03770661157024793 0.08485083301046106
0 0.2816373966942149 0.3957768306857807 0.05965909090909091 0.053855094924447885
1 0.5768336776859504 0.3560635412630763 0.08393595041322315 0.08678806664083688
3 0.48050103305785125 0.3971328942270438 0.09116735537190082 0.13405656722200698
0 0.6543130165289256 0.3663308795040682 0.06120867768595041 0.10499806276636962
0 0.7246900826446281 0.34521503293297173 0.06663223140495868 0.07516466485858195
0 0.3278667355371901 0.377566834560248 0.0699896694214876 0.08795040681906238
0 0.68775826446281 0.4296784192173576 0.004132231404958678 0.0038744672607516468
0 0.41180268595041325 0.3880278961642774 0.01265495867768595 0.032158078264238665
0 0.5893595041322314 0.3674932196822937 0.042871900826446284 0.054629988376598215
3 0.5769628099173554 0.37853545137543587 0.08471074380165289 0.13250678031770632
3 0.41774276859504134 0.44575745834947694 0.06172520661157025 0.11119721038357226
0 0.3208935950413223 0.45641224331654395 0.029700413223140498 0.03641999225106548
3 0.6166064049586777 0.41960480433940334 0.06120867768595041 0.11003487020534676
3 0.3615702479338843 0.45873692367299496 0.05785123966942149 0.12243316543975204
0 0.7678202479338843 0.37136768694304534 0.06714876033057851 0.055404881828748545
3 0.6769111570247934 0.41844246416117786 0.059400826446280995 0.11700891127469973
