3 0.3832092078537576 0.6630434782608695 0.07549085985104942 0.10970677451971689
3 0.17772511848341233 0.5650910010111223 0.03757616790792146 0.13776541961577352
3 0.5603419092755586 0.5298281092012134 0.11628300609343263 0.22295247724974723
3 0.7800440081245769 0.6563447927199191 0.05907244414353419 0.1134984833164813
3 0.21276235612728503 0.6625379170879676 0.04096140825998646 0.06875631951466127
3 0.2109851049424509 0.5640798786653185 0.051963439404197696 0.15040444893832153
3 0.4571767095463778 0.6842770475227502 0.07819905213270142 0.10465116279069768
3 0.6806872037914692 0.6784630940343782 0.07904536222071767 0.1430738119312437
3 0.24678402166553826 0.6742922143579373 0.05754908598510494 0.10288169868554095
3 0.7345125253893027 0.5385490394337715 0.07396750169262017 0.19792719919110213
3 0.6066350710900474 0.6708796764408493 0.07684495599187542 0.10010111223458039
3 0.8363236289776574 0.6482558139534884 0.07210561949898443 0.12108190091001012
3 0.7439911983750847 0.6746713852376137 0.046885578876100203 0.1172901921132457
3 0.4432125930941097 0.5261627906976745 0.11831415030467163 0.22269969666329625
3 0.5323290453622207 0.6651921132457027 0.07549085985104942 0.11248736097067745
3 0.8103419092755586 0.548154701718908 0.04011509817197021 0.13574317492416582
3 0.779113067027759 0.5479019211324571 0.05585646580907244 0.14737108190091
3 0.2623561272850372 0.5353892821031345 0.07819905213270142 0.19413549039433772
3 0.30983412322274884 0.6611476238624874 0.07193635748138118 0.11653185035389282
3 0.6580907244414353 0.528690596562184 0.08767772511848342 0.2095551061678463
3 0.3424170616113744 0.5304600606673407 0.08767772511848342 0.2019716885743175
