3 0.6158625730994152 0.39528508771929827 0.1290204678362573 0.20668859649122806
3 0.6978252923976608 0.48012609649122806 0.05939327485380117 0.12143640350877193
3 0.7955043859649122 0.4661458333333333 0.07236842105263158 0.06606359649122807
3 0.22587719298245615 0.49766995614035087 0.09173976608187134 0.10663377192982457
3 0.19371345029239767 0.43078399122807015 0.0804093567251462 0.09018640350877193
3 0.25146198830409355 0.4298245614035088 0.05116959064327485 0.09539473684210527
3 0.47231359649122806 0.3902138157894737 0.13578216374269006 0.22505482456140352
3 0.7490862573099415 0.49575109649122806 0.06396198830409357 0.10279605263157894
3 0.2711988304093567 0.42735745614035087 0.05007309941520468 0.09923245614035088
3 0.6301169590643275 0.5494791666666666 0.09100877192982457 0.15871710526315788
3 0.8462171052631579 0.33621162280701755 0.0356359649122807 0.09512061403508772
3 0.8446637426900585 0.4258497807017544 0.0625 0.0868969298245614
3 0.1985562865497076 0.34196820175438597 0.0626827485380117 0.12966008771929824
3 0.3898940058479532 0.5537280701754386 0.08132309941520467 0.20833333333333334
3 0.27183845029239767 0.5334429824561403 0.06158625730994152 0.09594298245614036
3 0.5473318713450293 0.5127467105263158 0.08260233918128655 0.1581688596491228
3 0.32538377192982454 0.5146655701754386 0.06560672514619884 0.11759868421052631
3 0.7509137426900585 0.3756853070175439 0.08991228070175439 0.13898026315789475
3 0.3279422514619883 0.40803179824561403 0.09411549707602339 0.1455592105263158
3 0.4691154970760234 0.5630482456140351 0.0800438596491228 0.14857456140350878
