3 0.4084 0.5464907018596281 0.088 0.1847630473905219
3 0.3258 0.5749850029994001 0.09 0.20695860827834434
3 0.8136 0.34613077384523094 0.0792 0.22195560887822435
3 0.5718 0.5173965206958608 0.0924 0.1889622075584883
3 0.5176 0.34913017396520696 0.1248 0.1871625674865027
3 0.486 0.5401919616076785 0.0816 0.1865626874625075
0 0.6988 0.3692261547690462 0.0264 0.029394121175764846
1 0.604 0.368626274745051 0.0488 0.10977804439112178
3 0.6256 0.33563287342531495 0.092 0.19016196760647872
1 0.559 0.3479304139172166 0.0404 0.059988002399520096
3 0.3564 0.3602279544091182 0.1464 0.24415116976604678
3 0.6652 0.4991001799640072 0.1032 0.21475704859028194
0 0.1928 0.3674265146970606 0.064 0.2549490101979604
3 0.1354 0.3992201559688062 0.1012 0.23215356928614278
0 0.5666 0.34973005398920215 0.0132 0.021595680863827234
3 0.722 0.36322735452909416 0.1112 0.25374925014997
3 0.2532 0.3695260947810438 0.084 0.23035392921415718
3 0.177 0.6451709658068386 0.0636 0.3197360527894421
