0 0.5202472675147823 0.3735554958344531 0.00806307113420534 0.013437248051599033
0 0.5799139939079018 0.39290513302875574 0.008421429851281132 0.005912389142703574
0 0.4356746102848952 0.37248051599032517 0.017022039061100162 0.026337006181134104
0 0.38541480021501523 0.3969363074442354 0.02365167532700233 0.00806234883095942
3 0.10249059308367676 0.49919376511690405 0.14406020426446872 0.263638806772373
3 0.7185092277369647 0.48804084923407687 0.20999820820641463 0.38269282450954045
0 0.15346712058770828 0.5778016662187584 0.007346353700053754 0.009674818597151304
3 0.8927611539150689 0.5348024724536415 0.17756674431105537 0.34775597957538296
3 0.049095144239383624 0.6613813490997044 0.09819028847876725 0.3042192958882021
3 0.5525891417308726 0.4329481322225208 0.16269485755240995 0.32571889277076055
3 0.394463357821179 0.40634238108035475 0.17469987457444902 0.32141897339424885
3 0.21994266260526787 0.3847084117172803 0.17613330944275218 0.2733136253695243
