3 0.4269812091503268 0.24831495098039216 0.046772875816993464 0.08425245098039216
3 0.5300245098039216 0.24065563725490197 0.059640522875817 0.08915441176470588
3 0.5349264705882353 0.3164828431372549 0.03594771241830065 0.0545343137254902
3 0.4308619281045752 0.32506127450980393 0.028799019607843136 0.06004901960784314
0 0.47293709150326796 0.22549019607843138 0.04636437908496732 0.03799019607843137
3 0.5004084967320261 0.3190870098039216 0.03390522875816993 0.053002450980392156
3 0.38929738562091504 0.25735294117647056 0.03431372549019608 0.07965686274509803
3 0.5685253267973857 0.3112745098039216 0.03451797385620915 0.05698529411764706
3 0.6319444444444444 0.3167892156862745 0.032679738562091505 0.05269607843137255
3 0.4638480392156863 0.3206188725490196 0.039624183006535946 0.057291666666666664
3 0.6022263071895425 0.31142769607843135 0.032066993464052285 0.057291666666666664
3 0.6091707516339869 0.23161764705882354 0.03125 0.09375
3 0.5784313725490197 0.22135416666666666 0.042075163398692814 0.07935049019607843
