3 0.8984102365257852 0.4263721552878179 0.04769290422644436 0.2253458277554663
3 0.676037223730128 0.35095939312806784 0.10314075222954634 0.3261936635430611
3 0.5378053509112058 0.6394466755912539 0.07212097712291586 0.26238286479250333
3 0.12708414113997674 0.3603302097278001 0.042846064366033346 0.249442213297635
3 0.6126405583559519 0.6302989736724677 0.08259015122140365 0.26818384649709953
3 0.6933889104303994 0.6722445336903168 0.08394726638231872 0.3493975903614458
3 0.5681465684373789 0.36010709504685406 0.13435440093059325 0.3525211958946899
3 0.3187281892206282 0.6590807675145025 0.08879410624272974 0.33467202141900937
3 0.2437960449786739 0.355644801427934 0.07890655292749127 0.33467202141900937
3 0.7638619620007755 0.37349397590361444 0.08569212873206669 0.31593038821954483
3 0.8087436991081814 0.6231593038821954 0.057968204730515706 0.19500223114680945
3 0.8187281892206282 0.42592592592592593 0.06048856145792943 0.23248549754573852
3 0.15335401318340441 0.5847835787594824 0.07716169057774332 0.17804551539491298
3 0.39734393175649474 0.6173583221775993 0.07386583947266383 0.25211958946898705
3 0.19096549050019387 0.38018741633199465 0.05583559519193486 0.2668451584114235
3 0.15519581233036062 0.3788487282463186 0.0397440868553703 0.24007139669790273
3 0.7622140364482357 0.643685854529228 0.06766188445133772 0.26907630522088355
3 0.2543621558743699 0.6108879964301651 0.07367196587824738 0.25524319500223114
3 0.4668476153547887 0.6461401160196341 0.07173322993408297 0.2766622043730477
3 0.20201628538193098 0.6039714413208389 0.062039550213260956 0.20481927710843373
3 0.8596355176424971 0.4141008478357876 0.04846839860411012 0.27933958054439983
3 0.3267739433889104 0.3360107095046854 0.10100814269096549 0.33377956269522535
3 0.4353431562621171 0.36189201249442216 0.13241566498642884 0.33377956269522535
