3 0.6988333333333333 0.4568172730907637 0.159 0.256297481007597
3 0.21766666666666667 0.44822071171531386 0.09066666666666667 0.2263094762095162
3 0.4096666666666667 0.7473010795681727 0.11933333333333333 0.21431427429028388
3 0.8016666666666666 0.7243102758896441 0.148 0.21311475409836064
3 0.9146666666666666 0.7079168332666933 0.11333333333333333 0.171531387445022
2 0.5156666666666667 0.4892043182726909 0.19866666666666666 0.05237904838064774
3 0.528 0.7512994802079168 0.13466666666666666 0.21031587365053978
3 0.23016666666666666 0.7023190723710516 0.08766666666666667 0.18672530987604957
3 0.13966666666666666 0.4216313474610156 0.09066666666666667 0.2187125149940024
3 0.8546666666666667 0.4212315073970412 0.15733333333333333 0.2802878848460616
3 0.66 0.7425029988004798 0.13866666666666666 0.20471811275489804
3 0.31483333333333335 0.7301079568172731 0.09566666666666666 0.1943222710915634
3 0.5186666666666667 0.40823670531787287 0.20733333333333334 0.21271491403438625
3 0.3466666666666667 0.4658136745301879 0.184 0.289484206317473
