3 0.6385 0.3735933983495874 0.085 0.15303825956489123
3 0.5105 0.609152288072018 0.076 0.0967741935483871
3 0.621 0.5210052513128282 0.0685 0.10502625656414104
3 0.569625 0.5607651912978244 0.07225 0.08552138034508627
3 0.681875 0.3529632408102025 0.07025 0.14928732183045762
3 0.38675 0.7258064516129032 0.0905 0.0967741935483871
3 0.490875 0.5043135783945987 0.13275 0.1984246061515379
3 0.317625 0.6620405101275318 0.11075 0.19204801200300076
3 0.4515 0.6644786196549137 0.0835 0.1264066016504126
3 0.402375 0.5791447861965492 0.11025 0.17179294823705926
3 0.58175 0.4341710427606902 0.1255 0.19242310577644411
3 0.666625 0.47749437359339836 0.05675 0.09602400600150038
