3 0.48897569444444444 0.5567708333333333 0.0765625 0.14010416666666667
3 0.2263888888888889 0.5989583333333334 0.06770833333333333 0.09583333333333334
3 0.6881076388888889 0.5006510416666666 0.08038194444444445 0.06432291666666666
3 0.7001736111111111 0.42877604166666666 0.06458333333333334 0.08932291666666667
3 0.5973090277777777 0.47174479166666666 0.06440972222222222 0.08776041666666666
3 0.5349826388888889 0.4546875 0.08871527777777778 0.13854166666666667
3 0.32586805555555554 0.4908854166666667 0.10486111111111111 0.18802083333333333
3 0.4371527777777778 0.475 0.11006944444444444 0.19166666666666668
3 0.7521701388888888 0.4518229166666667 0.08003472222222222 0.07552083333333333
3 0.6217881944444444 0.531640625 0.07170138888888888 0.08098958333333334
3 0.5590277777777778 0.5451822916666667 0.06736111111111111 0.07317708333333334
3 0.6505208333333333 0.46002604166666666 0.04479166666666667 0.06796875
3 0.24678819444444444 0.5427083333333333 0.06510416666666667 0.14635416666666667
3 0.29696180555555557 0.6369791666666667 0.057465277777777775 0.10364583333333334
3 0.7611111111111111 0.37447916666666664 0.06736111111111111 0.09375
3 0.3611111111111111 0.6118489583333333 0.06631944444444444 0.14088541666666668
3 0.4127604166666667 0.5815104166666667 0.0828125 0.13854166666666667
