0 0.5037294238683128 0.4222608024691358 0.06095679012345679 0.03125
3 0.48919753086419754 0.5198688271604939 0.11265432098765432 0.23032407407407407
3 0.8917181069958847 0.42650462962962965 0.13220164609053497 0.23958333333333334
0 0.6568930041152263 0.5055941358024691 0.06430041152263374 0.059027777777777776
0 0.9449588477366255 0.40084876543209874 0.01286008230452675 0.019290123456790122
0 0.8863168724279835 0.4400077160493827 0.03189300411522634 0.03279320987654321
0 0.7626028806584362 0.6016589506172839 0.00257201646090535 0.008101851851851851
3 0.06944444444444445 0.38213734567901236 0.1388888888888889 0.22800925925925927
3 0.2527006172839506 0.5287422839506173 0.1381172839506173 0.21720679012345678
3 0.6239711934156379 0.47762345679012347 0.16718106995884774 0.26080246913580246
3 0.7530864197530864 0.5250771604938271 0.16666666666666666 0.22993827160493827
3 0.14184670781893005 0.484375 0.113940329218107 0.20023148148148148
3 0.37808641975308643 0.527391975308642 0.12037037037037036 0.22762345679012347
0 0.6477623456790124 0.42997685185185186 0.001800411522633745 0.003472222222222222
0 0.6024948559670782 0.5445601851851852 0.002829218106995885 0.015817901234567902
0 0.560570987654321 0.5217978395061729 0.012602880658436214 0.002700617283950617
0 0.6493055555555556 0.44483024691358025 0.0023148148148148147 0.006944444444444444
