3 0.4712041884816754 0.5946547884187082 0.06806282722513089 0.19599109131403117
3 0.3776178010471204 0.37082405345211583 0.0824607329842932 0.19821826280623608
3 0.2951570680628272 0.33184855233853006 0.09293193717277487 0.25389755011135856
3 0.19764397905759162 0.36971046770601335 0.04450261780104712 0.155902004454343
3 0.6217277486910995 0.5924276169265034 0.08900523560209424 0.20489977728285078
3 0.7899214659685864 0.4086859688195991 0.05366492146596859 0.16258351893095768
2 0.47971204188481675 0.4153674832962138 0.09293193717277487 0.10022271714922049
3 0.543848167539267 0.5957683741648107 0.07722513089005235 0.19376391982182628
3 0.46335078534031415 0.344097995545657 0.12303664921465969 0.24276169265033407
3 0.7414921465968587 0.366369710467706 0.09816753926701571 0.2383073496659243
3 0.7931937172774869 0.5467706013363028 0.060209424083769635 0.1447661469933185
3 0.24345549738219896 0.37193763919821826 0.05235602094240838 0.1603563474387528
3 0.693717277486911 0.5879732739420935 0.07329842931937172 0.24944320712694878
3 0.7421465968586387 0.5423162583518931 0.060209424083769635 0.18485523385300667
3 0.1551047120418848 0.3530066815144766 0.051047120418848166 0.15812917594654788
3 0.6524869109947644 0.3741648106904232 0.09031413612565445 0.21380846325167038
3 0.5785340314136126 0.34075723830734966 0.11780104712041885 0.24498886414253898
2 0.5608638743455497 0.39198218262806234 0.07460732984293193 0.133630289532294
3 0.39659685863874344 0.5991091314031181 0.08900523560209424 0.22271714922049
3 0.18717277486910994 0.48775055679287305 0.07591623036649214 0.12026726057906459
3 0.262434554973822 0.5367483296213809 0.09816753926701571 0.1915367483296214
3 0.31413612565445026 0.5801781737193764 0.08376963350785341 0.24721603563474387
