3 0.3730655538167275 0.47183098591549294 0.08398539384454877 0.14919144496609285
3 0.7419579203616762 0.41927490871152845 0.05112154407929056 0.1364110589462702
3 0.30412102243088157 0.44340114762649974 0.0605112154407929 0.14710485133020346
3 0.5619022778647191 0.47926447574334896 0.09928708050773778 0.16614501825769432
1 0.4945226917057903 0.5005216484089724 0.035819857416101546 0.04747000521648409
3 0.46270213875847677 0.4784820031298905 0.10154755694661798 0.13171622326551904
3 0.26464962615197357 0.42618675013041213 0.04833941923143801 0.12467396974439228
3 0.6453660233002956 0.4628325508607199 0.07946444096678838 0.16458007303077726
3 0.23769779168840202 0.4139280125195618 0.038949747869935665 0.12206572769953052
3 0.7052686489306208 0.4354460093896714 0.055990262563032515 0.1562336984872196
