3 0.2937710437710438 0.29908459595959597 0.02988215488215488 0.036931818181818184
3 0.4602272727272727 0.2719381313131313 0.045875420875420875 0.04450757575757576
3 0.41308922558922556 0.31186868686868685 0.03324915824915825 0.0625
3 0.5446127946127947 0.2894570707070707 0.016414141414141416 0.039141414141414144
3 0.44539141414141414 0.3158143939393939 0.032196969696969696 0.06849747474747475
3 0.3061868686868687 0.3224431818181818 0.02861952861952862 0.030618686868686868
3 0.5132575757575758 0.2877209595959596 0.034511784511784514 0.04955808080808081
3 0.35932239057239057 0.3196022727272727 0.03135521885521886 0.048295454545454544
3 0.3180765993265993 0.29734848484848486 0.026304713804713806 0.036616161616161616
3 0.4904250841750842 0.30839646464646464 0.03177609427609428 0.04671717171717172
3 0.34711700336700335 0.2930871212121212 0.03766835016835017 0.052083333333333336
3 0.5345117845117845 0.2915088383838384 0.015993265993265993 0.039457070707070704
3 0.33133417508417506 0.3260732323232323 0.0242003367003367 0.034722222222222224
