3 0.5441623263888888 0.40133101851851855 0.119140625 0.2019675925925926
3 0.5020616319444444 0.5332754629629629 0.07486979166666667 0.10416666666666667
3 0.5840928819444444 0.5170717592592593 0.09440104166666667 0.1244212962962963
3 0.3450520833333333 0.5121527777777778 0.0837673611111111 0.1440972222222222
3 0.4222005208333333 0.3940972222222222 0.1247829861111111 0.2025462962962963
3 0.2725694444444444 0.4916087962962963 0.06987847222222222 0.16261574074074073
3 0.6346571180555556 0.3939525462962963 0.0700954861111111 0.16174768518518517
3 0.17469618055555555 0.39872685185185186 0.050347222222222224 0.1255787037037037
3 0.2064887152777778 0.49638310185185186 0.06705729166666667 0.1171875
3 0.7307942708333334 0.4982638888888889 0.076171875 0.1099537037037037
3 0.7115885416666666 0.41391782407407407 0.0915798611111111 0.1484375
3 0.3246527777777778 0.3758680555555556 0.08203125 0.16550925925925927
3 0.4261067708333333 0.5371817129629629 0.0783420138888889 0.11024305555555555
3 0.6573350694444444 0.49580439814814814 0.07465277777777778 0.1449652777777778
3 0.7791883680555556 0.4234664351851852 0.06401909722222222 0.10619212962962964
3 0.2424045138888889 0.38252314814814814 0.09852430555555555 0.1909722222222222
