3 0.6291473765432098 0.3702256944444444 0.0630787037037037 0.15653935185185186
3 0.3435570987654321 0.3990162037037037 0.05787037037037037 0.13483796296296297
3 0.5567129629629629 0.35054976851851855 0.09259259259259259 0.1316550925925926
3 0.5604745370370371 0.5418113425925926 0.0630787037037037 0.09230324074074074
3 0.6560570987654321 0.5480324074074074 0.060570987654320986 0.07523148148148148
3 0.34837962962962965 0.5588831018518519 0.048996913580246916 0.04716435185185185
3 0.4070216049382716 0.3736979166666667 0.07484567901234568 0.1333912037037037
3 0.45698302469135804 0.5269097222222222 0.061342592592592594 0.10243055555555555
3 0.7025462962962963 0.5606192129629629 0.03973765432098766 0.04600694444444445
3 0.6881751543209876 0.3897569444444444 0.05806327160493827 0.15219907407407407
3 0.5078125 0.5361689814814815 0.060378086419753084 0.10011574074074074
1 0.40933641975308643 0.38700810185185186 0.028935185185185185 0.0708912037037037
1 0.6158371913580247 0.3810763888888889 0.02488425925925926 0.03761574074074074
3 0.6059027777777778 0.5423900462962963 0.04938271604938271 0.09056712962962964
3 0.39872685185185186 0.5396412037037037 0.05787037037037037 0.07291666666666667
