3 0.6894178700361011 0.565989847715736 0.09138086642599277 0.15600676818950932
3 0.2709837545126354 0.2939086294416244 0.11823104693140794 0.13908629441624365
3 0.37184115523465705 0.6289340101522842 0.08212996389891697 0.1532994923857868
3 0.450586642599278 0.6678510998307953 0.10243682310469314 0.16006768189509307
3 0.7578971119133574 0.3494077834179357 0.11236462093862816 0.14179357021996616
3 0.55110559566787 0.6702199661590524 0.10221119133574007 0.15668358714043992
3 0.6328971119133574 0.6458544839255499 0.0812274368231047 0.1532994923857868
3 0.3249097472924188 0.5375634517766498 0.09025270758122744 0.15939086294416244
3 0.7212319494584838 0.4527918781725888 0.11033393501805054 0.14483925549915397
3 0.30200812274368233 0.4023688663282572 0.11439530685920578 0.15499153976311336
