0 0.6919642857142857 0.32891246684350134 0.029265873015873016 0.019230769230769232
3 0.6635664682539683 0.2490053050397878 0.04836309523809524 0.05636604774535809
3 0.42063492063492064 0.28299071618037136 0.053075396825396824 0.0653183023872679
3 0.4564732142857143 0.24469496021220158 0.047867063492063495 0.05172413793103448
3 0.4098462301587302 0.33670424403183025 0.06820436507936507 0.0620026525198939
3 0.5967261904761905 0.23375331564986737 0.08432539682539683 0.07493368700265252
3 0.7062251984126984 0.3827917771883289 0.08159722222222222 0.054708222811671085
3 0.6938244047619048 0.28514588859416445 0.05828373015873016 0.0656498673740053
3 0.3978174603174603 0.3720159151193634 0.07688492063492064 0.06830238726790451
3 0.5168650793650794 0.23474801061007958 0.08085317460317461 0.0709549071618037
