3 0.8772052401746725 0.36560125753209327 0.07336244541484715 0.1936075451925596
3 0.5678602620087336 0.5258056064972492 0.11213973799126638 0.15247576630861934
3 0.8097816593886463 0.3908828923238145 0.08663755458515283 0.1791983232905423
3 0.651353711790393 0.47786219544144615 0.05764192139737991 0.10846214304427561
3 0.5893449781659389 0.4156405554100079 0.11248908296943232 0.1642651296829971
3 0.45668122270742356 0.5091695048467383 0.11196506550218341 0.1228713649462929
3 0.48061135371179037 0.4233691380665444 0.10532751091703056 0.13204086979303117
3 0.7076855895196507 0.41747445637935554 0.1227947598253275 0.2213780455855384
3 0.325589519650655 0.49331936075451926 0.14462882096069868 0.11841760544930574
3 0.3504803493449782 0.4128897039559864 0.15737991266375545 0.138328530259366
