3 0.6145 0.5306575829383886 0.013 0.04887440758293839
3 0.42241666666666666 0.47422985781990523 0.03783333333333333 0.0811611374407583
3 0.5160833333333333 0.5410248815165877 0.0315 0.08264218009478673
3 0.42633333333333334 0.5447274881516587 0.03233333333333333 0.06042654028436019
3 0.5769166666666666 0.5356931279620853 0.03216666666666667 0.09804502369668247
3 0.5623333333333334 0.45601303317535546 0.03833333333333333 0.08501184834123222
3 0.4544166666666667 0.5416172985781991 0.0345 0.07434834123222749
3 0.4845 0.5419135071090048 0.033 0.07908767772511849
3 0.6285833333333334 0.4755627962085308 0.015833333333333335 0.055983412322274884
3 0.60075 0.5327310426540285 0.023833333333333335 0.0696090047393365
0 0.47 0.43661137440758296 0.035666666666666666 0.05687203791469194
3 0.39108333333333334 0.5028139810426541 0.03783333333333333 0.09093601895734597
3 0.5469166666666667 0.538803317535545 0.0315 0.08175355450236967
3 0.61475 0.4755627962085308 0.017833333333333333 0.0648696682464455
3 0.5945 0.4628258293838863 0.030333333333333334 0.10456161137440759
0 0.52075 0.42861374407582936 0.035166666666666666 0.050355450236966824
