3 0.5606993840651698 0.37142352525609323 0.12795549374130738 0.3210879547862946
3 0.4477448837671369 0.7221829742140586 0.08046890522551162 0.24761568350406216
3 0.6038148221736539 0.712292476156835 0.08185972580965627 0.26951607205934297
3 0.6667991257699185 0.38166725538678914 0.09894695012914763 0.28223242670434473
3 0.23753228690641764 0.708230307311904 0.07252135903039937 0.23807841752031084
3 0.2530300019868865 0.373719533733663 0.07927677329624479 0.29247615683504063
3 0.2017683290284125 0.6932179441893324 0.06457381283528711 0.24690921935711763
3 0.7968408503874429 0.3807841752031084 0.047883965825551364 0.25785941363475806
3 0.32674349294655275 0.3746026139173437 0.09556924299622492 0.28081949841045567
3 0.16958076693820784 0.38696573648887317 0.040731174249950326 0.23631225715294948
3 0.3011126564673157 0.7195337336630167 0.07649513212795549 0.2839985870717061
3 0.37224319491357044 0.708230307311904 0.07808464136697794 0.23807841752031084
3 0.8434333399562884 0.6503002472624514 0.09099940393403537 0.23666548922642175
3 0.7483608185972581 0.6912751677852349 0.06497119014504271 0.22677499116919816
3 0.7429962249155573 0.36329918756623103 0.08205841446453407 0.29494878134934654
3 0.43165110272203455 0.3726598375132462 0.1317305781839857 0.3164959378311551
3 0.7863103516789192 0.6780289650300247 0.07252135903039937 0.24690921935711763
3 0.5275183787005762 0.7276580713528789 0.0794754619511226 0.26986930413281524
3 0.6808066759388038 0.7054044507241257 0.0768925094377111 0.28541151536559517
3 0.20335783826743492 0.3860826563051925 0.049473475064573814 0.2592723419286471
