3 0.7753106725146199 0.4817708333333333 0.05171783625730994 0.1318530701754386
3 0.5947551169590644 0.4653234649122807 0.09155701754385964 0.18229166666666666
3 0.6625548245614035 0.44942434210526316 0.09228801169590643 0.18229166666666666
3 0.3866045321637427 0.6462445175438597 0.06451023391812866 0.10005482456140351
3 0.8264802631578947 0.4786184210526316 0.06158625730994152 0.13212719298245615
3 0.7310855263157895 0.5740131578947368 0.07839912280701754 0.10635964912280702
3 0.5151681286549707 0.46710526315789475 0.1111111111111111 0.20833333333333334
3 0.3123172514619883 0.5080866228070176 0.06871345029239766 0.19654605263157895
3 0.8024488304093568 0.5833333333333334 0.09758771929824561 0.08881578947368421
3 0.522843567251462 0.6162280701754386 0.0800438596491228 0.11458333333333333
3 0.7276133040935673 0.47875548245614036 0.05829678362573099 0.13294956140350878
3 0.6804641812865497 0.5833333333333334 0.07803362573099415 0.12390350877192982
3 0.40250365497076024 0.5013706140350878 0.11933479532163743 0.20559210526315788
3 0.2892909356725146 0.6776315789473685 0.02887426900584795 0.15076754385964913
3 0.26498538011695905 0.5441337719298246 0.05299707602339181 0.1836622807017544
3 0.4522112573099415 0.6236293859649122 0.07766812865497076 0.13815789473684212
3 0.3284904970760234 0.6633771929824561 0.06487573099415204 0.1611842105263158
3 0.6066337719298246 0.6099232456140351 0.08899853801169591 0.14144736842105263
