3 0.794385026737968 0.37961116650049853 0.09839572192513368 0.2357926221335992
3 0.8744652406417113 0.3377367896311067 0.06925133689839572 0.24476570289132601
3 0.07433155080213903 0.29636091724825525 0.06256684491978609 0.21784646061814555
3 0.5771390374331551 0.3905782652043868 0.15106951871657753 0.2916251246261216
3 0.3068181818181818 0.3893320039880359 0.09866310160427808 0.26819541375872386
3 0.21310160427807487 0.3609172482552343 0.10320855614973262 0.2711864406779661
3 0.42566844919786095 0.3818544366899302 0.15294117647058825 0.3140578265204387
3 0.7005347593582888 0.3865902293120638 0.09893048128342247 0.26570289132602193
3 0.12914438502673797 0.3232801595214357 0.07005347593582888 0.2666999002991027
3 0.9310160427807487 0.29411764705882354 0.05561497326203209 0.22532402791625125
