3 0.3725833333333333 0.361875 0.09516666666666666 0.15775
3 0.7774166666666666 0.428625 0.04816666666666667 0.15675
3 0.7391666666666666 0.669875 0.050333333333333334 0.14725
3 0.27258333333333334 0.578125 0.0995 0.12675
3 0.48075 0.67275 0.08016666666666666 0.1185
3 0.54625 0.691375 0.0765 0.09875
3 0.33208333333333334 0.604625 0.0895 0.12325
3 0.6081666666666666 0.69925 0.07033333333333333 0.097
3 0.6984166666666667 0.685375 0.0635 0.14225
3 0.45566666666666666 0.37175 0.09233333333333334 0.194
3 0.6630833333333334 0.69725 0.0625 0.108
3 0.6515833333333333 0.42 0.09783333333333333 0.203
3 0.72675 0.42375 0.06516666666666666 0.1815
3 0.5510833333333334 0.39925 0.11116666666666666 0.2185
3 0.4053333333333333 0.64025 0.083 0.1235
