3 0.372082078313253 0.31610653138871275 0.1534262048192771 0.30754597336715284
3 0.5769954819277109 0.7075142675967026 0.13064759036144577 0.2603043753963221
3 0.3988140060240964 0.7385859226379201 0.11163403614457831 0.25649968294229547
3 0.2418109939759036 0.3260938490805327 0.12443524096385543 0.30342422320862394
3 0.8994728915662651 0.24635383639822447 0.10655120481927711 0.2270133164235891
3 0.5106362951807228 0.2958148383005707 0.13083584337349397 0.2828154724159797
3 0.8226656626506024 0.6188966391883323 0.14533132530120482 0.2726696258719087
3 0.9188629518072289 0.5580215599239061 0.14006024096385541 0.22637920101458464
3 0.7863328313253012 0.27045022194039314 0.12612951807228914 0.25428027901078
3 0.4792921686746988 0.7358909321496513 0.12085843373493976 0.2612555485098288
3 0.653332078313253 0.26521876981610654 0.15832078313253012 0.297717184527584
3 0.16321536144578314 0.3134115409004439 0.050075301204819275 0.297717184527584
3 0.6956890060240963 0.672003804692454 0.14853162650602408 0.27805960684844644
3 0.3253953313253012 0.724001268230818 0.0939382530120482 0.26410906785034877
