3 0.569875 0.42275965504311963 0.17325 0.2980877390326209
3 0.433625 0.5127484064491938 0.18925 0.36632920884889386
3 0.949375 0.14548181477315336 0.10075 0.21597300337457817
0 0.36125 0.4733783277090364 0.01 0.013873265841769778
3 0.7045 0.31289838770153733 0.194 0.2890888638920135
3 0.811 0.16535433070866143 0.1815 0.2512185976752906
0 0.704875 0.34401949756280464 0.01975 0.025871766029246346
0 0.42275 0.625421822272216 0.0045 0.015748031496062992
0 0.4655 0.6002999625046869 0.0195 0.029996250468691414
0 0.455375 0.4728158980127484 0.00675 0.008248968878890138
