1 0.2105516975308642 0.55078125 0.05652006172839506 0.17274305555555555
3 0.1492091049382716 0.7093460648148148 0.17997685185185186 0.22077546296296297
3 0.6305941358024691 0.4027777777777778 0.16126543209876543 0.22800925925925927
3 0.08323688271604938 0.8713831018518519 0.16647376543209877 0.20052083333333334
3 0.21604938271604937 0.5292245370370371 0.1570216049382716 0.2505787037037037
3 0.4696180555555556 0.3880208333333333 0.16570216049382716 0.24016203703703703
0 0.06076388888888889 0.9111689814814815 0.008101851851851851 0.013888888888888888
3 0.9312307098765432 0.9050925925925926 0.1371527777777778 0.1892361111111111
3 0.8423996913580247 0.5655381944444444 0.16126543209876543 0.2387152777777778
3 0.3314043209876543 0.4357638888888889 0.1419753086419753 0.19212962962962962
3 0.904320987654321 0.7379918981481481 0.18016975308641975 0.23292824074074073
3 0.7521219135802469 0.453125 0.12075617283950617 0.19675925925925927
