3 0.8050213675213675 0.5267094017094017 0.07941595441595442 0.10844017094017094
3 0.6609686609686609 0.5588942307692307 0.09935897435897435 0.1674679487179487
3 0.38746438746438744 0.5583600427350427 0.10113960113960115 0.16372863247863248
3 0.30511039886039887 0.5324519230769231 0.09099002849002849 0.1423611111111111
3 0.3002136752136752 0.36030982905982906 0.11431623931623931 0.18322649572649571
3 0.23183760683760685 0.531784188034188 0.08618233618233619 0.12767094017094016
3 0.47827635327635326 0.5663728632478633 0.09366096866096867 0.16159188034188035
3 0.7288995726495726 0.3854166666666667 0.11413817663817664 0.16346153846153846
3 0.5675747863247863 0.563034188034188 0.09099002849002849 0.1639957264957265
3 0.5935719373219374 0.38247863247863245 0.15473646723646722 0.20619658119658119
3 0.4356303418803419 0.391025641025641 0.15402421652421652 0.20512820512820512
3 0.7429665242165242 0.5408653846153846 0.08885327635327635 0.15384615384615385
0 0.8269230769230769 0.39115918803418803 0.058048433048433046 0.07398504273504274
