3 0.4143324845398327 0.11080786026200873 0.14841760640232812 0.16921397379912664
3 0.2881047653692252 0.189410480349345 0.12077118952346308 0.18340611353711792
3 0.8637686431429611 0.8719978165938864 0.17351764277919243 0.23744541484716158
3 0.13786831575118225 0.8422489082969432 0.1811567842851946 0.24672489082969432
3 0.8466715169152419 0.662117903930131 0.1786104037831939 0.259825327510917
0 0.2639141506002183 0.3138646288209607 0.00327391778828665 0.028384279475982533
0 0.5700254638050201 0.14819868995633187 0.0036376864314296106 0.023471615720524017
0 0.5847580938523099 0.11926855895196506 0.0025463805020007274 0.009279475982532752
3 0.16769734448890505 0.642467248908297 0.17824663514005093 0.26965065502183405
3 0.5572935612950164 0.1064410480349345 0.14841760640232812 0.18340611353711792
3 0.18297562750090943 0.4462336244541485 0.1440523826846126 0.18395196506550218
3 0.25481993452164425 0.3471615720524017 0.14223353946889777 0.185589519650655
3 0.6633321207711895 0.1091703056768559 0.08184794470716625 0.1408296943231441
3 0.7342670061840669 0.18313318777292575 0.11822480902146235 0.18286026200873362
0 0.8324845398326665 0.673853711790393 0.0025463805020007274 0.003820960698689956
0 0.7075300109130593 0.16320960698689957 0.0021826118588577663 0.021834061135371178
3 0.8286649690796654 0.4683406113537118 0.14332484539832666 0.1812227074235808
0 0.8055656602400874 0.7530021834061136 0.004728992360858494 0.006004366812227074
0 0.8761367770098217 0.4923580786026201 0.009094216078574026 0.006550218340611353
0 0.8563113859585304 0.7628275109170306 0.0029101491451436886 0.006004366812227074
3 0.7697344488905057 0.3463427947598253 0.1411422335394689 0.20141921397379914
3 0.37922881047653695 0.24699781659388648 0.08839578028373954 0.1326419213973799
