3 0.4521410579345088 0.37410071942446044 0.14483627204030228 0.385103681760474
3 0.8391057934508817 0.4028776978417266 0.046809403862300585 0.302158273381295
3 0.18786733837111672 0.6955141768937791 0.06633081444164568 0.33220482437579346
3 0.6286733837111671 0.7410071942446043 0.09529806884970612 0.3986457892509522
3 0.7187237615449202 0.7223867964451968 0.09193954659949623 0.3571730850613627
3 0.13297649034424852 0.3961066440964875 0.04848866498740554 0.2928480744815912
3 0.17495801847187237 0.3819297503173931 0.056465155331654075 0.350825222175201
3 0.5427162048698573 0.7249259415996614 0.08543240973971453 0.3343207786711807
3 0.5912048698572628 0.38806601777401606 0.13832913518052056 0.36140499365213713
3 0.7779177162048698 0.3766398645789251 0.08438287153652393 0.4045704612780364
3 0.33753148614609574 0.36754126110876006 0.11838790931989925 0.3745239102835379
3 0.3642947103274559 0.7308506136267456 0.1026448362720403 0.37240795598815063
3 0.6977329974811083 0.3922979263647905 0.10075566750629723 0.3351671603893356
3 0.244752308984047 0.3484976724502751 0.10831234256926953 0.4430808294540838
3 0.457703610411419 0.7365636902242911 0.08879093198992444 0.3533643673296657
3 0.7893576826196473 0.6800677105374524 0.06528127623845507 0.28861616589081673
3 0.2635390428211587 0.7355057130765975 0.10684298908480269 0.42149809564113416
