1 0.628072445019405 0.36710963455149503 0.0944372574385511 0.12292358803986711
3 0.10672703751617077 0.5780730897009967 0.18758085381630013 0.6312292358803987
3 0.6228978007761966 0.6212624584717608 0.2186287192755498 0.6511627906976745
3 0.2632600258732212 0.5963455149501661 0.14877102199223805 0.5813953488372093
3 0.7677878395860285 0.6993355481727574 0.10996119016817593 0.4485049833887043
3 0.8958602846054333 0.4634551495016611 0.19534282018111254 0.7275747508305648
3 0.42626131953428203 0.6079734219269103 0.2108667529107374 0.7109634551495017
1 0.10672703751617077 0.4119601328903654 0.1203104786545925 0.23255813953488372
0 0.11384217335058215 0.4169435215946844 0.09831824062095731 0.22259136212624583
0 0.315006468305304 0.627906976744186 0.037516170763260026 0.19269102990033224
