1 0.7582962363415621 0.4732699732699733 0.0989477944152165 0.10484110484110484
3 0.759915014164306 0.4858924858924859 0.10461351679481991 0.13186813186813187
3 0.5886280857952246 0.6201366201366202 0.11371914204775395 0.15503415503415505
3 0.34560906515580736 0.4962874962874963 0.09146094698502631 0.15503415503415505
3 0.46367867260218537 0.6260766260766261 0.11270740590853905 0.14077814077814077
3 0.669769324160259 0.6012771012771013 0.10441116956697694 0.1583011583011583
0 0.4436462970457305 0.48514998514998514 0.11715904492108459 0.17433917433917434
0 0.23543099959530556 0.5066825066825067 0.038648320518008906 0.07662607662607662
3 0.7707405908539053 0.5942975942975943 0.10198300283286119 0.11286011286011285
3 0.28622015378389315 0.629046629046629 0.08761634965600971 0.16394416394416395
3 0.2559692432213679 0.5028215028215028 0.08741400242816673 0.12236412236412236
3 0.8461149332254149 0.4752004752004752 0.07507082152974505 0.13068013068013068
3 0.443342776203966 0.48455598455598453 0.1169566976932416 0.17433917433917434
3 0.3758599757183327 0.6314226314226314 0.08276001618777823 0.1366201366201366
3 0.6479158235532173 0.45574695574695573 0.16471064346418454 0.15414315414315413
0 0.8473290165924727 0.47341847341847343 0.05038445973290166 0.06118206118206118
0 0.47005261027923917 0.480991980991981 0.03156616754350466 0.07217107217107217
0 0.39589235127478756 0.4953964953964954 0.009105625252934034 0.016632016632016633
