3 0.5428545321637427 0.3378563596491228 0.08753654970760234 0.11485745614035088
3 0.8349780701754386 0.30057565789473684 0.06469298245614036 0.12911184210526316
3 0.5890899122807017 0.4624451754385965 0.1120248538011696 0.10087719298245613
3 0.600968567251462 0.5279605263157895 0.08278508771929824 0.1118421052631579
3 0.6904239766081871 0.49191337719298245 0.089546783625731 0.11266447368421052
3 0.6388888888888888 0.5160361842105263 0.08552631578947369 0.10663377192982457
3 0.803453947368421 0.4066611842105263 0.0670687134502924 0.12033991228070176
3 0.8550804093567251 0.19284539473684212 0.03618421052631579 0.11979166666666667
3 0.7513706140350878 0.48711622807017546 0.06597222222222222 0.11458333333333333
3 0.5595760233918129 0.4413377192982456 0.09064327485380116 0.12390350877192982
