3 0.3763440860215054 0.5325975359342916 0.08141321044546851 0.11550308008213553
3 0.6442012288786483 0.5094969199178645 0.0718125960061444 0.09291581108829569
3 0.5337941628264209 0.6119096509240246 0.06451612903225806 0.06878850102669405
3 0.472926267281106 0.6129363449691991 0.06336405529953917 0.06673511293634497
3 0.5986943164362519 0.6080595482546202 0.06374807987711213 0.07648870636550308
3 0.46639784946236557 0.5426078028747433 0.10176651305683564 0.12114989733059549
3 0.4055299539170507 0.6057494866529775 0.0706605222734255 0.06673511293634497
3 0.7029569892473119 0.5305441478439425 0.07795698924731183 0.1257700205338809
3 0.25153609831029183 0.5136036960985626 0.04838709677419355 0.08983572895277207
3 0.304531490015361 0.5341375770020534 0.06912442396313365 0.12166324435318275
2 0.6457373271889401 0.5159137577002053 0.06797235023041474 0.08213552361396304
3 0.5616359447004609 0.5259240246406571 0.09639016897081414 0.10831622176591375
2 0.49827188940092165 0.5705852156057495 0.03648233486943164 0.054928131416837785
3 0.6559139784946236 0.6196098562628337 0.052995391705069124 0.048254620123203286
