3 0.7794037571467465 0.5186186186186186 0.03879662401306834 0.10550550550550551
1 0.8011843179961884 0.31981981981981983 0.033623740811325895 0.06066066066066066
3 0.8047236591342227 0.3755755755755756 0.04696433433160904 0.1873873873873874
3 0.1602913150013613 0.4143143143143143 0.04778110536346311 0.17157157157157157
3 0.24441873128233052 0.5462462462462463 0.0709229512659951 0.14794794794794794
3 0.26898992649060716 0.4223223223223223 0.08412741628096923 0.191991991991992
3 0.5677919956438878 0.42502502502502504 0.11407568744895182 0.19539539539539538
3 0.31690716035937927 0.5486486486486486 0.07759324802613668 0.12352352352352353
3 0.6660087122243398 0.4252252252252252 0.08698611489245849 0.17697697697697698
3 0.7468690443778927 0.3671671671671672 0.09597059624285326 0.2506506506506507
3 0.7350258644160087 0.5177177177177177 0.05703784372447591 0.11931931931931931
3 0.8614211815954261 0.43333333333333335 0.07704873400490063 0.08508508508508508
3 0.8535937925401579 0.31561561561561563 0.0837190307650422 0.1787787787787788
3 0.19711407568744896 0.5692692692692692 0.047644976858154095 0.15355355355355355
0 0.8343996732915873 0.27417417417417417 0.041246937108630546 0.06386386386386386
3 0.45405662945820857 0.42922922922922924 0.11557310100735094 0.1961961961961962
3 0.67975769126055 0.5194194194194194 0.06983392322352301 0.12832832832832833
3 0.3502586441600871 0.42412412412412415 0.09774026681187041 0.21521521521521522
0 0.8343996732915873 0.4361361361361361 0.021916689354750885 0.04064064064064064
3 0.8221481078137762 0.4938938938938939 0.05976041383065614 0.0944944944944945
3 0.20521372175333516 0.4025025025025025 0.0616662129049823 0.1983983983983984
