3 0.4294130023143278 0.4205853337717856 0.04754891647380602 0.061821769154883265
3 0.6839890595413423 0.41466622821440313 0.04881127708815485 0.057218020388030255
3 0.6755733221123501 0.3697796777375863 0.056806227645697455 0.08516935218678066
3 0.6448558804965285 0.40924038145346925 0.04376183463075952 0.07727721144360408
3 0.42225962549968443 0.372245971719829 0.0547022932884494 0.05458730680697139
0 0.561119293078056 0.36238079579085825 0.047969703345255625 0.05458730680697139
3 0.49368819692825583 0.3949358763564617 0.050284031138228484 0.08155212101282473
3 0.38491479065853146 0.4179546201907267 0.043551441195034714 0.08549819138441302
3 0.6006732589943193 0.40874712265702073 0.04334104775930991 0.07365998026964814
3 0.7148116978750263 0.36155869779677735 0.035977277508941724 0.06806971390989806
3 0.3330528087523669 0.41088457744163104 0.050073637702503684 0.07530417625780993
3 0.5528087523669262 0.3987175271292338 0.04902167052387966 0.06083525156198619
3 0.3574584472964443 0.37964485366655704 0.06101409636019356 0.08122328181519237
3 0.6225541763096991 0.37438342650443934 0.05049442457395329 0.07070042749095692
