1 0.4330833333333333 0.579875 0.030166666666666668 0.04875
3 0.6118333333333333 0.4925 0.025 0.0275
3 0.38958333333333334 0.5485 0.036166666666666666 0.034
3 0.4721666666666667 0.59225 0.042666666666666665 0.044
3 0.5571666666666667 0.585125 0.044333333333333336 0.06925
3 0.598 0.586375 0.04066666666666666 0.03875
3 0.6276666666666667 0.5555 0.042333333333333334 0.0675
0 0.3988333333333333 0.4895 0.034333333333333334 0.0255
3 0.4325 0.49075 0.04033333333333333 0.029
3 0.5138333333333334 0.58875 0.041 0.0665
3 0.6610833333333334 0.5515 0.03783333333333333 0.044
0 0.43283333333333335 0.57975 0.01633333333333333 0.0445
0 0.4166666666666667 0.572 0.006666666666666667 0.009
0 0.40475 0.5735 0.008833333333333334 0.0255
0 0.64075 0.5735 0.012166666666666666 0.0255
0 0.66825 0.568375 0.008833333333333334 0.00625
0 0.6745 0.56125 0.004333333333333333 0.0085
1 0.6385 0.569875 0.02 0.03825
3 0.41308333333333336 0.561125 0.026833333333333334 0.05475
0 0.41941666666666666 0.486875 0.012833333333333334 0.02175
3 0.5541666666666667 0.49575 0.06566666666666666 0.084
3 0.4815 0.49175 0.059666666666666666 0.0695
0 0.64775 0.48325 0.036166666666666666 0.0195
3 0.4374166666666667 0.56575 0.0405 0.077
0 0.6119166666666667 0.4925 0.024833333333333332 0.0275
