3 0.30594135802469136 0.5881076388888888 0.08371913580246913 0.1171875
0 0.4894868827160494 0.5177951388888888 0.007137345679012345 0.01765046296296296
1 0.6368634259259259 0.4771412037037037 0.08121141975308642 0.08391203703703703
0 0.6165123456790124 0.48119212962962965 0.014660493827160493 0.03587962962962963
3 0.3819444444444444 0.6119791666666666 0.07060185185185185 0.13310185185185186
3 0.7237654320987654 0.4665798611111111 0.08449074074074074 0.10503472222222222
3 0.46296296296296297 0.6105324074074074 0.07716049382716049 0.12731481481481483
3 0.543016975308642 0.6118344907407407 0.07484567901234568 0.12239583333333333
3 0.6945408950617284 0.5920138888888888 0.07696759259259259 0.11979166666666667
3 0.7446952160493827 0.5762442129629629 0.10127314814814815 0.13686342592592593
3 0.41165123456790126 0.4917534722222222 0.11651234567901235 0.11950231481481481
3 0.5406057098765432 0.5017361111111112 0.11284722222222222 0.1087962962962963
0 0.4567901234567901 0.4693287037037037 0.021604938271604937 0.036458333333333336
0 0.49353780864197533 0.47583912037037035 0.016396604938271605 0.03269675925925926
3 0.6385030864197531 0.4777199074074074 0.08719135802469136 0.08564814814814815
3 0.6205632716049383 0.6053240740740741 0.07175925925925926 0.1244212962962963
