3 0.5858510638297872 0.7081072454516438 0.08063829787234042 0.1886370890520268
3 0.409468085106383 0.6587934886690073 0.09553191489361702 0.21768273220555379
3 0.7353191489361702 0.7101819342483243 0.08595744680851064 0.16469837216725183
3 0.5002127659574468 0.6763485477178424 0.08042553191489361 0.18640280880944782
3 0.45595744680851064 0.510213852537504 0.15872340425531914 0.2690711777848707
3 0.21723404255319148 0.496488988190233 0.10638297872340426 0.2722630067028407
3 0.24861702127659574 0.6763485477178424 0.07085106382978723 0.15831471433131183
3 0.32691489361702125 0.519470156399617 0.11808510638297873 0.26524098308330674
3 0.731063829787234 0.518831790616023 0.10042553191489362 0.23332269390360677
3 0.62 0.488509415895308 0.15617021276595744 0.29141398021066073
3 0.6572340425531915 0.7050750079795723 0.07659574468085106 0.17618895627194384
3 0.8111702127659575 0.4896265560165975 0.09212765957446808 0.25470794765400573
3 0.32776595744680853 0.7092243855729333 0.09978723404255319 0.1972550271305458
