3 0.5277271068952937 0.8256578947368421 0.06530463334549434 0.11074561403508772
1 0.4299525720539949 0.5748355263157895 0.031740240788033565 0.05975877192982456
3 0.46844217438890917 0.8125 0.05910251732944181 0.09868421052631579
3 0.8332725282743524 0.8610197368421053 0.09923385625684057 0.07401315789473684
3 0.5970448741335279 0.6252741228070176 0.09449106165632981 0.10581140350877193
3 0.5921196643560744 0.8327850877192983 0.06275082086829624 0.10964912280701754
1 0.4989055089383437 0.5688048245614035 0.028821597956950017 0.0268640350877193
3 0.503283473184969 0.612390350877193 0.0842758117475374 0.11513157894736842
3 0.7064939802991609 0.6140350877192983 0.09886902590295513 0.11951754385964912
3 0.4343305363006202 0.5978618421052632 0.05290040131338927 0.1069078947368421
3 0.7464429040496169 0.846765350877193 0.08828894564027727 0.10800438596491228
3 0.663808828894564 0.8267543859649122 0.07989784750091207 0.09978070175438597
3 0.8022619481940898 0.6595394736842105 0.09631521342575702 0.1425438596491228
3 0.4222911346224006 0.8026315789473685 0.044874133527909525 0.07894736842105263
