3 0.333875 0.6426696662917135 0.09925 0.18222722159730034
0 0.361875 0.6777277840269966 0.00575 0.01537307836520435
0 0.73725 0.6182977127859017 0.0105 0.02924634420697413
3 0.687875 0.4904386951631046 0.09525 0.14098237720284965
0 0.297 0.6524184476940382 0.0035 0.010498687664041995
3 0.390125 0.5408698912635921 0.08925 0.14960629921259844
0 0.678 0.5176227971503562 0.0035 0.00562429696287964
3 0.759 0.5691788526434196 0.1055 0.17097862767154107
3 0.4735 0.44169478815148105 0.129 0.2039745031871016
3 0.80875 0.6991001124859393 0.135 0.16385451818522684
0 0.821375 0.7427821522309711 0.00475 0.006749156355455568
0 0.360625 0.6940382452193475 0.00425 0.01274840644919385
0 0.668375 0.46231721034870643 0.03275 0.06374203224596925
0 0.701125 0.5234345706786652 0.00675 0.020247469066366704
0 0.670125 0.536745406824147 0.02375 0.04011998500187477
3 0.59425 0.4473190851143607 0.1185 0.15373078365204348
0 0.40875 0.5791151106111736 0.015 0.025121859767529058
0 0.69375 0.5059992500937383 0.011 0.013873265841769778
