3 0.7505649717514125 0.683325862841775 0.07740112994350283 0.0811295383236217
3 0.676271186440678 0.6967727476467952 0.08418079096045197 0.1134020618556701
3 0.5861581920903954 0.683998207082026 0.1 0.15150156880322727
3 0.4235875706214689 0.6983415508740475 0.0748587570621469 0.14164051994621246
3 0.8412429378531073 0.47220977140295833 0.08305084745762711 0.12953832362169432
3 0.2621468926553672 0.37449574181981177 0.06666666666666667 0.21111609143881668
3 0.7707627118644068 0.4547288211564321 0.09011299435028249 0.16808606006275212
3 0.29350282485875706 0.688704616763783 0.06384180790960452 0.14657104437471985
3 0.2514124293785311 0.6828776333482743 0.05649717514124294 0.1537427162707306
3 0.5785310734463277 0.3915284625728373 0.1096045197740113 0.2317346481398476
3 0.34858757062146895 0.3836844464365755 0.11299435028248588 0.24562976243836845
3 0.46440677966101696 0.39242492155983866 0.1248587570621469 0.24249215598386373
3 0.21045197740112995 0.688704616763783 0.06779661016949153 0.14029583146571045
3 0.9177966101694915 0.46817570596145225 0.10282485875706214 0.13850291349170776
3 0.3596045197740113 0.7017032720753026 0.06892655367231638 0.14388166741371583
3 0.4977401129943503 0.6987897803675481 0.08644067796610169 0.1264007171671896
3 0.2059322033898305 0.3964589870013447 0.06610169491525424 0.23532048408785297
3 0.6851694915254237 0.43455849394890184 0.11836158192090396 0.2415956969968624
3 0.1944915254237288 0.6766024204392649 0.06694915254237288 0.13402061855670103
