0 0.712593000826674 0.4228527607361963 0.025351336456324057 0.011349693251533743
1 0.25668228162028106 0.655521472392638 0.05263157894736842 0.06319018404907975
0 0.4818131716726371 0.4611963190184049 0.03554698263984569 0.04386503067484662
3 0.5774317993937724 0.48144171779141104 0.3403141361256545 0.5180981595092025
0 0.5953430697161752 0.4460122699386503 0.13529898043538166 0.05521472392638037
3 0.8655276935794984 0.46809815950920247 0.26839349683108293 0.4625766871165644
1 0.9404794709286305 0.453680981595092 0.0699917332598512 0.053987730061349694
3 0.23050427114907687 0.5542944785276074 0.32267842380821166 0.49938650306748467
0 0.22664645907963626 0.5391104294478528 0.01901350234224304 0.008282208588957056
0 0.1862772113529898 0.5421779141104295 0.02700468448608432 0.006441717791411043
0 0.2977404243593276 0.6122699386503068 0.03554698263984569 0.04723926380368098
0 0.3393496831082943 0.5966257668711656 0.05924497106640948 0.050920245398773004
