3 0.5328763645595329 0.642993145468393 0.0919014978420919 0.23267326732673269
3 0.7924600152322925 0.5767326732673267 0.06473724295506474 0.14965727341964966
3 0.604975882203605 0.6319497334348819 0.08326986544808326 0.2143945163747144
3 0.2892866209697893 0.6507996953541508 0.09672505712109672 0.26732673267326734
3 0.6872302614876872 0.6498476770753998 0.11068799187611068 0.23343488194973344
3 0.44998730642295 0.638994668697639 0.08098502157908098 0.2322924600152323
3 0.18316831683168316 0.5734958111195735 0.0627062706270627 0.15308453922315307
3 0.37230261487687233 0.630997715156131 0.09012439705509012 0.22162985529322163
3 0.20766692053820768 0.6452779893373953 0.07006854531607007 0.21591774562071592
3 0.2561563848692562 0.44402132520944404 0.11525767961411526 0.24828636709824828
1 0.7816704747397817 0.6757425742574258 0.027925869510027925 0.05521706016755522
0 0.787001777100787 0.6848819497334349 0.007108403148007108 0.02399086062452399
0 0.6311246509266312 0.6408987052551409 0.008631632394008631 0.04798172124904798
1 0.6877380045696877 0.6846915460776847 0.11068799187611068 0.16222391469916222
1 0.6259202843361259 0.6608910891089109 0.03528814419903529 0.13518659558263518
0 0.6554963188626555 0.6294744859101294 0.03554201574003554 0.044173648134044174
0 0.6492764661081493 0.658987052551409 0.0027925869510027927 0.0057121096725057125
0 0.6541000253871541 0.6534653465346535 0.0033003300330033004 0.006092916984006093
3 0.752982990606753 0.6197638994668697 0.08783955318608784 0.17174409748667174
