3 0.603073796519751 0.5806102575200173 0.2067826749650705 0.40164466565678425
3 0.9535120030483932 0.605280242371781 0.07443160167661628 0.2505951092837048
3 0.052648291629620224 0.4753300151482363 0.09208687920741776 0.2650941354685133
3 0.6623904483678394 0.3333694005626488 0.12625428680299758 0.26682536247565464
3 0.7824209323002668 0.3851980090889418 0.12650831957322495 0.35273750270504217
3 0.29061348914009905 0.31594892880328934 0.123713959100724 0.24669984851763688
3 0.7634319827257716 0.6263795715213157 0.13882890892925187 0.3533867128327202
3 0.8891782039883145 0.47652023371564595 0.09640543630128287 0.30859121402293876
3 0.538867013844786 0.29668902834884225 0.12155468055379144 0.20385198009088942
3 0.09265845294042932 0.6764769530404674 0.12003048393242728 0.4059727331746375
3 0.4162962022100851 0.27558969919930754 0.12815953257970278 0.19454663492750487
3 0.9505906261907786 0.8108634494698117 0.06274609424615775 0.26704176585154726
3 0.1656293661882383 0.35630815840727115 0.13463736822050043 0.3079420038952608
3 0.3987679410643973 0.558969919930751 0.20538549472882 0.3856308158407271
3 0.876286040899276 0.7121835100627569 0.10135907532071638 0.3250378705907812
3 0.2205004445573479 0.5919714347543822 0.15572208814937127 0.36637091538628
