3 0.6366666666666667 0.51975 0.15 0.069
1 0.5348333333333334 0.457625 0.060333333333333336 0.03275
0 0.5628333333333333 0.433875 0.012333333333333333 0.01275
0 0.5145 0.469125 0.007 0.00375
3 0.6751666666666667 0.57925 0.12766666666666668 0.0855
3 0.9336666666666666 0.369 0.132 0.0845
3 0.9101666666666667 0.667875 0.11633333333333333 0.03825
3 0.5186666666666667 0.384125 0.13066666666666665 0.08375
3 0.5621666666666667 0.462625 0.18033333333333335 0.10325
3 0.8268333333333333 0.63625 0.129 0.077
