3 0.30420524691358025 0.6148726851851852 0.17746913580246915 0.29050925925925924
0 0.12721836419753085 0.5355902777777778 0.004436728395061728 0.005208333333333333
0 0.19116512345679013 0.5151909722222222 0.0030864197530864196 0.005497685185185185
3 0.7038966049382716 0.6197916666666666 0.13348765432098766 0.2042824074074074
3 0.5827546296296297 0.6270254629629629 0.13233024691358025 0.2523148148148148
3 0.7939814814814815 0.5232928240740741 0.12770061728395063 0.19936342592592593
3 0.4548611111111111 0.6316550925925926 0.12384259259259259 0.2604166666666667
3 0.8930362654320988 0.21571180555555555 0.1537422839506173 0.2421875
3 0.8840663580246914 0.05931712962962963 0.13503086419753085 0.11863425925925926
3 0.8602430555555556 0.3980034722222222 0.1545138888888889 0.23292824074074073
3 0.1519097222222222 0.6044560185185185 0.17033179012345678 0.26099537037037035
