3 0.486875 0.27044444444444443 0.06775 0.11777777777777777
3 0.368875 0.2777777777777778 0.07475 0.10933333333333334
0 0.4265 0.25333333333333335 0.038 0.06666666666666667
0 0.321 0.6666666666666666 0.041 0.112
0 0.528375 0.7006666666666667 0.03025 0.03244444444444444
0 0.565 0.29733333333333334 0.0315 0.056
3 0.473625 0.7948888888888889 0.04375 0.06355555555555556
3 0.53175 0.7433333333333333 0.042 0.068
0 0.315 0.30666666666666664 0.0335 0.06133333333333333
3 0.549875 0.5651111111111111 0.00875 0.0057777777777777775
3 0.534 0.27044444444444443 0.0325 0.08577777777777777
0 0.545625 0.6397777777777778 0.04525 0.07866666666666666
3 0.508625 0.7811111111111111 0.03775 0.06177777777777778
3 0.29775 0.5826666666666667 0.0575 0.08977777777777778
3 0.55025 0.5515555555555556 0.059 0.09333333333333334
3 0.356625 0.7624444444444445 0.03925 0.07955555555555556
0 0.535375 0.676 0.02175 0.02666666666666667
3 0.38925 0.796 0.0435 0.05688888888888889
3 0.432375 0.8024444444444444 0.04375 0.06
