3 0.41725352112676056 0.3405077262693157 0.06142410015649452 0.10706401766004416
2 0.6474960876369327 0.3173289183222958 0.06416275430359937 0.10596026490066225
0 0.6355633802816901 0.29304635761589404 0.0418622848200313 0.056291390728476824
1 0.6789906103286385 0.309878587196468 0.005868544600938967 0.012693156732891833
3 0.6956181533646323 0.31760485651214126 0.04929577464788732 0.1020971302428256
3 0.4405320813771518 0.32974613686534215 0.003129890453834116 0.008278145695364239
3 0.35837245696400627 0.3631346578366446 0.07276995305164319 0.10375275938189846
3 0.6471048513302035 0.3173289183222958 0.06416275430359937 0.10596026490066225
0 0.48571987480438183 0.30022075055187636 0.08098591549295775 0.076158940397351
2 0.4861111111111111 0.3305739514348786 0.08724569640062597 0.141280353200883
0 0.35465571205007823 0.34188741721854304 0.008998435054773083 0.017108167770419427
3 0.5757042253521126 0.3184326710816777 0.08568075117370892 0.141280353200883
2 0.5757042253521126 0.3184326710816777 0.08568075117370892 0.141280353200883
0 0.5694444444444444 0.2673841059602649 0.045774647887323945 0.0347682119205298
3 0.4865023474178404 0.33002207505518766 0.08724569640062597 0.141280353200883
