3 0.2505436752446539 0.42119425935417737 0.15893439652047844 0.1647872885699641
3 0.4401051105472997 0.5592004100461302 0.132113084450888 0.17734495130702205
3 0.5696810438564698 0.5748334187596105 0.13863718738673433 0.21476166068682725
3 0.648876404494382 0.40146078933880064 0.15567234505255528 0.23347001537672987
3 0.3892714751721638 0.42734495130702205 0.12287060529177238 0.16837519220912353
3 0.28769481696266763 0.5448487954894926 0.1882928597317869 0.13634033828805742
3 0.12350489307720189 0.4942337262942081 0.15603479521565786 0.14736032803690416
3 0.9662921348314607 0.5782931829830856 0.06705328017397608 0.1540235776524859
3 0.9140086988039144 0.3887749871860584 0.15458499456324756 0.24756535110199898
3 0.9051286698079014 0.5908508457201436 0.08535701341065603 0.1601742696053306
3 0.7044218919898514 0.5935417734495131 0.1319318593693367 0.2460276781137878
3 0.7885103298296484 0.3927473090722706 0.1377310619789779 0.22065607380830343
3 0.510148604566872 0.41901588928754485 0.1373686118158753 0.19528446950281908
3 0.8212214570496557 0.589185033316248 0.10710402319681044 0.21886212198872373
3 0.09822399420079739 0.3507175807278319 0.1486045668720551 0.1929779600205023
