0 0.37014028056112225 0.7126988892224557 0.009619238476953907 0.009606724707295107
3 0.45 0.8398378865205643 0.03507014028056112 0.04293005103572501
3 0.39248496993987975 0.48994296007205046 0.033867735470941886 0.06124287000900631
3 0.5188376753507014 0.8507955568898229 0.03006012024048096 0.04863404383068148
3 0.6160320641282565 0.7888021615130592 0.04809619238476954 0.06514560192134494
3 0.47945891783567135 0.49714800360252176 0.05030060120240481 0.07505253677574301
3 0.4290581162324649 0.4881416991894326 0.043687374749499 0.06844791353947763
3 0.6307615230460922 0.731612128489943 0.05190380761523046 0.06844791353947763
3 0.5811623246492986 0.4849894926448514 0.043286573146292584 0.0687481236865806
3 0.5543086172344689 0.8420894626238367 0.03486973947895792 0.0462323626538577
3 0.5900801603206413 0.8296307415190634 0.03627254509018036 0.05073551486040228
3 0.5318637274549098 0.49609726808766136 0.05090180360721443 0.06994896427499249
0 0.41492985971943885 0.47478234764335037 0.004208416833667334 0.011708195737015911
0 0.44819639278557116 0.4911438006604623 0.003807615230460922 0.010807565295706995
3 0.616933867735471 0.4914440108075653 0.033066132264529056 0.04983488441909337
3 0.48376753507014025 0.849294506154308 0.030460921843687375 0.04863404383068148
1 0.5667334669338677 0.49399579705794056 0.014428857715430862 0.025517862503752625
1 0.630060120240481 0.7322125487841489 0.03807615230460922 0.0666466526568598
1 0.6219438877755511 0.4860402281597118 0.01623246492985972 0.018012608826178327
0 0.37895791583166333 0.7392674872410687 0.02124248496993988 0.01591113779645752
0 0.49829659318637276 0.5073551486040229 0.006613226452905812 0.0204142900030021
0 0.5152304609218437 0.489492644851396 0.004408817635270541 0.017712398679075352
0 0.6296593186372745 0.7274091864305013 0.0156312625250501 0.008405884118883218
1 0.4990981963927856 0.5001501050735515 0.009819639278557115 0.0408285800060042
1 0.5124248496993988 0.49084359051335935 0.011222444889779559 0.028219753827679377
