3 0.47787921348314605 0.6225421348314607 0.05500936329588015 0.05056179775280899
3 0.6458333333333334 0.5222963483146067 0.0552434456928839 0.0684691011235955
3 0.5241104868913857 0.5203651685393258 0.05383895131086142 0.06601123595505617
3 0.5349953183520599 0.6155196629213483 0.057818352059925096 0.05196629213483146
3 0.5887172284644194 0.5279143258426966 0.07116104868913857 0.09726123595505617
3 0.46477059925093633 0.5263342696629213 0.05828651685393258 0.08356741573033707
3 0.2863998127340824 0.49877106741573035 0.04611423220973783 0.10428370786516854
3 0.28651685393258425 0.592872191011236 0.035580524344569285 0.056530898876404494
0 0.4506086142322097 0.5210674157303371 0.008895131086142321 0.016151685393258428
0 0.47495318352059923 0.4942064606741573 0.006554307116104869 0.00877808988764045
0 0.44744850187265917 0.542310393258427 0.002106741573033708 0.010884831460674158
3 0.33286516853932585 0.5005266853932584 0.0552434456928839 0.07057584269662921
1 0.5062031835205992 0.5261587078651685 0.0175561797752809 0.03827247191011236
1 0.46477059925093633 0.5212429775280899 0.05828651685393258 0.07338483146067416
