3 0.5998263888888888 0.5590277777777778 0.07349537037037036 0.1597222222222222
3 0.7503858024691358 0.41044560185185186 0.02546296296296296 0.12702546296296297
3 0.1873070987654321 0.4049479166666667 0.05131172839506173 0.15596064814814814
3 0.45611496913580246 0.5814525462962963 0.07156635802469136 0.11603009259259259
3 0.7146026234567902 0.4056712962962963 0.06114969135802469 0.2037037037037037
3 0.3384452160493827 0.40162037037037035 0.08236882716049383 0.16435185185185186
3 0.6668595679012346 0.5517939814814815 0.06404320987654322 0.1707175925925926
3 0.13956404320987653 0.4049479166666667 0.06076388888888889 0.14033564814814814
3 0.8184799382716049 0.40248842592592593 0.040123456790123455 0.13020833333333334
3 0.20679012345679013 0.5328414351851852 0.048996913580246916 0.14554398148148148
3 0.3065200617283951 0.5426793981481481 0.07368827160493827 0.1814236111111111
3 0.7966820987654321 0.5305266203703703 0.06327160493827161 0.13049768518518517
3 0.12731481481481483 0.5020254629629629 0.04436728395061729 0.0775462962962963
3 0.7798996913580247 0.4124710648148148 0.05401234567901234 0.15364583333333334
3 0.38069058641975306 0.5516493055555556 0.07503858024691358 0.1467013888888889
3 0.5509259259259259 0.4171006944444444 0.11805555555555555 0.22424768518518517
3 0.5262345679012346 0.5788483796296297 0.07445987654320987 0.13975694444444445
3 0.16666666666666666 0.5245949074074074 0.07137345679012345 0.11979166666666667
3 0.7627314814814815 0.5350115740740741 0.04243827160493827 0.14814814814814814
3 0.2523148148148148 0.39641203703703703 0.09567901234567901 0.18460648148148148
3 0.24286265432098766 0.55078125 0.058256172839506175 0.14265046296296297
3 0.7264660493827161 0.5500578703703703 0.06481481481481481 0.16435185185185186
3 0.4321952160493827 0.4240451388888889 0.12210648148148148 0.2230902777777778
3 0.6470871913580247 0.41261574074074076 0.07735339506172839 0.1736111111111111
