3 0.11363636363636363 0.5692307692307692 0.06565656565656566 0.26153846153846155
3 0.45202020202020204 0.7961538461538461 0.11616161616161616 0.3
3 0.8585858585858586 0.7115384615384616 0.09090909090909091 0.19230769230769232
0 0.5606060606060606 0.33076923076923076 0.09090909090909091 0.07692307692307693
3 0.7803030303030303 0.4115384615384615 0.09595959595959595 0.3153846153846154
3 0.07575757575757576 0.6038461538461538 0.08080808080808081 0.2230769230769231
3 0.22727272727272727 0.8423076923076923 0.13131313131313133 0.3
3 0.6439393939393939 0.8115384615384615 0.12626262626262627 0.36153846153846153
3 0.1388888888888889 0.8538461538461538 0.09595959595959595 0.26153846153846155
3 0.3838383838383838 0.8 0.09090909090909091 0.24615384615384617
3 0.28535353535353536 0.5076923076923077 0.12626262626262627 0.3384615384615385
0 0.3686868686868687 0.4 0.010101010101010102 0.046153846153846156
0 0.30808080808080807 0.4423076923076923 0.050505050505050504 0.14615384615384616
3 0.32575757575757575 0.7730769230769231 0.10606060606060606 0.3153846153846154
3 0.5303030303030303 0.7846153846153846 0.1111111111111111 0.2923076923076923
3 0.44191919191919193 0.45384615384615384 0.15656565656565657 0.3076923076923077
3 0.18181818181818182 0.5423076923076923 0.09090909090909091 0.34615384615384615
3 0.5934343434343434 0.4423076923076923 0.16666666666666666 0.3
3 0.7045454545454546 0.4269230769230769 0.13636363636363635 0.2846153846153846
3 0.7272727272727273 0.7846153846153846 0.10101010101010101 0.27692307692307694
3 0.8080808080808081 0.7615384615384615 0.09090909090909091 0.18461538461538463
