3 0.25153831810553795 0.5497902097902098 0.0522095841879545 0.19496503496503498
3 0.5668469140406489 0.27678321678321677 0.12082789483498042 0.21902097902097903
3 0.1938280812977811 0.3499300699300699 0.057244079806078686 0.1393006993006993
3 0.2735409285847473 0.2895104895104895 0.08838336751818013 0.23608391608391607
3 0.43184784635465223 0.5405594405594406 0.104419168375909 0.2816783216783217
3 0.7332649636397539 0.31566433566433566 0.07402573186649264 0.21958041958041957
3 0.8232332649636398 0.3714685314685315 0.07495804586984897 0.15496503496503497
3 0.6677232892038039 0.5257342657342657 0.059295170613462615 0.1972027972027972
3 0.2327988066380757 0.3202797202797203 0.055752377400708555 0.17006993006993007
3 0.3558642550811113 0.27314685314685316 0.08260302069737087 0.21734265734265734
3 0.44359500279694203 0.2737062937062937 0.12679470445646093 0.2095104895104895
3 0.7700913667723289 0.5422377622377622 0.04736155137050158 0.18097902097902097
3 0.5258250978929704 0.5497902097902098 0.09770650755174343 0.2537062937062937
3 0.214432220771956 0.536923076923077 0.05668469140406489 0.1725874125874126
3 0.6086145813910125 0.5365034965034965 0.08055192988998695 0.21314685314685314
3 0.6589595375722543 0.3016783216783217 0.08428118590341227 0.23692307692307693
3 0.7899496550438188 0.33692307692307694 0.0643296662315868 0.14909090909090908
3 0.3555845608801044 0.5423776223776223 0.08428118590341227 0.21986013986013986
3 0.7243147492075331 0.5265734265734265 0.06955062465038225 0.2111888111888112
3 0.3038411336938281 0.5531468531468532 0.06694014544098452 0.2565034965034965
