0 0.5496083550913838 0.49444444444444446 0.013054830287206266 0.03333333333333333
3 0.618798955613577 0.5648148148148148 0.13054830287206268 0.21851851851851853
3 0.24281984334203655 0.6685185185185185 0.12010443864229765 0.24074074074074073
3 0.10443864229765012 0.49074074074074076 0.19321148825065274 0.21851851851851853
3 0.10182767624020887 0.6814814814814815 0.12010443864229765 0.17037037037037037
3 0.3394255874673629 0.5185185185185185 0.20365535248041775 0.24444444444444444
3 0.3733681462140992 0.7 0.12532637075718014 0.17777777777777778
3 0.5013054830287206 0.6851851851851852 0.12010443864229765 0.14074074074074075
3 0.4934725848563969 0.5314814814814814 0.13577023498694518 0.2037037037037037
0 0.5039164490861618 0.5203703703703704 0.015665796344647518 0.011111111111111112
0 0.6240208877284595 0.5055555555555555 0.03655352480417755 0.05555555555555555
1 0.6318537859007833 0.512962962962963 0.08877284595300261 0.11481481481481481
1 0.5013054830287206 0.4962962962962963 0.11488250652741515 0.11851851851851852
1 0.3537859007832898 0.48518518518518516 0.13838120104438642 0.14814814814814814
0 0.08616187989556136 0.46296296296296297 0.10966057441253264 0.14814814814814814
