3 0.059236048940614745 0.4789615040286482 0.09221128021486123 0.144136078782453
3 0.21963592957326172 0.4977618621307073 0.07758877946881527 0.1718889883616831
3 0.14518054312145628 0.48992837958818264 0.09101760668457178 0.12309758281110117
3 0.3672038197552969 0.6275738585496866 0.10653536257833482 0.17367949865711726
3 0.8995822142643987 0.48187108325872874 0.0826618919725455 0.21083258728737692
3 0.6545807221724859 0.4677708146821844 0.15368546702476873 0.2748433303491495
3 0.39376305580423754 0.482094897045658 0.11847209788122949 0.24171888988361684
3 0.46493584004774696 0.6195165622202328 0.10086541330945986 0.18173679498657117
3 0.8309459862727544 0.6418979409131602 0.11071321993434796 0.1692032229185318
3 0.8930170098478066 0.6557743957027753 0.049239033124440466 0.18800358102059087
3 0.7976723366159355 0.47202327663384064 0.1468218442256043 0.27887197851387646
3 0.2963294538943599 0.4932855863921218 0.0853476574156968 0.19337511190689347
0 0.10325276037003879 0.5597582811101164 0.03998806326469711 0.06222023276633841
0 0.09728439271859146 0.4686660698299015 0.0041778573560131305 0.018800358102059087
1 0.3269173381080275 0.63272157564906 0.00507311250373023 0.01656222023276634
3 0.27648463145329755 0.6063115487914056 0.10593852581319009 0.11235452103849597
3 0.5132796180244703 0.470680393912265 0.12652939421068338 0.2188898836168308
3 0.9537451507012832 0.4941808415398389 0.05908683974932856 0.23008057296329454
3 0.7441062369441958 0.6304834377797672 0.08325872873769025 0.13384064458370637
3 0.1727842435094002 0.6007162041181737 0.11220531184720979 0.1360787824529991
3 0.6648761563712324 0.6611459265890779 0.0853476574156968 0.12533572068039392
3 0.5640107430617726 0.6284691136974038 0.10862429125634139 0.17547000895255147
