3 0.43 0.53775 0.05566666666666667 0.057
3 0.4810833333333333 0.5435 0.052833333333333336 0.0715
3 0.47075 0.4495 0.0795 0.1085
3 0.6554166666666666 0.512375 0.0545 0.07175
3 0.58575 0.5405 0.052833333333333336 0.0775
3 0.40008333333333335 0.4155 0.060833333333333336 0.0655
3 0.5331666666666667 0.54175 0.052333333333333336 0.0775
3 0.6525833333333333 0.432 0.049833333333333334 0.065
3 0.5578333333333333 0.45525 0.079 0.1055
3 0.37933333333333336 0.524 0.04933333333333333 0.0555
3 0.36391666666666667 0.434125 0.049166666666666664 0.06175
3 0.6305 0.5275 0.046 0.0815
