3 0.2302127659574468 0.7155515370705244 0.1127659574468085 0.1949367088607595
0 0.18595744680851065 0.2730560578661845 0.005531914893617021 0.013743218806509945
0 0.1896808510638298 0.3743218806509946 0.00574468085106383 0.04122965641952984
0 0.21319148936170212 0.3345388788426763 0.006808510638297872 0.005063291139240506
3 0.2804255319148936 0.9191681735985533 0.07531914893617021 0.14864376130198914
3 0.6376595744680851 0.9229656419529837 0.10638297872340426 0.15334538878842677
3 0.20702127659574468 0.5609403254972876 0.1621276595744681 0.28282097649186255
3 0.7979787234042554 0.5320072332730561 0.17553191489361702 0.29294755877034356
3 0.7502127659574468 0.7059674502712477 0.12340425531914893 0.21844484629294755
3 0.6954255319148936 0.8339963833634719 0.12531914893617022 0.19746835443037974
3 0.26053191489361704 0.8433996383363472 0.11851063829787234 0.20831826401446654
3 0.1671276595744681 0.33815551537070526 0.15553191489361703 0.24665461121157323
3 0.8572340425531915 0.3059674502712477 0.16425531914893618 0.247377938517179
3 0.34925531914893615 0.9515370705244123 0.08787234042553191 0.09620253164556962
0 0.735531914893617 0.6191681735985534 0.003404255319148936 0.005063291139240506
