0 0.16408333333333333 0.44125 0.004833333333333334 0.0075
0 0.86775 0.4265 0.0035 0.007
0 0.81025 0.6505 0.015833333333333335 0.0465
0 0.17383333333333334 0.50525 0.0016666666666666668 0.003
0 0.19341666666666665 0.5855 0.005166666666666667 0.002
3 0.21658333333333332 0.63625 0.1485 0.186
1 0.8505833333333334 0.36875 0.025166666666666667 0.0245
3 0.7961666666666667 0.78475 0.12933333333333333 0.1835
3 0.579 0.88825 0.13433333333333333 0.143
3 0.9038333333333334 0.11075 0.163 0.2215
3 0.24791666666666667 0.788 0.1295 0.188
3 0.3453333333333333 0.871375 0.11933333333333333 0.15175
3 0.8481666666666666 0.465625 0.14833333333333334 0.17725
3 0.6905 0.863125 0.11366666666666667 0.16425
3 0.13216666666666665 0.107375 0.15833333333333333 0.21475
3 0.44958333333333333 0.893125 0.12883333333333333 0.13875
3 0.8161666666666667 0.627875 0.14833333333333334 0.18625
3 0.15916666666666668 0.281125 0.16666666666666666 0.25225
3 0.18416666666666667 0.469125 0.14466666666666667 0.18425
3 0.8746666666666667 0.27925 0.169 0.2485
