3 0.6707869080779945 0.5882967607105538 0.07973537604456825 0.21316614420062696
3 0.73241643454039 0.5590386624869383 0.0706824512534819 0.16509926854754442
3 0.29874651810584957 0.6094566353187043 0.08913649025069638 0.22100313479623823
3 0.23450557103064068 0.587251828631139 0.07555710306406685 0.17659352142110762
3 0.2524373259052925 0.3996865203761755 0.07590529247910864 0.1974921630094044
3 0.19846796657381616 0.42371995820271685 0.04596100278551532 0.14211076280041798
3 0.43436629526462395 0.3887147335423197 0.12151810584958217 0.21212121212121213
3 0.7604456824512534 0.40804597701149425 0.035515320334261836 0.14733542319749215
3 0.3786559888579387 0.6063218390804598 0.08182451253481894 0.2115987460815047
3 0.5924442896935933 0.5966562173458725 0.0846100278551532 0.20689655172413793
3 0.802924791086351 0.5326541274817137 0.07242339832869081 0.09665621734587251
3 0.5504874651810585 0.4015151515151515 0.1149025069637883 0.21473354231974923
3 0.6446727019498607 0.3989028213166144 0.08530640668523677 0.18025078369905956
3 0.5259401114206128 0.6003134796238244 0.07694986072423399 0.20480668756530826
3 0.7165738161559888 0.38662486938349006 0.06894150417827298 0.20794148380355276
3 0.7637534818941504 0.5360501567398119 0.05396935933147632 0.10658307210031348
3 0.45473537604456826 0.6010971786833855 0.0745125348189415 0.2001044932079415
3 0.20212395543175488 0.559299895506792 0.0685933147632312 0.1206896551724138
3 0.3330431754874652 0.39629049111807735 0.08739554317548746 0.18443051201671892
3 0.15772980501392758 0.5417972831765935 0.08565459610027855 0.10867293625914315
