3 0.4426984126984127 0.3821428571428571 0.10761904761904761 0.24047619047619048
3 0.5487301587301587 0.3761904761904762 0.10825396825396826 0.23809523809523808
3 0.14857142857142858 0.8345238095238096 0.1707936507936508 0.21
3 0.33380952380952383 0.4061904761904762 0.11396825396825397 0.23238095238095238
3 0.653968253968254 0.3902380952380952 0.11746031746031746 0.23095238095238096
3 0.24666666666666667 0.48523809523809525 0.11873015873015873 0.21619047619047618
3 0.743015873015873 0.4907142857142857 0.11460317460317461 0.21
3 0.18587301587301588 0.6473809523809524 0.15079365079365079 0.2061904761904762
3 0.9031746031746032 0.8323809523809523 0.15555555555555556 0.19047619047619047
3 0.8363492063492064 0.6654761904761904 0.13746031746031745 0.2119047619047619
