1 0.53 0.426875 0.057 0.07375
0 0.5870833333333333 0.462875 0.0031666666666666666 0.01525
0 0.6044166666666667 0.478375 0.0025 0.01775
0 0.5991666666666666 0.468375 0.007 0.01075
0 0.59275 0.448875 0.008166666666666666 0.01825
0 0.5631666666666667 0.488625 0.0016666666666666668 0.00125
3 0.4841666666666667 0.5235 0.050333333333333334 0.0665
3 0.6978333333333333 0.490625 0.05633333333333333 0.09775
3 0.40525 0.447875 0.0685 0.10725
3 0.62225 0.4535 0.07583333333333334 0.1055
1 0.6981666666666667 0.52175 0.012666666666666666 0.023
3 0.6781666666666667 0.456375 0.04566666666666667 0.09025
3 0.73425 0.436875 0.06183333333333333 0.10575
3 0.5455 0.447 0.08833333333333333 0.115
1 0.5548333333333333 0.494 0.019 0.013
1 0.5955 0.4605 0.021333333333333333 0.067
0 0.516 0.42475 0.004333333333333333 0.005
0 0.5530833333333334 0.409 0.012166666666666666 0.015
0 0.4578333333333333 0.424125 0.017333333333333333 0.02725
0 0.5565833333333333 0.491625 0.0025 0.00175
3 0.47758333333333336 0.45575 0.06383333333333334 0.0925
1 0.40608333333333335 0.415875 0.03783333333333333 0.03375
3 0.5368333333333334 0.525875 0.05566666666666667 0.07075
3 0.5923333333333334 0.517125 0.05533333333333333 0.08875
3 0.6444166666666666 0.520625 0.0505 0.07025
0 0.43125 0.51 0.0515 0.071
