3 0.25742574257425743 0.36324257425742573 0.0429042904290429 0.10086633663366337
0 0.32250412541254125 0.28264232673267325 0.01670792079207921 0.014542079207920793
1 0.32559818481848185 0.30430074257425743 0.0327970297029703 0.05847772277227723
1 0.5900371287128713 0.2817141089108911 0.055074257425742575 0.07023514851485149
1 0.4923679867986799 0.24953589108910892 0.0688943894389439 0.06652227722772278
1 0.42419554455445546 0.25742574257425743 0.04558580858085808 0.09715346534653466
3 0.5453795379537953 0.44090346534653463 0.06023102310231023 0.06435643564356436
3 0.4893770627062706 0.44801980198019803 0.06167491749174917 0.0853960396039604
1 0.3068275577557756 0.3135829207920792 0.06992574257425743 0.1364480198019802
3 0.2706270627062706 0.3347772277227723 0.02929042904290429 0.08292079207920793
3 0.4923679867986799 0.2752165841584158 0.06971947194719472 0.11974009900990099
3 0.4319306930693069 0.4659653465346535 0.05528052805280528 0.07920792079207921
3 0.39232673267326734 0.47571163366336633 0.043316831683168314 0.08075495049504951
3 0.3181724422442244 0.5136138613861386 0.02867161716171617 0.06930693069306931
3 0.430486798679868 0.2677908415841584 0.05816831683168317 0.11912128712871287
0 0.3645833333333333 0.25185643564356436 0.05631188118811881 0.07858910891089109
1 0.2922854785478548 0.2753712871287129 0.039603960396039604 0.05693069306930693
3 0.3611798679867987 0.4958230198019802 0.04372937293729373 0.07766089108910891
3 0.599009900990099 0.28032178217821785 0.07425742574257425 0.07549504950495049
