3 0.4050179211469534 0.35685483870967744 0.14336917562724014 0.2862903225806452
3 0.7132616487455197 0.7116935483870968 0.08602150537634409 0.3346774193548387
3 0.3682795698924731 0.6875 0.09498207885304659 0.2540322580645161
3 0.7885304659498208 0.6854838709677419 0.0931899641577061 0.25
3 0.2831541218637993 0.6915322580645161 0.08960573476702509 0.2782258064516129
3 0.7616487455197133 0.3024193548387097 0.12186379928315412 0.27419354838709675
3 0.45878136200716846 0.6834677419354839 0.08602150537634409 0.24596774193548387
3 0.5474910394265233 0.3326612903225806 0.14516129032258066 0.29435483870967744
3 0.6550179211469535 0.32056451612903225 0.08064516129032258 0.24596774193548387
3 0.19623655913978494 0.7137096774193549 0.0913978494623656 0.25
3 0.13530465949820789 0.7237903225806451 0.07706093189964158 0.22983870967741934
3 0.8467741935483871 0.6169354838709677 0.08781362007168458 0.22580645161290322
3 0.6326164874551972 0.7076612903225806 0.0931899641577061 0.29435483870967744
3 0.5456989247311828 0.6995967741935484 0.08781362007168458 0.2862903225806452
3 0.22132616487455198 0.35685483870967744 0.11290322580645161 0.2701612903225806
