3 0.6848867595818815 0.5304736024844721 0.08536585365853659 0.14402173913043478
3 0.3991724738675958 0.3619953416149068 0.13153310104529617 0.16032608695652173
3 0.4059233449477352 0.7694099378881988 0.08449477351916376 0.16149068322981366
3 0.6351263066202091 0.452833850931677 0.07556620209059234 0.11218944099378882
3 0.5467116724738676 0.7946428571428571 0.08297038327526132 0.1389751552795031
3 0.7015461672473867 0.5949145962732919 0.11389372822299651 0.13936335403726707
3 0.2691637630662021 0.7406832298136646 0.062282229965156796 0.13354037267080746
3 0.2924651567944251 0.36820652173913043 0.08318815331010453 0.12305900621118013
3 0.6174869337979094 0.797748447204969 0.06032229965156794 0.1187888198757764
3 0.5549869337979094 0.3204580745341615 0.0977787456445993 0.11063664596273291
3 0.21624564459930315 0.5093167701863354 0.10322299651567944 0.12577639751552794
3 0.4796385017421603 0.7853260869565217 0.0860191637630662 0.14673913043478262
3 0.2384581881533101 0.4330357142857143 0.07709059233449478 0.14945652173913043
3 0.3248040069686411 0.7626164596273292 0.08514808362369337 0.14402173913043478
