3 0.6253822629969419 0.6418677390527256 0.05450620615218565 0.16934763181411974
3 0.47355639503507824 0.6624218051831993 0.04263356718834323 0.11483467381590706
3 0.4282245008094981 0.6541554959785523 0.0476704443245188 0.12153708668453976
3 0.34592552617377226 0.3512064343163539 0.06152185644900162 0.11528150134048257
3 0.5758229897463573 0.6621983914209115 0.04569167116387839 0.13941018766756033
3 0.377316064040295 0.6255585344057194 0.0548659830904839 0.14298480786416443
3 0.531750314804821 0.6637622877569258 0.04389278647238712 0.12198391420911528
3 0.4651915812196438 0.37064343163538876 0.06619895664687893 0.13092046470062557
3 0.6892426695448822 0.3588025022341376 0.0372369131138694 0.07685433422698838
3 0.40429933441266414 0.35902591599642536 0.05702464472027343 0.12019660411081323
3 0.6532649757150567 0.36282394995531725 0.059543083288361214 0.11885612153708669
3 0.6840259039395574 0.5118409294012511 0.09300233855009894 0.16219839142091153
3 0.5400251843856809 0.3746648793565684 0.0665587335851772 0.12466487935656836
3 0.6637884511602806 0.597408400357462 0.07015650296815974 0.1671134941912422
1 0.3393595970498291 0.35053619302949063 0.04119445943515021 0.11483467381590706
3 0.5988487137974455 0.36014298480786416 0.05180787911494873 0.11706881143878463
3 0.30392156862745096 0.35723860589812334 0.04227379025004497 0.07015192135835567
