3 0.4550932027866692 0.11253883083874612 0.08171719073620787 0.14939282688506073
3 0.3198079457729241 0.20813329567918668 0.11542082470344568 0.1717029087828297
3 0.7893052155902843 0.633719288336628 0.15326680474486915 0.23552668737644733
3 0.2749011485595933 0.3421349901157865 0.11259649783468273 0.18384637108161536
3 0.7218979476558087 0.3281558881671844 0.11786857465637357 0.18864727478113527
3 0.25098851440406705 0.4843264614515674 0.12615326680474487 0.18751765038124824
3 0.8196196573150066 0.8384637108161537 0.16418753530408586 0.24456368257554364
3 0.6142910939559405 0.14233267438576674 0.08906044059499153 0.15419373058458063
3 0.18122764074562228 0.8378988986162101 0.14630013180192053 0.24004518497599547
3 0.38608548295989453 0.14430951708556905 0.10337036339672379 0.15871222818412878
3 0.7526831105253248 0.46540525275345945 0.13914517040105442 0.19711945778028805
3 0.538034268499341 0.11635131318836486 0.08378836377330069 0.15588816718441117
3 0.21822632272641687 0.6575826037842417 0.1479947279231783 0.24032759107596724
3 0.6738843908868386 0.19316577238068341 0.11485595932969309 0.1688788477831121
