3 0.2766123439667129 0.4280519480519481 0.07714979195561719 0.14077922077922078
3 0.6862864077669902 0.6371428571428571 0.0729889042995839 0.15584415584415584
3 0.314493758668516 0.6290909090909091 0.0769764216366158 0.14337662337662338
3 0.458997919556172 0.41974025974025975 0.12222607489597781 0.18753246753246752
3 0.5803571428571429 0.4157142857142857 0.12291955617198336 0.19922077922077921
3 0.7552011095700416 0.4241558441558442 0.07558945908460471 0.15012987012987014
3 0.619625520110957 0.6188311688311688 0.07975034674063801 0.11246753246753247
3 0.5437760055478502 0.6287012987012986 0.08061719833564494 0.10155844155844156
3 0.16452843273231624 0.5975324675324676 0.07593619972260748 0.09064935064935065
3 0.2420249653259362 0.6424675324675325 0.07732316227461858 0.16597402597402597
3 0.4658460471567268 0.6353246753246753 0.07801664355062413 0.11532467532467533
3 0.7880547850208044 0.6092207792207792 0.06397364771151179 0.12441558441558441
3 0.6808252427184466 0.4198701298701299 0.08356449375866852 0.15142857142857144
3 0.20813106796116504 0.43363636363636365 0.06501386962552011 0.14311688311688311
3 0.2035367545076283 0.6058441558441559 0.06310679611650485 0.11090909090909092
3 0.3897364771151179 0.6241558441558441 0.07766990291262135 0.12103896103896104
3 0.7486997226074896 0.6416883116883116 0.07714979195561719 0.1618181818181818
3 0.35610263522884883 0.41974025974025975 0.090499306518724 0.15896103896103897
3 0.815880721220527 0.4354545454545454 0.054785020804438284 0.13272727272727272
