1 0.8352141574762759 0.1934125804853888 0.07001795332136446 0.10747894997523527
3 0.6915875865606566 0.6545319465081724 0.11105411644011284 0.34026745913818723
3 0.35727109515260325 0.6988608221892025 0.11079764042062067 0.46953937592867756
3 0.7987945627083868 0.6721149083704805 0.12900743780456528 0.4645864289252105
3 0.07732751987689152 0.3038632986627043 0.12233906129776866 0.3145121347201585
3 0.4598615029494742 0.6565131253095592 0.09592203129007437 0.3184744923229321
3 0.3907412156963324 0.26919266963843486 0.15362913567581432 0.3174839029222387
1 0.776096434983329 0.1934125804853888 0.020518081559374197 0.09262010896483408
0 0.8312387791741472 0.8182268449727588 0.03795845088484227 0.09212481426448738
1 0.05116696588868941 0.258048538880634 0.04385739933316235 0.12184249628528974
0 0.3017440369325468 0.26869737493808815 0.03770197486535009 0.06092124814264487
0 0.2741728648371377 0.25656265477959384 0.016414465247499357 0.020802377414561663
0 0.21813285457809695 0.26300148588410105 0.005385996409335727 0.01981178801386825
0 0.19876891510643754 0.31426448736998513 0.019492177481405488 0.030212976721149084
0 0.7985380866888946 0.7897473997028231 0.014619133111054117 0.04110946012877662
0 0.22249294690946397 0.29791976225854383 0.006924852526288792 0.015354135710747894
0 0.15965632213388048 0.2684497275879148 0.03513721467042832 0.08420009905894008
0 0.1490125673249551 0.14091134224863794 0.015388561169530648 0.06488360574541853
0 0.20248781738907412 0.845715700842001 0.02026160553988202 0.026250619118375434
0 0.05206463195691203 0.29148093115403667 0.03129007437804565 0.04408122833085686
0 0.8370094896127213 0.18375433382862805 0.051551679917927674 0.07726597325408618
1 0.6073352141574763 0.13249133234274393 0.06924852526288792 0.09063893016344725
3 0.19876891510643754 0.29049034175334326 0.14875609130546294 0.3858345715700842
1 0.9090792510900231 0.7850421000495295 0.02744293408566299 0.06042595344229817
0 0.12374967940497564 0.7199108469539376 0.10951526032315978 0.2144626052501238
3 0.8956142600666838 0.6263001485884101 0.0774557578866376 0.3779098563645369
3 0.2900743780456527 0.24938088162456662 0.07694280584765324 0.1272907379891035
3 0.8150807899461401 0.2743932639920753 0.12208258527827648 0.33977216443784053
3 0.5909207489099769 0.25433382862803366 0.15798922800718132 0.3343239227340267
3 0.24095922031290073 0.7003467062902426 0.13464991023339318 0.4655770183259039
3 0.7287766093870223 0.28504210004952946 0.09053603488073865 0.274888558692422
3 0.10335983585534753 0.6188707280832095 0.13028981790202615 0.3521545319465082
3 0.5911772249294691 0.6731054977711739 0.09746088740702745 0.3179791976225854
0 0.1832521159271608 0.25928677563150077 0.11105411644011284 0.1986131748390292
