3 0.18589009730967374 0.4858897742363878 0.14968517458500286 0.1457503320053121
3 0.8368631940469377 0.39110225763612216 0.12535775615340583 0.15272244355909695
3 0.4733829421866056 0.14458831341301462 0.13394390383514596 0.1849269588313413
3 0.2797653119633658 0.24136786188579018 0.12736119061247853 0.15139442231075698
3 0.6081854607899256 0.13844621513944222 0.1305094447624499 0.1852589641434263
3 0.15798511734401832 0.6435922974767596 0.18259874069834 0.20152722443559096
3 0.23111047510017171 0.3645418326693227 0.15197481396680024 0.14674634794156707
1 0.24813966800228965 0.22709163346613545 0.013737836290784202 0.023240371845949535
3 0.3578992558672009 0.1756308100929615 0.12049227246708644 0.15205843293492696
1 0.8143961076130509 0.2407038512616202 0.02661705781339439 0.031208499335989376
3 0.14453348597595878 0.8069389110225763 0.1797366914710933 0.17164674634794155
3 0.7903548941041786 0.25713811420982735 0.12564396107613052 0.14774236387782205
3 0.7180881511161992 0.17895086321381143 0.12192329708070979 0.14010624169986718
3 0.8972524327418432 0.6671646746347941 0.15798511734401832 0.1749667994687915
3 0.8679164281625644 0.5267264276228419 0.13709215798511734 0.14774236387782205
