3 0.4447609359104781 0.1873664937442783 0.0797558494404883 0.06774488861763808
3 0.5916581892166837 0.18828196521208423 0.0659206510681587 0.06896551724137931
3 0.6680569684638861 0.28593225511138237 0.07263479145473041 0.06225205981080256
3 0.393794506612411 0.2220018309429356 0.06083418107833164 0.0820872749465975
3 0.3590030518819939 0.2772352761672261 0.0624618514750763 0.07659444613976198
3 0.7107833163784334 0.4093683246872139 0.06490335707019329 0.09673481843149222
3 0.3522889114954222 0.3207201708880073 0.07304170905391658 0.06042111687519072
3 0.5216683621566632 0.18568812938663412 0.08016276703967447 0.06743973146170278
3 0.34313326551373347 0.36939273725968874 0.07141403865717193 0.056454073848031736
0 0.37029501525940994 0.30958193469636863 0.019938962360122076 0.019835215135794934
0 0.6590030518819939 0.29157766249618555 0.05330620549338759 0.04974061641745499
3 0.6439471007121058 0.22932560268538296 0.06063072227873856 0.0729325602685383
3 0.6932858596134283 0.33872444308819044 0.0681586978636826 0.05981080256332011
3 0.3330620549338759 0.4240158681721086 0.08301119023397761 0.07903570338724443
