3 0.5795 0.6928571428571428 0.077 0.1742857142857143
3 0.385 0.35714285714285715 0.084 0.3485714285714286
3 0.3195 0.37 0.053 0.34
3 0.8355 0.39285714285714285 0.051 0.31142857142857144
3 0.443 0.6771428571428572 0.078 0.2057142857142857
3 0.7965 0.36714285714285716 0.061 0.4085714285714286
3 0.618 0.39571428571428574 0.132 0.43142857142857144
3 0.649 0.6842857142857143 0.078 0.16857142857142857
3 0.49 0.41285714285714287 0.126 0.4085714285714286
2 0.631 0.5728571428571428 0.042 0.06
3 0.7245 0.3657142857142857 0.091 0.4228571428571429
3 0.514 0.6928571428571428 0.08 0.16857142857142857
3 0.712 0.6557142857142857 0.056 0.12857142857142856
