3 0.031140424110869928 0.5881542699724518 0.038570712973785275 0.09942399198597546
3 0.38729337118049756 0.5796393688955672 0.08432125563533144 0.1249686952166291
3 0.556770746368342 0.5631104432757326 0.09266989480714644 0.14951164537941397
3 0.054266154616797464 0.587152516904583 0.051093671731507764 0.11344853493613824
3 0.268909667724161 0.4555472076133233 0.10502588078143263 0.16278487352867518
3 0.7235765570212055 0.5921612822439268 0.07597261646351644 0.1720510894064613
3 0.729420604441476 0.4157275231655397 0.11537819335448322 0.21587778612572
3 0.16864251127066288 0.6475081392436765 0.07513775254633495 0.16403706486351113
3 0.6466855902487895 0.5746306035562234 0.08782768408749374 0.17255196594039568
3 0.17390215394890632 0.4729526671675432 0.10970111871764902 0.2031054345103932
3 0.5113541492736684 0.41685449536689206 0.1317415261312406 0.20010017530678686
3 0.8104024044080815 0.6306035562233909 0.06929370512606445 0.12021036814425244
3 0.11654700283853732 0.5418231905835211 0.06812489564201035 0.1590282995241673
3 0.4702788445483386 0.5732531930879038 0.08665887460343964 0.11620335587277736
3 0.3801970278844548 0.42762334084648135 0.1335782267490399 0.18807913849236163
3 0.806228084822174 0.5251690458302029 0.06094506595424946 0.14375156523916854
3 0.08799465687093004 0.5758827948910593 0.05610285523459676 0.13348359629351364
3 0.7747537151444315 0.48760330578512395 0.07146435131073635 0.16779363886801904
3 0.23843713474703623 0.6163285750062609 0.08782768408749374 0.18332081141998496
3 0.8453832025379863 0.5311795642374155 0.042745032559692774 0.11369897320310543
3 0.11938554015695442 0.6739293764087152 0.035064284521622975 0.13122965189080893
3 0.6238103189180164 0.4290007513148009 0.10452496243112373 0.1758076634109692
3 0.7750041743195859 0.6297270222890058 0.038570712973785275 0.15351865765088907
3 0.08306895975955919 0.6868269471575257 0.05126064451494406 0.10643626346105685
