3 0.49604552469135804 0.19299768518518517 0.07889660493827161 0.06655092592592593
0 0.6703317901234568 0.5208333333333334 0.04513888888888889 0.037037037037037035
3 0.35628858024691357 0.5381944444444444 0.07600308641975309 0.08275462962962964
3 0.6177662037037037 0.2181712962962963 0.05999228395061729 0.06481481481481481
3 0.3130787037037037 0.39554398148148145 0.06597222222222222 0.0642361111111111
3 0.5260416666666666 0.65234375 0.050540123456790126 0.10792824074074074
3 0.42351466049382713 0.1947337962962963 0.07156635802469136 0.061921296296296294
3 0.3185763888888889 0.4380787037037037 0.0642361111111111 0.056712962962962965
3 0.6837384259259259 0.4748263888888889 0.05304783950617284 0.05150462962962963
3 0.5706983024691358 0.6455439814814815 0.04996141975308642 0.1087962962962963
3 0.603491512345679 0.6694155092592593 0.058834876543209874 0.09751157407407407
3 0.6631944444444444 0.5264756944444444 0.07098765432098765 0.059895833333333336
3 0.43016975308641975 0.6412037037037037 0.05092592592592592 0.10474537037037036
3 0.3643904320987654 0.5891203703703703 0.07484567901234568 0.09722222222222222
3 0.5662615740740741 0.19458912037037038 0.0626929012345679 0.055844907407407406
0 0.6916473765432098 0.47858796296296297 0.03375771604938271 0.03819444444444445
0 0.6407214506172839 0.5679976851851852 0.01716820987654321 0.023148148148148147
0 0.3316936728395062 0.47974537037037035 0.049575617283950615 0.03125
0 0.30333719135802467 0.48799189814814814 0.011766975308641976 0.019386574074074073
0 0.31626157407407407 0.43851273148148145 0.038001543209876545 0.0390625
3 0.4771412037037037 0.6532118055555556 0.04764660493827161 0.10734953703703703
3 0.33429783950617287 0.5056423611111112 0.08024691358024691 0.09056712962962964
3 0.3818479938271605 0.6498842592592593 0.06114969135802469 0.11284722222222222
