3 0.5430574098798397 0.665 0.04672897196261682 0.072
1 0.4804739652870494 0.5995 0.0664218958611482 0.059
0 0.6209946595460614 0.60075 0.030373831775700934 0.0335
3 0.6658878504672897 0.613 0.05807743658210948 0.092
3 0.33511348464619495 0.67675 0.0794392523364486 0.0605
0 0.5572429906542056 0.599 0.05774365821094793 0.05
3 0.3970293724966622 0.66225 0.05841121495327103 0.0775
3 0.7067757009345794 0.6225 0.03571428571428571 0.06
3 0.5879506008010681 0.66 0.04172229639519359 0.07
3 0.45043391188251003 0.663 0.04773030707610147 0.065
3 0.6787383177570093 0.67975 0.059078771695594126 0.0695
3 0.7189586114819759 0.68175 0.05473965287049399 0.0695
3 0.6345126835781041 0.66 0.0520694259012016 0.08
3 0.34946595460614155 0.612 0.06942590120160214 0.095
3 0.29506008010680906 0.62475 0.05473965287049399 0.0575
3 0.49732977303070763 0.66375 0.04672897196261682 0.0695
1 0.41688918558077437 0.59225 0.04606141522029372 0.0475
