3 0.6593992248062015 0.38969638242894056 0.0692829457364341 0.10174418604651163
3 0.47565406976744184 0.6925064599483204 0.056443798449612406 0.07881136950904392
3 0.24709302325581395 0.34286175710594313 0.06540697674418605 0.11208010335917312
3 0.3656734496124031 0.6854005167958657 0.05159883720930233 0.08462532299741603
3 0.31068313953488375 0.665374677002584 0.057412790697674417 0.09302325581395349
3 0.31007751937984496 0.31815245478036175 0.07025193798449612 0.09689922480620156
3 0.530765503875969 0.6791020671834626 0.054748062015503876 0.06750645994832041
3 0.41993701550387597 0.6918604651162791 0.056443798449612406 0.08591731266149871
3 0.6283914728682171 0.3696705426356589 0.0687984496124031 0.11143410852713179
3 0.47686531007751937 0.3039405684754522 0.09035852713178294 0.06847545219638243
3 0.5622577519379846 0.32348191214470284 0.07461240310077519 0.10368217054263566
3 0.5828488372093024 0.6579457364341085 0.04844961240310078 0.0665374677002584
3 0.2868217054263566 0.6398578811369509 0.0755813953488372 0.07687338501291989
3 0.38844476744186046 0.3196059431524548 0.08648255813953488 0.10497416020671835
3 0.2697432170542636 0.5893087855297158 0.08406007751937984 0.07978036175710594
