3 0.42328042328042326 0.72265625 0.1164021164021164 0.21875
3 0.5224867724867724 0.744140625 0.10846560846560846 0.23828125
3 0.17857142857142858 0.453125 0.082010582010582 0.3046875
3 0.7235449735449735 0.712890625 0.10846560846560846 0.29296875
3 0.38095238095238093 0.478515625 0.15873015873015872 0.30078125
3 0.3187830687830688 0.71875 0.10846560846560846 0.234375
0 0.7473544973544973 0.833984375 0.04497354497354497 0.04296875
3 0.2566137566137566 0.466796875 0.10052910052910052 0.30859375
3 0.16137566137566137 0.67578125 0.10052910052910052 0.1875
0 0.9232804232804233 0.74609375 0.08465608465608465 0.1171875
3 0.6283068783068783 0.716796875 0.09788359788359788 0.27734375
3 0.2156084656084656 0.7109375 0.09788359788359788 0.2109375
0 0.5952380952380952 0.412109375 0.010582010582010581 0.02734375
3 0.6812169312169312 0.447265625 0.11904761904761904 0.23828125
3 0.5370370370370371 0.49609375 0.15873015873015872 0.28125
3 0.8253968253968254 0.71875 0.1111111111111111 0.25
