0 0.4575 0.5449943757030371 0.02 0.01537307836520435
1 0.562375 0.4358830146231721 0.08875 0.145856767904012
1 0.509375 0.5517435320584927 0.14975 0.22984626921634796
0 0.581625 0.5140607424071991 0.00775 0.011998500187476566
3 0.844375 0.12054743157105362 0.18325 0.24109486314210724
0 0.411375 0.6366704161979753 0.01075 0.01274840644919385
0 0.533125 0.7154105736782902 0.00525 0.008998875140607425
0 0.50575 0.6880389951256093 0.006 0.005999250093738283
3 0.73125 0.2442819647544057 0.1915 0.2980877390326209
3 0.326625 0.7992125984251969 0.21525 0.400824896887889
3 0.60775 0.38995125609298836 0.1945 0.3089613798275216
3 0.469375 0.5858642669666292 0.27225 0.44431946006749157
3 0.963375 0.08942632170978627 0.07275 0.17885264341957255
