3 0.7308917197452229 0.6700437028208185 0.1075453209211171 0.24751688518077075
3 0.18005879470847624 0.5792610250297974 0.19402253797158256 0.2995629717918157
3 0.5390739833414993 0.6545490663488279 0.1692797648211661 0.29757647993643227
3 0.15886820186183243 0.3047278506158125 0.18985791278784908 0.3543901470003973
3 0.6524987751102401 0.6617004370282081 0.12322390984811367 0.29201430274135876
3 0.5382165605095541 0.3174413984902662 0.17442430181283686 0.40921732220897894
3 0.03478686918177364 0.30870083432657924 0.06957373836354729 0.26618990862137465
3 0.8434590886820186 0.3593563766388558 0.11464968152866242 0.3778307508939213
3 0.7798873101420872 0.6521652761223679 0.07128858402743753 0.21255462852602305
3 0.37518373346398826 0.6160111243543901 0.21533561979421853 0.36034962256654746
3 0.707251347378736 0.35101311084624554 0.18961293483586478 0.40325784664282877
3 0.3522782949534542 0.309694080254271 0.21411073003429693 0.4135876042908224
3 0.0451984321411073 0.5343663090981327 0.0903968642822146 0.24076281287246723
