3 0.063412852969815 0.3219981238273921 0.08008763388510223 0.2950281425891182
0 0.7588851022395326 0.5513602251407129 0.007059396299902629 0.012664165103189493
3 0.25158227848101267 0.3517823639774859 0.1336416747809153 0.34615384615384615
3 0.40530671859785783 0.7080206378986866 0.11733203505355404 0.2396810506566604
3 0.19437682570593964 0.6876172607879925 0.10929892891918208 0.3133208255159475
3 0.7402629016553067 0.34169793621013134 0.13875365141187926 0.3606941838649156
3 0.5837390457643622 0.3710131332082552 0.17721518987341772 0.450281425891182
3 0.13291139240506328 0.6050656660412758 0.09931840311587146 0.22889305816135083
3 0.5185004868549172 0.6878517823639775 0.11781888997078871 0.23780487804878048
1 0.7509737098344693 0.18808630393996248 0.07935735150925025 0.0525328330206379
1 0.12244401168451802 0.23053470919324578 0.06085686465433301 0.07270168855534709
3 0.7296738072054528 0.7837711069418386 0.12585199610516065 0.3771106941838649
3 0.6254868549172347 0.7176360225140713 0.12731256085686465 0.30863039399624764
0 0.9138266796494645 0.8210600375234521 0.027263875365141188 0.07833020637898687
3 0.9346397273612463 0.27931519699812385 0.08300876338851022 0.29221388367729834
3 0.14922103213242455 0.37640712945590993 0.12122687439143136 0.36538461538461536
3 0.40834956183057447 0.3829737335834897 0.19352482960077896 0.43949343339587243
3 0.7515822784810127 0.676829268292683 0.12049659201557936 0.3198874296435272
3 0.29138266796494644 0.7436679174484052 0.12852969814995133 0.42917448405253283
3 0.8517526777020448 0.3285647279549719 0.10905550146056475 0.3982176360225141
3 0.8690360272638754 0.7195121951219512 0.13339824732229796 0.30956848030018763
