3 0.3510505698005698 0.40852029914529914 0.052884615384615384 0.08840811965811966
3 0.38087606837606836 0.2124732905982906 0.06766381766381767 0.10977564102564102
3 0.6191239316239316 0.3995726495726496 0.0633903133903134 0.10844017094017094
3 0.5537749287749287 0.4010416666666667 0.06873219373219373 0.09428418803418803
3 0.40535968660968663 0.41065705128205127 0.06107549857549858 0.08787393162393162
3 0.6842058404558404 0.4017094017094017 0.06997863247863248 0.1266025641025641
3 0.7037927350427351 0.2124732905982906 0.05466524216524216 0.11672008547008547
3 0.6398682336182336 0.19457799145299146 0.0771011396011396 0.10657051282051282
3 0.7510683760683761 0.41386217948717946 0.08903133903133903 0.08947649572649573
3 0.4600249287749288 0.2110042735042735 0.10487891737891739 0.13995726495726496
3 0.32540954415954415 0.23303952991452992 0.0681980056980057 0.12259615384615384
3 0.47836538461538464 0.40544871794871795 0.06392450142450143 0.09668803418803419
