3 0.4019097222222222 0.6995081018518519 0.1401909722222222 0.2103587962962963
3 0.2585720486111111 0.6553819444444444 0.15690104166666666 0.27141203703703703
3 0.8217230902777778 0.6186342592592593 0.1369357638888889 0.2621527777777778
3 0.07866753472222222 0.40726273148148145 0.15733506944444445 0.34346064814814814
3 0.1294487847222222 0.6103877314814815 0.12217881944444445 0.29716435185185186
3 0.6886935763888888 0.6694155092592593 0.166015625 0.24623842592592593
3 0.9173177083333334 0.4593460648148148 0.16102430555555555 0.2855902777777778
3 0.21712239583333334 0.3939525462962963 0.13953993055555555 0.30005787037037035
3 0.5398220486111112 0.6872106481481481 0.13563368055555555 0.20081018518518517
3 0.7782118055555556 0.4252025462962963 0.12890625 0.2994791666666667
3 0.6121961805555556 0.44126157407407407 0.2191840277777778 0.37789351851851855
3 0.3911675347222222 0.42997685185185186 0.2241753472222222 0.36689814814814814
