3 0.6767578125 0.36604527296937417 0.07155539772727272 0.0796271637816245
3 0.4211647727272727 0.359254327563249 0.08700284090909091 0.07936085219707058
1 0.5223721590909091 0.38402130492676434 0.07315340909090909 0.02237017310252996
3 0.5224609375 0.36058588548601866 0.08718039772727272 0.07083888149134487
3 0.2793856534090909 0.38948069241011984 0.072265625 0.12756324900133156
1 0.4296875 0.3896138482023968 0.06853693181818182 0.017576564580559253
3 0.2761896306818182 0.4797603195739015 0.06516335227272728 0.09081225033288948
3 0.5753728693181818 0.4624500665778961 0.068359375 0.0748335552596538
3 0.3932883522727273 0.4655126498002663 0.06463068181818182 0.08681757656458056
3 0.6030717329545454 0.3639147802929427 0.07475142045454546 0.10039946737683089
3 0.7029474431818182 0.4095872170439414 0.10049715909090909 0.11131824234354194
3 0.5132279829545454 0.4624500665778961 0.05699573863636364 0.0929427430093209
3 0.7254971590909091 0.4729693741677763 0.08913352272727272 0.07723035952063914
3 0.6418678977272727 0.4613848202396804 0.07386363636363637 0.06418109187749667
0 0.7041015625 0.477762982689747 0.00870028409090909 0.01651131824234354
3 0.3338068181818182 0.4655126498002663 0.06782670454545454 0.0948069241011984
1 0.59765625 0.3900133155792277 0.0625 0.03169107856191744
0 0.3702059659090909 0.3838881491344874 0.00887784090909091 0.016245006657789614
3 0.3408203125 0.3685752330226365 0.07368607954545454 0.10972037283621837
3 0.4543678977272727 0.4647137150466045 0.05930397727272727 0.09054593874833555
