0 0.7175 0.3258426966292135 0.055 0.02247191011235955
0 0.675 0.31647940074906367 0.02 0.011235955056179775
3 0.4975 0.46441947565543074 0.095 0.0449438202247191
3 0.615 0.3651685393258427 0.11 0.08614232209737828
3 0.71 0.31086142322097376 0.13 0.0898876404494382
3 0.66 0.4288389513108614 0.09 0.07116104868913857
3 0.2325 0.36329588014981273 0.105 0.0749063670411985
0 0.21 0.21722846441947566 0.07 0.0449438202247191
3 0.2375 0.3052434456928839 0.125 0.07865168539325842
3 0.415 0.45880149812734083 0.1 0.04868913857677903
0 0.7625 0.22659176029962547 0.035 0.026217228464419477
3 0.5775 0.43258426966292135 0.095 0.07865168539325842
3 0.2675 0.41947565543071164 0.075 0.0599250936329588
3 0.2075 0.2303370786516854 0.145 0.10112359550561797
3 0.3475 0.43258426966292135 0.095 0.07116104868913857
3 0.76 0.2397003745318352 0.15 0.11235955056179775
