3 0.08208802456499488 0.8642922935216457 0.16417604912998976 0.2708013509364446
3 0.802661207778915 0.31378569235492787 0.1428863868986694 0.22843107153822537
3 0.44298874104401226 0.0961007061713233 0.10440122824974411 0.1657967454712926
3 0.3533265097236438 0.13110224132637396 0.11586489252814738 0.1670248695118207
3 0.72978505629478 0.17976665643229967 0.1293756397134084 0.20049124961621123
3 0.2752302968270215 0.16641080749155665 0.11852610030706244 0.2118513969910961
0 0.16704196519959058 0.5406816088424931 0.0020470829068577278 0.00368437212158428
3 0.8686796315250768 0.6482959778937673 0.19303991811668372 0.2968989867976666
0 0.83510747185261 0.894688363524716 0.0030706243602865915 0.007982806263432606
3 0.6399181166837257 0.12050967147681915 0.11668372569089049 0.171016272643537
3 0.8324462640736949 0.46499846484494933 0.15168884339815764 0.20970217992017193
3 0.9122824974411463 0.8754989253914646 0.1750255885363357 0.24838808719680688
3 0.12732855680655067 0.6241940435984035 0.1940634595701126 0.2935216456862143
3 0.2031729785056295 0.2881486030089039 0.1406345957011259 0.21891311022413265
0 0.810849539406346 0.5202640466687135 0.0032753326509723643 0.003991403131716303
3 0.16898669396110544 0.4315320847405588 0.15455475946775846 0.19557875345409886
3 0.5416581371545548 0.10730733804114216 0.10481064483111566 0.16119128031931226
0 0.0991811668372569 0.5624808105618667 0.0022517911975435006 0.004298434141848327
