3 0.6135010822510822 0.31919642857142855 0.10146103896103896 0.14583333333333334
3 0.7895021645021645 0.4884672619047619 0.11147186147186147 0.09598214285714286
3 0.820211038961039 0.37220982142857145 0.0992965367965368 0.14546130952380953
3 0.8147997835497836 0.33035714285714285 0.07278138528138528 0.14136904761904762
3 0.41680194805194803 0.45740327380952384 0.08685064935064934 0.09263392857142858
1 0.7497294372294372 0.4609375 0.03192640692640693 0.04092261904761905
0 0.8166937229437229 0.4302455357142857 0.012175324675324676 0.013020833333333334
3 0.5240800865800865 0.33705357142857145 0.07467532467532467 0.08333333333333333
3 0.69629329004329 0.28664434523809523 0.1176948051948052 0.14992559523809523
0 0.7816558441558441 0.3757440476190476 0.021645021645021644 0.01488095238095238
3 0.8088474025974026 0.4490327380952381 0.0992965367965368 0.0818452380952381
3 0.7736742424242424 0.29185267857142855 0.10795454545454546 0.15513392857142858
