3 0.2572178477690289 0.6130952380952381 0.08398950131233596 0.17063492063492064
3 0.16929133858267717 0.5734126984126984 0.07611548556430446 0.12301587301587301
3 0.6351706036745407 0.628968253968254 0.08398950131233596 0.2261904761904762
3 0.32020997375328086 0.6428571428571429 0.09448818897637795 0.2222222222222222
3 0.7480314960629921 0.44642857142857145 0.11548556430446194 0.23412698412698413
3 0.7191601049868767 0.626984126984127 0.08923884514435695 0.23015873015873015
1 0.7270341207349081 0.4384920634920635 0.06299212598425197 0.0992063492063492
3 0.8832020997375328 0.5257936507936508 0.09186351706036745 0.19444444444444445
3 0.5603674540682415 0.6369047619047619 0.08136482939632546 0.2261904761904762
3 0.4068241469816273 0.626984126984127 0.07874015748031496 0.21428571428571427
3 0.47244094488188976 0.6428571428571429 0.09973753280839895 0.23809523809523808
0 0.3530183727034121 0.628968253968254 0.023622047244094488 0.03571428571428571
3 0.7965879265091863 0.6130952380952381 0.07086614173228346 0.15476190476190477
1 0.33858267716535434 0.6706349206349206 0.05774278215223097 0.1349206349206349
3 0.21916010498687663 0.5734126984126984 0.06561679790026247 0.14682539682539683
3 0.8320209973753281 0.5674603174603174 0.08398950131233596 0.15873015873015872
