3 0.14402173913043478 0.18971631205673758 0.24456521739130435 0.20921985815602837
0 0.25 0.28900709219858156 0.03260869565217391 0.010638297872340425
0 0.6195652173913043 0.6312056737588653 0.06521739130434782 0.0425531914893617
3 0.3451086956521739 0.26063829787234044 0.29891304347826086 0.20921985815602837
0 0.296195652173913 0.3120567375886525 0.016304347826086956 0.03546099290780142
0 0.6114130434782609 0.5709219858156028 0.04891304347826087 0.03546099290780142
0 0.7472826086956522 0.799645390070922 0.04891304347826087 0.05319148936170213
3 0.5380434782608695 0.40070921985815605 0.32608695652173914 0.2198581560283688
3 0.7391304347826086 0.7872340425531915 0.391304347826087 0.2127659574468085
3 0.6222826086956522 0.5939716312056738 0.4076086956521739 0.21631205673758866
