3 0.2943801652892562 0.42658730158730157 0.10942148760330579 0.17857142857142858
0 0.24694214876033058 0.3187003968253968 0.002644628099173554 0.004464285714285714
3 0.5267768595041322 0.5173611111111112 0.08495867768595042 0.1636904761904762
3 0.6753719008264463 0.45808531746031744 0.1024793388429752 0.15823412698412698
3 0.6014876033057851 0.48462301587301587 0.08826446280991736 0.14583333333333334
3 0.7489256198347107 0.23511904761904762 0.12 0.17162698412698413
3 0.4375206611570248 0.5225694444444444 0.09553719008264462 0.14434523809523808
3 0.23785123966942148 0.2958829365079365 0.1252892561983471 0.17410714285714285
3 0.7474380165289256 0.07837301587301587 0.12694214876033058 0.15674603174603174
0 0.24578512396694216 0.2683531746031746 0.02347107438016529 0.041666666666666664
3 0.3618181818181818 0.5349702380952381 0.09553719008264462 0.1691468253968254
3 0.7244628099173553 0.39285714285714285 0.11206611570247933 0.16567460317460317
