3 0.6173780487804879 0.08270676691729323 0.11890243902439024 0.09774436090225563
0 0.8170731707317073 0.38533834586466165 0.024390243902439025 0.018796992481203006
3 0.8277439024390244 0.4473684210526316 0.13109756097560976 0.12030075187969924
3 0.8445121951219512 0.7481203007518797 0.1524390243902439 0.17293233082706766
3 0.7164634146341463 0.13157894736842105 0.08536585365853659 0.09774436090225563
3 0.3948170731707317 0.09774436090225563 0.08231707317073171 0.10526315789473684
3 0.1402439024390244 0.8045112781954887 0.12804878048780488 0.16541353383458646
0 0.2301829268292683 0.37218045112781956 0.10670731707317073 0.09774436090225563
3 0.8033536585365854 0.33458646616541354 0.13109756097560976 0.12781954887218044
0 0.2621951219512195 0.2951127819548872 0.06707317073170732 0.08646616541353383
3 0.2759146341463415 0.2725563909774436 0.13109756097560976 0.13157894736842105
3 0.19664634146341464 0.5112781954887218 0.15548780487804878 0.21052631578947367
3 0.8384146341463414 0.5958646616541353 0.15853658536585366 0.19172932330827067
3 0.4954268292682927 0.06954887218045112 0.11890243902439024 0.08646616541353383
3 0.30335365853658536 0.17481203007518797 0.10060975609756098 0.11654135338345864
0 0.1448170731707317 0.7180451127819549 0.03353658536585366 0.022556390977443608
3 0.7820121951219512 0.21428571428571427 0.10060975609756098 0.11278195488721804
3 0.15701219512195122 0.6635338345864662 0.16158536585365854 0.18421052631578946
