3 0.8080847723704867 0.7181102362204724 0.16169544740973313 0.22992125984251968
3 0.7323390894819466 0.36509186351706036 0.09262166405023547 0.15275590551181104
3 0.36577708006279436 0.2929133858267717 0.09340659340659341 0.12598425196850394
3 0.2490188383045526 0.568241469816273 0.1314756671899529 0.210498687664042
3 0.592425431711146 0.26404199475065615 0.0773155416012559 0.09028871391076115
3 0.6642464678178964 0.2929133858267717 0.08830455259026687 0.10288713910761155
3 0.4362244897959184 0.2566929133858268 0.08516483516483517 0.09763779527559055
3 0.5031397174254317 0.25406824146981627 0.076138147566719 0.08608923884514436
3 0.7853218210361067 0.5123359580052493 0.11616954474097331 0.2141732283464567
3 0.29709576138147564 0.4026246719160105 0.11381475667189953 0.1973753280839895
