0 0.6538888888888889 0.6852083333333333 0.0033333333333333335 0.01125
3 0.5752777777777778 0.5533333333333333 0.16 0.24333333333333335
3 0.24986111111111112 0.10291666666666667 0.1213888888888889 0.1125
3 0.5254166666666666 0.42520833333333335 0.12361111111111112 0.13625
2 0.5716666666666667 0.6264583333333333 0.0961111111111111 0.037083333333333336
0 0.5929166666666666 0.62125 0.009166666666666667 0.01
3 0.1075 0.089375 0.10944444444444444 0.10125
3 0.43833333333333335 0.2225 0.10055555555555555 0.1425
0 0.6588888888888889 0.670625 0.012222222222222223 0.00375
3 0.08527777777777777 0.15708333333333332 0.12 0.10166666666666667
0 0.5744444444444444 0.6116666666666667 0.006111111111111111 0.005
3 0.3498611111111111 0.143125 0.10805555555555556 0.09875
0 0.5805555555555556 0.6145833333333334 0.005 0.004166666666666667
3 0.4851388888888889 0.32479166666666665 0.12416666666666666 0.15125
0 0.17180555555555554 0.11 0.035277777777777776 0.02666666666666667
3 0.16402777777777777 0.0875 0.11861111111111111 0.11083333333333334
3 0.08611111111111111 0.25833333333333336 0.12333333333333334 0.11583333333333333
3 0.08152777777777778 0.345 0.10416666666666667 0.10416666666666667
0 0.49194444444444446 0.4583333333333333 0.0022222222222222222 0.008333333333333333
