2 0.4075801749271137 0.5697980684811238 0.0402332361516035 0.11940298507462686
3 0.6027696793002916 0.5967954345917471 0.07551020408163266 0.12774363476733977
1 0.5759475218658893 0.7780948200175593 0.06093294460641399 0.09877085162423178
1 0.43556851311953354 0.75 0.008746355685131196 0.05662862159789289
3 0.4246355685131195 0.7153204565408253 0.0597667638483965 0.1488147497805092
0 0.3616618075801749 0.5263388937664618 0.017201166180758017 0.04214223002633889
1 0.5061224489795918 0.7480245829675154 0.009912536443148687 0.048287971905179985
1 0.32099125364431486 0.7513169446883231 0.02857142857142857 0.051360842844600525
3 0.5256559766763849 0.7179543459174714 0.06355685131195335 0.14354697102721686
3 0.31909620991253645 0.7107111501316945 0.07201166180758017 0.15891132572431957
3 0.4650145772594752 0.7497805092186128 0.03848396501457726 0.08165057067603161
3 0.5763848396501458 0.7467076382791923 0.0629737609329446 0.16242317822651448
2 0.3599125364431487 0.5353380158033363 0.030029154518950437 0.0601404741000878
3 0.3849854227405248 0.5842844600526778 0.08775510204081632 0.15803336259877085
3 0.28877551020408165 0.590649692712906 0.07667638483965014 0.11369622475856014
0 0.4542274052478134 0.7473661106233538 0.01749271137026239 0.058384547848990345
