0 0.3596783139212424 0.39531336661120353 0.025697910889258643 0.03355518580144204
3 0.3714180070253282 0.406128674431503 0.13348123497873915 0.16112035496394897
0 0.6271029765206138 0.44717138103161397 0.010722869291920872 0.01691625069328896
3 0.5794971344056202 0.6723516361619523 0.08929561841375486 0.19606211869107043
3 0.5792198188204843 0.4514697726012202 0.1035311517840636 0.16971713810316139
3 0.45387317433906454 0.29825291181364394 0.08652246256239601 0.14669994453688298
3 0.33268626363468295 0.29506378258458127 0.12072471806248844 0.1735995562950638
1 0.3512664078387872 0.4044647809206877 0.04954705121094472 0.06073211314475874
3 0.6591791458679978 0.7707986688851913 0.13551488260306896 0.26039933444259566
3 0.5212608615270845 0.36577925679423184 0.09779996302458865 0.21020521353300056
3 0.785912368275097 0.656128674431503 0.11092623405435385 0.13255684969495285
3 0.4205028655943797 0.21727676095396561 0.06452209280828249 0.22767609539656128
3 0.7207432057681642 0.5992789794786467 0.1395821778517286 0.16472545757071547
0 0.766777592900721 0.6772046589018302 0.014605287483823257 0.021630615640599003
3 0.43862081715659085 0.4733777038269551 0.14438898132741726 0.22961730449251247
1 0.5876317249029396 0.7425124792013311 0.03383250138657792 0.050748752079866885
0 0.7665002773155851 0.6103716028840821 0.032908116102791644 0.03826955074875208
3 0.5091514143094842 0.5733499722684415 0.172305416897763 0.2221297836938436
1 0.7906267332224071 0.6437881308929562 0.10075799593270475 0.10565723793677205
3 0.6378258458125347 0.5378535773710482 0.12053984100573119 0.2165834719911259
