3 0.579 0.591375 0.057 0.14075
3 0.22741666666666666 0.458625 0.0315 0.09825
3 0.46825 0.591125 0.05683333333333333 0.13025
3 0.3829166666666667 0.471375 0.06116666666666667 0.11375
3 0.2825 0.471625 0.035666666666666666 0.11325
3 0.5231666666666667 0.588875 0.056666666666666664 0.13475
3 0.664 0.4525 0.052 0.1645
3 0.6316666666666667 0.588375 0.05466666666666667 0.16625
3 0.54075 0.4415 0.0835 0.161
3 0.41158333333333336 0.578625 0.05516666666666667 0.11625
3 0.31325 0.573 0.04883333333333333 0.1135
3 0.7529166666666667 0.45325 0.030166666666666668 0.1005
3 0.24858333333333332 0.545125 0.04016666666666667 0.08525
3 0.7005 0.463375 0.032 0.12975
3 0.2805 0.562875 0.03866666666666667 0.09375
3 0.7313333333333333 0.543125 0.041 0.08725
3 0.3233333333333333 0.4665 0.064 0.132
3 0.7015833333333333 0.558375 0.036833333333333336 0.08925
3 0.7271666666666666 0.45525 0.027666666666666666 0.112
3 0.6758333333333333 0.575625 0.03766666666666667 0.10675
3 0.6120833333333333 0.444625 0.0605 0.14425
3 0.3555833333333333 0.582125 0.05683333333333333 0.14975
3 0.2524166666666667 0.468125 0.0335 0.10525
3 0.4554166666666667 0.4555 0.08783333333333333 0.1585
