3 0.429058908045977 0.59765625 0.07219827586206896 0.11233836206896551
3 0.7295258620689655 0.6146282327586207 0.08548850574712644 0.10479525862068965
3 0.34967672413793105 0.6051993534482759 0.08045977011494253 0.11341594827586207
3 0.580010775862069 0.6037176724137931 0.0766882183908046 0.10775862068965517
3 0.6810344827586207 0.5010775862068966 0.08441091954022989 0.12392241379310345
3 0.774694683908046 0.5365032327586207 0.08926005747126436 0.1705280172413793
3 0.5806393678160919 0.4826239224137931 0.11494252873563218 0.1414331896551724
3 0.6521192528735632 0.6042564655172413 0.06716954022988506 0.10021551724137931
3 0.35820761494252873 0.4765625 0.08207614942528736 0.125
3 0.27388649425287354 0.5105064655172413 0.0908764367816092 0.16702586206896552
3 0.45599856321839083 0.4735991379310345 0.11278735632183907 0.1427801724137931
3 0.5029633620689655 0.6018318965517241 0.078125 0.11422413793103449
