3 0.27204030226700254 0.7610169491525424 0.13602015113350127 0.20677966101694914
1 0.5503778337531486 0.5220338983050847 0.06801007556675064 0.05423728813559322
1 0.2506297229219144 0.5457627118644067 0.0327455919395466 0.1016949152542373
3 0.5579345088161209 0.7135593220338983 0.1486146095717884 0.288135593220339
3 0.7216624685138538 0.7542372881355932 0.17380352644836272 0.2135593220338983
3 0.8942065491183879 0.7423728813559322 0.16120906801007556 0.21694915254237288
1 0.2770780856423174 0.5644067796610169 0.020151133501259445 0.10508474576271186
1 0.7858942065491183 0.5169491525423728 0.060453400503778336 0.13898305084745763
3 0.6410579345088161 0.5135593220338983 0.25440806045340053 0.3694915254237288
1 0.48866498740554154 0.49830508474576274 0.05037783375314862 0.061016949152542375
3 0.163727959697733 0.5050847457627119 0.22670025188916876 0.3864406779661017
3 0.10831234256926953 0.7610169491525424 0.16120906801007556 0.2271186440677966
3 0.42191435768261965 0.7135593220338983 0.15365239294710328 0.28135593220338984
3 0.3891687657430731 0.5372881355932203 0.24937027707808565 0.36271186440677966
3 0.8690176322418136 0.46440677966101696 0.23173803526448364 0.4135593220338983
