3 0.31516666666666665 0.21425 0.10566666666666667 0.188
3 0.8026666666666666 0.435 0.134 0.192
0 0.8098333333333333 0.799375 0.003 0.00875
3 0.18675 0.614625 0.17283333333333334 0.25675
3 0.7164166666666667 0.19775 0.11483333333333333 0.18
3 0.22375 0.444875 0.1365 0.16825
3 0.83625 0.586875 0.1675 0.26025
3 0.5531666666666667 0.14775 0.092 0.1395
3 0.25416666666666665 0.3195 0.12533333333333332 0.1965
3 0.77875 0.306125 0.12583333333333332 0.20225
3 0.14458333333333334 0.820625 0.1595 0.23475
3 0.879 0.786375 0.16033333333333333 0.24075
3 0.6401666666666667 0.1525 0.108 0.151
3 0.38958333333333334 0.17675 0.10083333333333333 0.1455
3 0.4691666666666667 0.141875 0.091 0.14775
