3 0.4445165476963011 0.4143598615916955 0.063595068137573 0.08044982698961937
3 0.3707008436080467 0.4100346020761246 0.06521739130434782 0.0726643598615917
1 0.5923101881894873 0.33953287197231835 0.029526281635301754 0.058823529411764705
0 0.42212848799480857 0.4061418685121107 0.011680726800778715 0.018166089965397925
1 0.4982154445165477 0.40570934256055363 0.043153796236210254 0.06660899653979238
0 0.5444516547696301 0.3814878892733564 0.008436080467229072 0.03806228373702422
3 0.2336145360155743 0.41219723183391005 0.07332900713822194 0.07698961937716263
3 0.35788449059052563 0.4733996539792388 0.06554185593770279 0.1051038062283737
3 0.16612589227774172 0.44658304498269896 0.05386112913692408 0.0523356401384083
3 0.5532121998702142 0.37694636678200694 0.02855288773523686 0.06877162629757785
0 0.4980532121998702 0.40570934256055363 0.03893575600259572 0.05103806228373702
3 0.586469824789098 0.3546712802768166 0.043153796236210254 0.09515570934256055
3 0.48685918234912395 0.46280276816608995 0.06651524983776769 0.09688581314878893
0 0.36404931862427 0.4134948096885813 0.036340038935756006 0.029411764705882353
3 0.28877352368591824 0.4671280276816609 0.07138221933809215 0.1115916955017301
3 0.5746268656716418 0.41587370242214533 0.03504218040233614 0.08001730103806229
3 0.19029850746268656 0.42538927335640137 0.055483452303698895 0.06271626297577855
0 0.19402985074626866 0.47210207612456745 0.025957170668397145 0.02032871972318339
3 0.5433160285528877 0.45025951557093424 0.04704737183646982 0.08996539792387544
0 0.43170019467878 0.4312283737024221 0.007462686567164179 0.025951557093425604
0 0.3056456846203764 0.4124134948096886 0.053212199870214145 0.03503460207612457
1 0.36437378325762493 0.40570934256055363 0.05126541207008436 0.06055363321799308
3 0.42229072031148607 0.4768598615916955 0.06521739130434782 0.10077854671280277
3 0.5105451005840363 0.39511245674740486 0.06716417910447761 0.09039792387543252
0 0.21025308241401688 0.4286332179930796 0.009085009733939001 0.01643598615916955
1 0.42504866969500327 0.4193339100346021 0.02336145360155743 0.06185121107266436
