0 0.8058823529411765 0.40980392156862744 0.029411764705882353 0.027450980392156862
3 0.6161764705882353 0.39019607843137255 0.20294117647058824 0.23921568627450981
3 0.7132352941176471 0.5352941176470588 0.1264705882352941 0.2
3 0.11470588235294117 0.39215686274509803 0.15294117647058825 0.26666666666666666
3 0.4588235294117647 0.5549019607843138 0.12352941176470589 0.20784313725490197
3 0.32794117647058824 0.5607843137254902 0.09705882352941177 0.19607843137254902
3 0.7794117647058824 0.37058823529411766 0.13529411764705881 0.20784313725490197
3 0.9220588235294118 0.37058823529411766 0.15 0.2549019607843137
3 0.09411764705882353 0.5549019607843138 0.13529411764705881 0.19215686274509805
3 0.5823529411764706 0.5372549019607843 0.12941176470588237 0.1803921568627451
3 0.25441176470588234 0.38823529411764707 0.1323529411764706 0.20392156862745098
3 0.4117647058823529 0.396078431372549 0.18823529411764706 0.25882352941176473
3 0.2088235294117647 0.5490196078431373 0.1411764705882353 0.25098039215686274
0 0.6102941176470589 0.3137254901960784 0.008823529411764706 0.01568627450980392
3 0.8514705882352941 0.5274509803921569 0.15 0.2627450980392157
