3 0.6748181818181819 0.6124624214266193 0.11109090909090909 0.20114785460508336
3 0.2690909090909091 0.6206613828915004 0.10181818181818182 0.17108499590051926
3 0.7609090909090909 0.5889587318939601 0.08509090909090909 0.1639792292976223
3 0.4773636363636364 0.639792292976223 0.10381818181818182 0.18037715222738454
3 0.5782727272727273 0.647034708936868 0.1009090909090909 0.16261273572014212
3 0.19527272727272726 0.5821262640065592 0.08581818181818182 0.1426619294889314
3 0.13336363636363635 0.4226564635146215 0.07 0.19595517901065865
3 0.3709090909090909 0.6339163705930582 0.11272727272727273 0.19595517901065865
3 0.1989090909090909 0.4199234763596611 0.09054545454545454 0.25116151954085814
3 0.8624545454545455 0.39833287783547416 0.05509090909090909 0.1904892047007379
3 0.42672727272727273 0.4590051926755944 0.16036363636363637 0.26482645531566
3 0.8026363636363636 0.3880841760043728 0.082 0.23394370046460783
3 0.5818181818181818 0.44657010112052475 0.15636363636363637 0.264553156600164
3 0.714 0.4163705930582126 0.11890909090909091 0.24296255807597705
3 0.2923636363636364 0.4349549057119432 0.12 0.26537305274665207
3 0.09209090909090908 0.41295435911451217 0.04418181818181818 0.14211533205793933
