1 0.20589439214081048 0.5448679471788715 0.12034383954154727 0.11614645858343338
1 0.7847932869422841 0.6024909963985594 0.12136717151043798 0.11014405762304921
3 0.0971142038477282 0.6737695078031213 0.1942284076954564 0.28331332533013204
3 0.6310888252148997 0.4962484993997599 0.21756037658616456 0.27040816326530615
1 0.39214081047891935 0.4417767106842737 0.19156774457634057 0.1368547418967587
0 0.07490790012279984 0.6862244897959183 0.03356528857961523 0.05192076830732293
0 0.9059557920589439 0.7630552220888356 0.030495292672943104 0.04951980792316927
0 0.9578387228817028 0.9938475390156063 0.006139991813344249 0.0117046818727491
3 0.38241915677445765 0.4770408163265306 0.21428571428571427 0.2710084033613445
3 0.7874539500614 0.5993397358943577 0.16352844862873517 0.21968787515006002
3 0.9403397462136717 0.9120648259303722 0.11891117478510028 0.1752701080432173
1 0.904625460499386 0.7752100840336135 0.07981989357347523 0.15066026410564226
1 0.07142857142857142 0.6971788715486195 0.06753990994678674 0.1362545018007203
3 0.894494474007368 0.7536014405762305 0.18481375358166188 0.2845138055222089
1 0.6265861645517806 0.4812424969987995 0.17867376176831765 0.07773109243697479
3 0.2099877200163733 0.5487695078031213 0.1711011051985264 0.2223889555822329
