3 0.8089873417721519 0.4566176470588235 0.13645569620253165 0.16691176470588234
1 0.8472151898734177 0.6461397058823529 0.04329113924050633 0.04742647058823529
3 0.6887341772151899 0.1556985294117647 0.10759493670886076 0.1275735294117647
3 0.5713924050632911 0.09761029411764706 0.13974683544303798 0.09669117647058824
3 0.15658227848101267 0.5908088235294118 0.15012658227848102 0.16470588235294117
3 0.7724050632911392 0.2891544117647059 0.09721518987341772 0.18566176470588236
3 0.43329113924050633 0.08897058823529412 0.14101265822784811 0.0875
3 0.31569620253164554 0.1556985294117647 0.10835443037974683 0.12610294117647058
3 0.12265822784810126 0.8034926470588235 0.16531645569620254 0.26580882352941176
3 0.23645569620253165 0.2939338235294118 0.10430379746835443 0.19448529411764706
3 0.8744303797468355 0.8014705882352942 0.15848101265822784 0.26323529411764707
3 0.8458227848101266 0.6044117647058823 0.13772151898734178 0.16470588235294117
3 0.19759493670886075 0.45588235294117646 0.14202531645569622 0.17573529411764705
