3 0.11140350877192982 0.2946708463949843 0.22280701754385965 0.5642633228840125
3 0.4070175438596491 0.41300940438871475 0.4649122807017544 0.731974921630094
3 0.8035087719298246 0.4780564263322884 0.3912280701754386 0.7398119122257053
0 0.743859649122807 0.445141065830721 0.06842105263157895 0.03134796238244514
0 0.8271929824561404 0.5462382445141066 0.04035087719298246 0.13322884012539185
0 0.43464912280701756 0.2836990595611285 0.04649122807017544 0.18495297805642633
0 0.40131578947368424 0.47335423197492166 0.02017543859649123 0.14106583072100312
0 0.9039473684210526 0.4396551724137931 0.10087719298245613 0.03918495297805643
0 0.12543859649122807 0.27899686520376177 0.028070175438596492 0.06269592476489028
0 0.8210526315789474 0.4098746081504702 0.04912280701754386 0.0768025078369906
0 0.37236842105263157 0.3989028213166144 0.03245614035087719 0.054858934169279
0 0.475 0.45141065830721006 0.058771929824561406 0.05956112852664577
0 0.31359649122807015 0.3495297805642633 0.034210526315789476 0.0438871473354232
