3 0.10277957336780866 0.5914385556202679 0.045679810385692736 0.21956901572510193
3 0.8262227968110321 0.5882352941176471 0.08597285067873303 0.29586488060570765
3 0.8417366946778712 0.25538730343622595 0.13423831070889894 0.47233546884100175
0 0.7073906485671192 0.534944670937682 0.0021547080370609784 0.0052417006406523005
3 0.632191338073691 0.6199767035527082 0.11549235078646844 0.28829353523587653
3 0.9286791639732817 0.4551543389633081 0.060762766645119586 0.21956901572510193
3 0.7338935574229691 0.5993011065812464 0.10989010989010989 0.3564356435643564
3 0.019500107735401853 0.2603377984857309 0.039000215470803706 0.23645894001164822
3 0.43374272786037493 0.6770529994175888 0.09092867916397328 0.19510774606872452
3 0.8859082094376212 0.5570762958648806 0.03813833225597932 0.22888759464181713
3 0.05322128851540616 0.3322655794991264 0.04869640163757811 0.2684915550378567
3 0.25123895712131006 0.6645311589982528 0.10687351863822452 0.3401281304601048
3 0.1676362852833441 0.34886429819452536 0.12669683257918551 0.43797320908561443
3 0.9706959706959707 0.22044263249854398 0.0392156862745098 0.24985439720442632
3 0.42372333548804136 0.3768200349446709 0.16009480715363067 0.42981945253348863
3 0.5806938159879337 0.34740827023878856 0.1577246283128636 0.45136866627839256
3 0.05505279034690799 0.4918462434478742 0.06097823744882568 0.23238206173558532
3 0.9374057315233786 0.28130460104834015 0.04675716440422323 0.28188701223063484
3 0.5270415858651153 0.6508444962143273 0.09437621202327084 0.21025043680838673
3 0.16483516483516483 0.6310425160163076 0.09523809523809523 0.28945835760046595
3 0.33775048480930836 0.6310425160163076 0.08683473389355742 0.23704135119394293
3 0.715794009911657 0.3404193360512522 0.12368024132730016 0.37216074548631334
3 0.09146735617323852 0.3549796156086197 0.06744236156000862 0.3278974956319161
3 0.9062702003878474 0.2914967967384974 0.05343675931911226 0.3442050087361677
3 0.2875457875457875 0.3794408852649971 0.1282051282051282 0.35701805474665116
