3 0.25272727272727274 0.73224043715847 0.14909090909090908 0.3005464480874317
3 0.7554545454545455 0.37158469945355194 0.14363636363636365 0.29508196721311475
3 0.5372727272727272 0.7336065573770492 0.14363636363636365 0.31420765027322406
3 0.1190909090909091 0.7418032786885246 0.13272727272727272 0.36885245901639346
3 0.5772727272727273 0.3674863387978142 0.21636363636363637 0.3524590163934426
3 0.13727272727272727 0.3989071038251366 0.18 0.2786885245901639
3 0.6772727272727272 0.7021857923497268 0.14 0.3005464480874317
3 0.8127272727272727 0.6994535519125683 0.13090909090909092 0.34972677595628415
3 0.3463636363636364 0.3879781420765027 0.20909090909090908 0.3114754098360656
3 0.9245454545454546 0.6762295081967213 0.13636363636363635 0.28688524590163933
3 0.8881818181818182 0.3524590163934426 0.13636363636363635 0.3442622950819672
3 0.39545454545454545 0.7418032786885246 0.14727272727272728 0.30327868852459017
3 0.9754545454545455 0.3770491803278688 0.045454545454545456 0.2185792349726776
