3 0.19436919504643962 0.6067285382830626 0.08339783281733747 0.10208816705336426
3 0.49787151702786375 0.7514501160092807 0.10371517027863777 0.16299303944315546
3 0.7085913312693498 0.7105568445475638 0.09868421052631579 0.10614849187935035
3 0.32159442724458204 0.7333236658932715 0.0661764705882353 0.09773781902552205
3 0.6468653250773994 0.7549303944315545 0.08243034055727554 0.1136890951276102
3 0.7447755417956656 0.6180394431554525 0.12848297213622292 0.14153132250580047
3 0.7726393188854489 0.47505800464037123 0.10990712074303406 0.16763341067285384
3 0.40218653250773995 0.7437645011600929 0.10777863777089783 0.15516241299303946
3 0.5758513931888545 0.7859628770301624 0.09404024767801858 0.08642691415313225
3 0.24932275541795665 0.69127030162413 0.08107585139318886 0.13602088167053364
