3 0.24564586357039186 0.44321480406386066 0.04378326076439284 0.170899854862119
3 0.45379777455249154 0.3873367198838897 0.11611030478955008 0.1962989840348331
3 0.21468311562651185 0.45555152394775034 0.050072568940493466 0.15638606676342526
3 0.5678519593613933 0.3916908563134978 0.11296565070149976 0.19412191582002902
3 0.7883405902273827 0.47387518142235124 0.04934687953555878 0.14731494920174165
3 0.28338171262699563 0.42017416545718433 0.059748427672955975 0.20246734397677793
3 0.33575229801644896 0.5466255442670537 0.06627963231736816 0.12155297532656023
3 0.47242380261248185 0.5551523947750363 0.0745041122399613 0.1509433962264151
1 0.6667876149008225 0.32220609579100146 0.036042573778422834 0.036284470246734396
3 0.5468069666182874 0.556966618287373 0.0757135945815191 0.15820029027576196
3 0.6765844218674407 0.5605950653120464 0.06289308176100629 0.12191582002902758
3 0.2923318819545235 0.5433599419448476 0.05926463473633285 0.09905660377358491
3 0.760522496371553 0.46734397677793904 0.045476536042573776 0.1567489114658926
3 0.40130624092888245 0.5477140783744557 0.07934204160619256 0.1549346879535559
3 0.7233913884857281 0.5622278664731495 0.057813255926463476 0.09615384615384616
3 0.6589259796806967 0.4020319303338171 0.08321238509917755 0.21335268505079827
3 0.6170778906627963 0.5555152394775036 0.07982583454281568 0.15312046444121916
3 0.353410740203193 0.4007619738751814 0.09192065795839381 0.17960812772133528
3 0.7256894049346879 0.4287010159651669 0.06434446057087566 0.21661828737300434
