0 0.651849376114082 0.5381016042780749 0.014483065953654188 0.014037433155080214
0 0.6521836007130125 0.5479612299465241 0.005793226381461676 0.00768716577540107
0 0.29879679144385024 0.5108622994652406 0.0213903743315508 0.030414438502673797
0 0.6574197860962567 0.5526403743315508 0.004679144385026738 0.012366310160427808
3 0.732620320855615 0.5800467914438503 0.05035650623885918 0.0945855614973262
3 0.37444295900178254 0.5332553475935828 0.06751336898395723 0.10461229946524064
0 0.6912878787878788 0.5309157754010695 0.05057932263814617 0.061163101604278076
0 0.23585115864527628 0.5932486631016043 0.01804812834224599 0.046122994652406414
0 0.6351381461675579 0.522225935828877 0.006016042780748663 0.011029411764705883
0 0.285873440285205 0.52423128342246 0.008021390374331552 0.014371657754010695
1 0.6908422459893048 0.5315842245989305 0.05414438502673797 0.06717914438502674
0 0.6437165775401069 0.5439505347593583 0.004010695187165776 0.006350267379679145
3 0.45098039215686275 0.6278409090909091 0.06951871657754011 0.07987967914438503
0 0.35773172905525846 0.5101938502673797 0.02606951871657754 0.050467914438502674
3 0.5202762923351159 0.6263368983957219 0.0748663101604278 0.08957219251336898
3 0.5450089126559715 0.49766042780748665 0.0944741532976827 0.05614973262032086
3 0.6429367201426025 0.6315173796791443 0.05904634581105169 0.09191176470588236
3 0.276626559714795 0.6313502673796791 0.06885026737967914 0.08088235294117647
3 0.6300133689839572 0.5337566844919787 0.06394830659536542 0.1089572192513369
3 0.6887254901960784 0.5553141711229946 0.058823529411764705 0.11530748663101605
1 0.6414884135472371 0.5165441176470589 0.040106951871657755 0.07453208556149733
3 0.3065953654188948 0.5456216577540107 0.06996434937611408 0.10862299465240642
0 0.2557932263814617 0.6605949197860963 0.025846702317290554 0.01838235294117647
3 0.3979500891265597 0.6126336898395722 0.06550802139037433 0.09893048128342247
3 0.5836675579322638 0.6224933155080213 0.06528520499108735 0.10528074866310161
3 0.3340017825311943 0.6186497326203209 0.06372549019607843 0.10227272727272728
0 0.7230392156862745 0.5802139037433155 0.02540106951871658 0.05949197860962567
3 0.6973039215686274 0.652072192513369 0.0661764705882353 0.09157754010695188
3 0.24933155080213903 0.5726938502673797 0.04768270944741533 0.0999331550802139
0 0.6280080213903744 0.5259024064171123 0.006907308377896613 0.005013368983957219
