3 0.5767968493600263 0.23855243722304284 0.04890055792582868 0.08124076809453472
3 0.4320643255661306 0.26637124569177745 0.0744995077125041 0.09945839487936976
3 0.3559238595339678 0.33407188577055635 0.04430587463078438 0.10388970950270802
3 0.501312766655727 0.31388478581979323 0.04758779127010174 0.07631708517971443
3 0.4028552674762061 0.32865583456425407 0.04955694125369216 0.09896602658788774
3 0.5553002953724976 0.2966518956179222 0.04988513291762389 0.09699655342195962
3 0.6023957991467017 0.28286558345642543 0.04561864128651132 0.09699655342195962
3 0.36905152609123726 0.2710487444608567 0.05021332458155563 0.08025603151157065
3 0.4517558254020348 0.31782373215164944 0.04364949130292091 0.07828655834564253
3 0.31752543485395474 0.28311176760216644 0.05415162454873646 0.0915805022156573
3 0.5191992123400065 0.2552929591334318 0.07088939940925501 0.09896602658788774
3 0.6253692156219232 0.2397833579517479 0.04758779127010174 0.07976366322008863
3 0.2827371184771907 0.28064992614475626 0.039711191335740074 0.052191038897095025
3 0.3129307515589104 0.3325947808961103 0.05677715786019035 0.08025603151157065
