3 0.611875 0.21226415094339623 0.11375 0.16792452830188678
0 0.889375 0.6018867924528302 0.00625 0.022641509433962263
3 0.319375 0.2688679245283019 0.10375 0.18679245283018867
3 0.88125 0.8320754716981132 0.145 0.21132075471698114
3 0.746875 0.3877358490566038 0.11875 0.16037735849056603
3 0.15875 0.8311320754716981 0.1425 0.2169811320754717
3 0.66875 0.30754716981132074 0.095 0.1509433962264151
3 0.404375 0.2179245283018868 0.09625 0.16037735849056603
3 0.221875 0.4962264150943396 0.11375 0.15471698113207547
3 0.7975 0.5037735849056604 0.12 0.15471698113207547
3 0.835 0.6641509433962264 0.1525 0.2339622641509434
3 0.28625 0.4018867924528302 0.115 0.1660377358490566
3 0.205 0.6679245283018868 0.15 0.23018867924528302
3 0.750625 0.24339622641509434 0.10625 0.15849056603773584
3 0.504375 0.19339622641509435 0.11375 0.17547169811320754
