1 0.3980514961725818 0.30097425191370913 0.03897007654836465 0.05010438413361169
0 0.2773138482950592 0.30654140570633265 0.028531663187195546 0.022268615170494086
1 0.5102644398051496 0.32376478775226164 0.03653444676409186 0.07689631176061239
3 0.6365692414752957 0.36882393876130826 0.07689631176061239 0.10160055671537926
3 0.56419624217119 0.36586638830897705 0.07411273486430063 0.10194850382741823
3 0.29366736256089077 0.3279401530967293 0.09116214335421016 0.1151704940848991
3 0.7002435629784273 0.31941544885177453 0.08315935977731385 0.116214335421016
3 0.7764439805149618 0.34011830201809323 0.07689631176061239 0.11169102296450939
3 0.2907098121085595 0.40083507306889354 0.06993736951983298 0.07585247042449547
1 0.7004175365344467 0.3091510090466249 0.08281141266527488 0.09081419624217119
1 0.33942240779401534 0.4130132219902575 0.029575504523312455 0.03966597077244259
3 0.47007654836464857 0.3169798190675017 0.11691022964509394 0.1454418928322895
3 0.3742171189979123 0.3117606123869172 0.08803061934585943 0.10647181628392484
0 0.4048364648573417 0.2917536534446764 0.013569937369519834 0.005915100904662491
0 0.6010786360473208 0.2804453723034099 0.09846903270702853 0.07724425887265135
3 0.36447459986082115 0.38656924147529576 0.07967988865692414 0.09394572025052192
1 0.7802713987473904 0.30775922059846905 0.06993736951983298 0.04697286012526096
