3 0.23733660130718953 0.6282169117647058 0.1111111111111111 0.07935049019607843
3 0.1568627450980392 0.6251531862745098 0.09313725490196079 0.09160539215686274
3 0.3314950980392157 0.6302083333333334 0.12295751633986927 0.09375
3 0.3319035947712418 0.8151041666666666 0.16053921568627452 0.11611519607843138
0 0.4084967320261438 0.6893382352941176 0.008169934640522876 0.001838235294117647
3 0.4699754901960784 0.6178002450980392 0.12459150326797386 0.0744485294117647
3 0.4750816993464052 0.5824142156862745 0.11601307189542484 0.049019607843137254
0 0.41973039215686275 0.6704963235294118 0.01184640522875817 0.007659313725490196
0 0.4325980392156863 0.6821384803921569 0.016339869281045753 0.004595588235294118
3 0.3729575163398693 0.7483149509803921 0.1576797385620915 0.0940563725490196
0 0.31862745098039214 0.6360294117647058 0.004084967320261438 0.011029411764705883
3 0.4264705882352941 0.6806066176470589 0.18137254901960784 0.11488970588235294
