3 0.5603780864197531 0.23300788584303417 0.03433641975308642 0.09275253473526099
3 0.691454475308642 0.24502440856177243 0.05536265432098766 0.11978971085242208
3 0.6311728395061729 0.2880210289147578 0.04513888888888889 0.07960946301164101
3 0.5879629629629629 0.2953435974464889 0.045910493827160496 0.054449868569282765
2 0.6747685185185185 0.2514081862561021 0.018518518518518517 0.02290649643259482
1 0.7467206790123457 0.27300037551633494 0.027391975308641976 0.05707848291400676
3 0.7254050925925926 0.33270747277506574 0.03452932098765432 0.06759294029290275
0 0.6996527777777778 0.31167855801727373 0.018518518518518517 0.03304543747653023
3 0.6413966049382716 0.2221179121291776 0.04513888888888889 0.07923394667668043
3 0.6678240740740741 0.3071723619977469 0.040123456790123455 0.07960946301164101
3 0.597704475308642 0.23357116034547504 0.04533179012345679 0.09913631242959069
3 0.6981095679012346 0.3173113030416823 0.02662037037037037 0.08561772437101015
3 0.7708333333333334 0.2812617348854675 0.03433641975308642 0.09162598573037928
3 0.7410300925925926 0.25779196395043186 0.048804012345679014 0.09575666541494555
3 0.7503858024691358 0.3317686819376643 0.03125 0.06646639128802102
3 0.5532407407407407 0.2878332707472775 0.04128086419753087 0.046188509200150205
3 0.7953317901234568 0.29966203529853547 0.02854938271604938 0.10063837776943298
3 0.5120563271604939 0.21686068343972964 0.036458333333333336 0.08524220803604957
0 0.7477816358024691 0.2675553886594067 0.0013503086419753086 0.0026286143447239955
