3 0.7401258680555556 0.5121527777777778 0.130859375 0.20543981481481483
3 0.8203125 0.33912037037037035 0.12239583333333333 0.24421296296296297
3 0.5416666666666666 0.5714699074074074 0.10416666666666667 0.18229166666666666
3 0.4187282986111111 0.36646412037037035 0.16861979166666666 0.2728587962962963
3 0.2879774305555556 0.33492476851851855 0.1037326388888889 0.22251157407407407
3 0.326171875 0.5591724537037037 0.11631944444444445 0.20688657407407407
3 0.5827907986111112 0.3734085648148148 0.16688368055555555 0.2722800925925926
3 0.24739583333333334 0.5096932870370371 0.10677083333333333 0.22251157407407407
3 0.4347873263888889 0.5843460648148148 0.1130642361111111 0.18200231481481483
3 0.7109375 0.35054976851851855 0.09461805555555555 0.2097800925925926
3 0.18131510416666666 0.33203125 0.12565104166666666 0.2578125
3 0.6495225694444444 0.5687210648148148 0.12586805555555555 0.1831597222222222
