0 0.5899075081610446 0.26 0.007889009793253536 0.012244897959183673
0 0.5350924918389554 0.25979591836734695 0.004352557127312296 0.005306122448979592
3 0.5344124047878128 0.4775510204081633 0.05032644178454842 0.0783673469387755
3 0.6282644178454843 0.4555102040816327 0.05087051142546246 0.09306122448979592
0 0.43715995647442873 0.28959183673469385 0.005984766050054407 0.009387755102040816
3 0.46395538628944505 0.27816326530612245 0.0617519042437432 0.04775510204081632
0 0.46096300326441786 0.28448979591836737 0.012241566920565832 0.012244897959183673
3 0.3861534276387378 0.4775510204081633 0.05087051142546246 0.06938775510204082
3 0.34956474428726875 0.3248979591836735 0.04461371055495103 0.07102040816326531
3 0.484766050054407 0.48306122448979594 0.05223068552774755 0.07714285714285714
3 0.43389553862894453 0.48122448979591836 0.05223068552774755 0.06693877551020408
3 0.5826985854189336 0.466734693877551 0.05223068552774755 0.07795918367346939
3 0.5380848748639826 0.26693877551020406 0.06637649619151251 0.053877551020408164
