3 0.34990543096460414 0.48270833333333335 0.10213455822750608 0.11291666666666667
3 0.4741961631991354 0.48854166666666665 0.1356390164820319 0.11875
3 0.6973790867333153 0.50375 0.07457443934071872 0.155
3 0.24777087273709808 0.514375 0.08646311807619562 0.13708333333333333
3 0.47311537422318295 0.5777083333333334 0.0810591731964334 0.06875
3 0.2999189408268036 0.553125 0.08322075114833828 0.09291666666666666
3 0.3866522561469873 0.5497916666666667 0.09240745744393407 0.09958333333333333
3 0.7704674412320994 0.493125 0.07538503107268306 0.17458333333333334
3 0.5549851391515807 0.5652083333333333 0.08322075114833828 0.11291666666666667
3 0.6036206430694407 0.505 0.12320994325857876 0.14833333333333334
