3 0.10756501182033097 0.5523255813953488 0.13002364066193853 0.22868217054263565
0 0.723404255319149 0.5077519379844961 0.009456264775413711 0.007751937984496124
3 0.817966903073286 0.6453488372093024 0.1607565011820331 0.32170542635658916
3 0.6501182033096927 0.5755813953488372 0.22695035460992907 0.32170542635658916
3 0.42080378250591016 0.5290697674418605 0.23167848699763594 0.28294573643410853
3 0.9479905437352246 0.6957364341085271 0.09929078014184398 0.3372093023255814
3 0.9468085106382979 0.4476744186046512 0.1016548463356974 0.26744186046511625
0 0.8368794326241135 0.6957364341085271 0.014184397163120567 0.050387596899224806
0 0.8297872340425532 0.5872093023255814 0.009456264775413711 0.050387596899224806
3 0.5839243498817966 0.25775193798449614 0.15130023640661938 0.3372093023255814
3 0.8699763593380615 0.36046511627906974 0.15602836879432624 0.3488372093023256
3 0.44208037825059104 0.24031007751937986 0.15130023640661938 0.32558139534883723
3 0.2364066193853428 0.5387596899224806 0.13711583924349882 0.26356589147286824
3 0.2990543735224586 0.26744186046511625 0.1536643026004728 0.3333333333333333
3 0.17966903073286053 0.29457364341085274 0.1182033096926714 0.4108527131782946
3 0.08865248226950355 0.35271317829457366 0.13002364066193853 0.31007751937984496
3 0.7257683215130024 0.3178294573643411 0.13711583924349882 0.34108527131782945
