3 0.8649737302977233 0.38917222440172616 0.17408056042031525 0.26441741859552764
3 0.17040280210157618 0.8269909768536681 0.0851138353765324 0.08160062769713614
1 0.5003502626970228 0.4894076108277756 0.2231173380035026 0.11337779521380933
3 0.49509632224168126 0.4193801490780698 0.23362521891418564 0.2518634758728913
3 0.852539404553415 0.6023930953315025 0.14080560420315236 0.08826990976853669
3 0.26882661996497376 0.7846214201647705 0.1117338003502627 0.1035700274617497
3 0.30630472854640983 0.5596312279325225 0.2266199649737303 0.30717928599450767
3 0.6887915936952714 0.6363279717536289 0.16987740805604204 0.11455472734405649
3 0.15148861646234676 0.6245586504511573 0.1117338003502627 0.22989407610827775
3 0.7066549912434326 0.4254609650843468 0.18669001751313485 0.25460965084346804
3 0.5274956217162872 0.6802667712828561 0.1660245183887916 0.14750882699097687
3 0.3837127845884413 0.7316594743036485 0.1467600700525394 0.13652412710867007
