3 0.23138639281129653 0.4198002350176263 0.03915275994865212 0.18037602820211515
3 0.39618100128369704 0.6183901292596945 0.07798459563543003 0.1662749706227967
3 0.7790436456996149 0.46592244418331374 0.039473684210526314 0.15393654524089306
3 0.5083440308087291 0.4518213866039953 0.12259306803594351 0.25381903642773207
3 0.6874197689345315 0.5995887191539365 0.06418485237483953 0.12397179788484136
3 0.32493581514762515 0.6054641598119859 0.0824775353016688 0.154524089306698
3 0.4022785622593068 0.43566392479435956 0.10430038510911425 0.23795534665099882
3 0.6213093709884467 0.6145710928319624 0.07702182284980745 0.16686251468860164
3 0.7358793324775353 0.467978848413631 0.06354300385109114 0.2109283196239718
3 0.6686456996148908 0.4726792009400705 0.08761232349165597 0.23325499412455933
3 0.5999679075738126 0.4735605170387779 0.06643132220795891 0.19858989424206816
3 0.4719191270860077 0.618683901292597 0.07670089858793325 0.17391304347826086
3 0.31675224646983313 0.42685076380728554 0.08536585365853659 0.2156286721504113
3 0.5479781771501926 0.6263219741480611 0.08632862644415917 0.15041128084606345
3 0.2649229781771502 0.43301997649823737 0.04974326059050064 0.21974148061104584
