0 0.872367898291617 0.8708600427350427 0.003377036154151768 0.014155982905982906
0 0.8910409217322209 0.8842147435897436 0.0077473182359952325 0.00827991452991453
3 0.8601509733810091 0.8810096153846154 0.12316249503377036 0.15838675213675213
0 0.8814064362336115 0.9091880341880342 0.006356773937226857 0.014423076923076924
3 0.21960667461263408 0.31864316239316237 0.12574493444576879 0.16987179487179488
3 0.19050456893126738 0.5821314102564102 0.133492252681764 0.1439636752136752
3 0.47884386174016685 0.15411324786324787 0.1289233214143822 0.1623931623931624
3 0.1731227651966627 0.9245459401709402 0.13130711164084227 0.15037393162393162
3 0.3528009535160906 0.17922008547008547 0.1354787445371474 0.1607905982905983
3 0.6701430274135876 0.22288995726495728 0.11144219308700834 0.16533119658119658
0 0.8775327771156138 0.890090811965812 0.005760826380611839 0.010416666666666666
3 0.5891934843067144 0.15104166666666666 0.09694080254270958 0.13862179487179488
0 0.24831148192292413 0.3870192307692308 0.05045689312673818 0.031517094017094016
3 0.8091974572904251 0.5669070512820513 0.15911799761620976 0.21875
3 0.18663090981326977 0.7512019230769231 0.15196662693682955 0.21394230769230768
3 0.2587405641636869 0.2012553418803419 0.0975367500993246 0.15731837606837606
3 0.7261620977353993 0.3246527777777778 0.1158124751688518 0.15625
3 0.21096543504171633 0.46033653846153844 0.1374652363925308 0.14022435897435898
3 0.7680770758839889 0.42614850427350426 0.13925307906237586 0.15571581196581197
3 0.8584624553039333 0.7138087606837606 0.15355582042113627 0.2048611111111111
