3 0.4347663551401869 0.7728333333333334 0.18018691588785046 0.17033333333333334
3 0.5899065420560747 0.7518333333333334 0.14953271028037382 0.16166666666666665
3 0.2639252336448598 0.7766666666666666 0.17196261682242991 0.17066666666666666
3 0.11570093457943925 0.7756666666666666 0.15289719626168224 0.15733333333333333
3 0.48261682242990656 0.431 0.27065420560747666 0.21733333333333332
3 0.691214953271028 0.483 0.17046728971962616 0.24133333333333334
2 0.48859813084112147 0.511 0.2594392523364486 0.058
3 0.2269158878504673 0.49983333333333335 0.2751401869158879 0.30833333333333335
3 0.7308411214953271 0.7288333333333333 0.1450467289719626 0.159
3 0.8422429906542056 0.46416666666666667 0.13757009345794394 0.241
