3 0.1846217105263158 0.6049953746530989 0.15172697368421054 0.20968239284613013
3 0.774671052631579 0.41273512180080174 0.13240131578947367 0.20814061054579094
3 0.8208264802631579 0.5846438482886216 0.15275493421052633 0.22201665124884365
3 0.5381373355263158 0.18239284613012643 0.10259046052631579 0.17360468701819304
0 0.09148848684210527 0.9346284304656183 0.03289473684210526 0.034535923527597906
1 0.20538651315789475 0.48026518655565836 0.05921052631578947 0.0786308973172988
3 0.6366159539473685 0.19811902559358618 0.11122532894736842 0.18840579710144928
3 0.43585526315789475 0.1782300339192106 0.10731907894736842 0.16342892383595437
3 0.2235814144736842 0.4367869256860931 0.13754111842105263 0.2143077397471477
1 0.11636513157894737 0.7884674683934628 0.0805921052631579 0.12642614862781376
3 0.13270970394736842 0.807277212457601 0.18030427631578946 0.2904717853839038
3 0.3385074013157895 0.20058587727412888 0.11369243421052631 0.17792167745914278
3 0.2713815789473684 0.2750539623805119 0.11800986842105263 0.18563058896083873
3 0.8806537828947368 0.7764415664508172 0.18318256578947367 0.29170521122417514
3 0.723375822368421 0.26549491211840887 0.10752467105263158 0.18809744064138142
