3 0.6789158950617284 0.44560185185185186 0.09162808641975309 0.16782407407407407
3 0.30951003086419754 0.5949074074074074 0.08661265432098765 0.16898148148148148
3 0.7576195987654321 0.6034432870370371 0.06732253086419752 0.1652199074074074
3 0.18663194444444445 0.5062210648148148 0.0642361111111111 0.14207175925925927
3 0.6141010802469136 0.5720486111111112 0.08661265432098765 0.13136574074074073
3 0.3777006172839506 0.5646701388888888 0.08024691358024691 0.12876157407407407
2 0.45447530864197533 0.4994212962962963 0.11458333333333333 0.04513888888888889
3 0.5768711419753086 0.4308449074074074 0.12364969135802469 0.1886574074074074
3 0.7733410493827161 0.4363425925925926 0.10146604938271606 0.2037037037037037
3 0.45621141975308643 0.5740740740740741 0.0787037037037037 0.11400462962962964
3 0.6940586419753086 0.5847800925925926 0.07484567901234568 0.14988425925925927
3 0.2505787037037037 0.45717592592592593 0.10686728395061729 0.19212962962962962
3 0.45476466049382713 0.4330150462962963 0.1259645061728395 0.1785300925925926
3 0.23861882716049382 0.6153067129629629 0.07716049382716049 0.15075231481481483
3 0.5326967592592593 0.5694444444444444 0.07619598765432099 0.1076388888888889
1 0.6597222222222222 0.5522280092592593 0.006172839506172839 0.03732638888888889
3 0.3455825617283951 0.4480613425925926 0.10435956790123457 0.15653935185185186
