3 0.5947712418300654 0.47608600263273365 0.044662309368191724 0.07722685388328214
0 0.579248366013072 0.31592803861342694 0.02886710239651416 0.022817025010969723
3 0.3786764705882353 0.33611232996928475 0.05310457516339869 0.06318560772268539
3 0.40305010893246185 0.49824484422992543 0.04084967320261438 0.08029837648091268
3 0.4417211328976035 0.5008775778850373 0.03812636165577342 0.06362439666520403
0 0.6190087145969498 0.45173321632294866 0.0457516339869281 0.07064501974550241
3 0.3767701525054466 0.4640193067134708 0.05310457516339869 0.08293111013602457
3 0.47848583877995643 0.49824484422992543 0.0392156862745098 0.0750329091706889
3 0.5182461873638344 0.48990785432207107 0.03649237472766884 0.07152259763053971
3 0.6277233115468409 0.3317244405440983 0.04030501089324619 0.06230802983764809
3 0.43300653594771243 0.3093462044756472 0.05501089324618736 0.041246160596752963
0 0.4264705882352941 0.313953488372093 0.03540305010893246 0.02676612549363756
3 0.5578703703703703 0.49319877139096097 0.03567538126361656 0.058797718297498906
0 0.6315359477124183 0.3196577446248354 0.03104575163398693 0.03203159280386134
0 0.4392701525054466 0.49605089951733217 0.016339869281045753 0.03290917068889864
0 0.40019063180827885 0.4861781483106626 0.022603485838779955 0.036858271171566474
0 0.4749455337690632 0.500658183413778 0.003812636165577342 0.0035103115401491883
0 0.37431917211328974 0.4563405002193945 0.02423747276688453 0.028082492321193506
3 0.5808823529411765 0.313953488372093 0.03649237472766884 0.028521281263712155
0 0.4842047930283224 0.4894690653795524 0.008169934640522876 0.009214567792891619
0 0.5611383442265795 0.4800351031154015 0.015522875816993464 0.02106186924089513
