3 0.8327272727272728 0.412568306010929 0.11636363636363636 0.23497267759562843
3 0.3181818181818182 0.45081967213114754 0.11272727272727273 0.23497267759562843
3 0.21818181818181817 0.6229508196721312 0.08727272727272728 0.15300546448087432
3 0.7327272727272728 0.6202185792349727 0.11272727272727273 0.15846994535519127
3 0.9254545454545454 0.41530054644808745 0.09090909090909091 0.20765027322404372
3 0.44727272727272727 0.4562841530054645 0.15272727272727274 0.23497267759562843
3 0.5072727272727273 0.6284153005464481 0.08363636363636363 0.15300546448087432
3 0.5981818181818181 0.453551912568306 0.15636363636363637 0.26229508196721313
3 0.9054545454545454 0.5683060109289617 0.06545454545454546 0.15300546448087432
3 0.14909090909090908 0.5983606557377049 0.06545454545454546 0.11475409836065574
3 0.40545454545454546 0.644808743169399 0.09818181818181818 0.17486338797814208
3 0.8309090909090909 0.6147540983606558 0.09090909090909091 0.16939890710382513
3 0.30363636363636365 0.644808743169399 0.10545454545454545 0.17486338797814208
3 0.16 0.4562841530054645 0.07272727272727272 0.20218579234972678
3 0.6290909090909091 0.6338797814207651 0.09454545454545454 0.14207650273224043
3 0.7290909090909091 0.4344262295081967 0.12 0.2568306010928962
3 0.23272727272727273 0.4344262295081967 0.08727272727272728 0.2568306010928962
