0 0.30934479054779807 0.5799207397622193 0.00644468313641246 0.026420079260237782
0 0.08270676691729323 0.7173051519154557 0.03007518796992481 0.018494055482166448
1 0.5048335123523093 0.4715984147952444 0.09022556390977443 0.12945838837516513
0 0.38131041890440387 0.4953764861294584 0.036519871106337275 0.013210039630118891
0 0.41514500537056925 0.48348745046235136 0.018259935553168637 0.010568031704095112
0 0.4237379162191192 0.5785997357992074 0.018259935553168637 0.04227212681638045
3 0.3716433941997852 0.4900924702774108 0.40816326530612246 0.6525759577278731
3 0.7551020408163265 0.38771466314398945 0.4339419978517723 0.6961690885072656
3 0.11761546723952739 0.582562747688243 0.23523093447905477 0.7926023778071334
0 0.6471535982814178 0.4095112285336856 0.013963480128893663 0.010568031704095112
