0 0.4622670807453416 0.2953125 0.006521739130434782 0.011160714285714286
3 0.47701863354037266 0.40714285714285714 0.3130434782608696 0.3669642857142857
3 0.32748447204968945 0.8799107142857143 0.2201863354037267 0.2375
0 0.49472049689440994 0.40848214285714285 0.014906832298136646 0.010714285714285714
3 0.5886645962732919 0.14910714285714285 0.2916149068322981 0.2982142857142857
3 0.37593167701863356 0.6752232142857143 0.22142857142857142 0.240625
0 0.45217391304347826 0.43325892857142856 0.0055900621118012426 0.010267857142857143
0 0.5248447204968945 0.37075892857142856 0.013043478260869565 0.008482142857142856
0 0.6214285714285714 0.08348214285714285 0.1186335403726708 0.12321428571428572
0 0.4979813664596273 0.36607142857142855 0.012732919254658385 0.013392857142857142
0 0.47841614906832297 0.34017857142857144 0.012111801242236025 0.02142857142857143
