3 0.2000430663221361 0.622577519379845 0.082687338501292 0.16117571059431524
3 0.348083548664944 0.5652454780361758 0.0876399655469423 0.14082687338501293
3 0.10809646856158484 0.5297157622739018 0.05426356589147287 0.14082687338501293
3 0.8791989664082688 0.5032299741602068 0.060723514211886306 0.14728682170542637
3 0.43367786391042207 0.5746124031007752 0.08828596037898363 0.12338501291989665
3 0.7882213608957795 0.585109819121447 0.07687338501291989 0.17861757105943152
3 0.42840223944875105 0.4132751937984496 0.14104220499569337 0.20768733850129198
3 0.6895994832041343 0.42005813953488375 0.10529715762273902 0.18507751937984496
3 0.14674849267872522 0.6321059431524548 0.04155900086132644 0.14276485788113696
3 0.2054263565891473 0.44492894056847543 0.11369509043927649 0.21350129198966408
3 0.5215331610680448 0.5697674418604651 0.08527131782945736 0.11886304909560723
3 0.8488372093023255 0.4689922480620155 0.06890611541774333 0.1686046511627907
3 0.27540913006029283 0.601905684754522 0.09517657192075797 0.1883074935400517
3 0.14201119724375538 0.501453488372093 0.07084409991386735 0.166343669250646
3 0.5665374677002584 0.40455426356589147 0.13953488372093023 0.21866925064599482
3 0.7048880275624462 0.5697674418604651 0.09711455641688199 0.1789405684754522
3 0.30910852713178294 0.4331395348837209 0.11261843238587424 0.18023255813953487
3 0.6143410852713178 0.5616925064599483 0.09905254091300603 0.1511627906976744
3 0.7982342807924203 0.4006782945736434 0.11972437553832903 0.23546511627906977
3 0.9177433247200689 0.49983850129198965 0.04478897502153316 0.12241602067183463
