3 0.5005 0.6741666666666667 0.083 0.07966666666666666
3 0.63025 0.6345 0.0755 0.057666666666666665
3 0.31325 0.674 0.0825 0.07266666666666667
3 0.26475 0.4385 0.0635 0.06633333333333333
3 0.327 0.42383333333333334 0.11 0.07766666666666666
3 0.38425 0.6738333333333333 0.0755 0.06566666666666666
3 0.21025 0.6348333333333334 0.0745 0.06233333333333333
3 0.19275 0.4245 0.0865 0.09166666666666666
3 0.606 0.42033333333333334 0.09 0.09
3 0.24725 0.6648333333333334 0.0835 0.093
3 0.439 0.6756666666666666 0.062 0.06266666666666666
1 0.4495 0.656 0.011 0.02
3 0.53075 0.4266666666666667 0.0685 0.07133333333333333
3 0.44475 0.42783333333333334 0.1095 0.07433333333333333
3 0.586 0.6651666666666667 0.091 0.09433333333333334
