1 0.6491935483870968 0.529891304347826 0.12903225806451613 0.125
3 0.36088709677419356 0.42934782608695654 0.31048387096774194 0.5217391304347826
3 0.125 0.7554347826086957 0.13709677419354838 0.2826086956521739
1 0.3971774193548387 0.5353260869565217 0.17338709677419356 0.20108695652173914
3 0.6955645161290323 0.4429347826086957 0.29435483870967744 0.5054347826086957
3 0.2862903225806452 0.7364130434782609 0.18548387096774194 0.32065217391304346
3 0.655241935483871 0.7282608695652174 0.17338709677419356 0.3695652173913043
3 0.8729838709677419 0.7255434782608695 0.1814516129032258 0.3532608695652174
3 0.46169354838709675 0.7309782608695652 0.2056451612903226 0.375
3 0.12096774193548387 0.4157608695652174 0.20967741935483872 0.41847826086956524
