3 0.715945945945946 0.5614307931570762 0.08864864864864865 0.13478486262312078
1 0.30743243243243246 0.31207879730430277 0.02837837837837838 0.04665629860031104
1 0.35283783783783784 0.4237947122861586 0.012702702702702703 0.08346293416277864
3 0.6255405405405405 0.5603939865215137 0.060810810810810814 0.13063763608087092
3 0.7987837837837838 0.38724727838258166 0.11378378378378379 0.3131156039398652
3 0.06797297297297297 0.4274235355106273 0.07972972972972973 0.21513737687921203
3 0.8739189189189189 0.4051321928460342 0.07432432432432433 0.22965266977708657
3 0.11378378378378379 0.5938310005184033 0.0627027027027027 0.18921721099015035
3 0.20594594594594595 0.41627786417833074 0.10918918918918918 0.2913426645930534
3 0.13256756756756757 0.4118714359771903 0.0872972972972973 0.21824779678589942
3 0.44256756756756754 0.5738724727838258 0.06675675675675675 0.09745982374287196
3 0.2754054054054054 0.589942975635044 0.08162162162162162 0.12752721617418353
3 0.9224324324324324 0.38750648004147226 0.05675675675675676 0.2524624157594609
3 0.3605405405405405 0.5681700362882323 0.061621621621621624 0.12337998963193364
3 0.42905405405405406 0.3955417314670814 0.14675675675675676 0.2809745982374287
3 0.5362162162162162 0.5699844479004665 0.06864864864864866 0.10212545360290305
3 0.7962162162162162 0.5645412130637636 0.08378378378378379 0.12545360290305857
3 0.30689189189189187 0.41031622602384654 0.1045945945945946 0.29082426127527217
3 0.5774324324324325 0.3908761016070503 0.1456756756756757 0.3058579574909279
3 0.18324324324324323 0.5666148263348886 0.07837837837837838 0.17210990150336963
3 0.9644594594594594 0.40383618455158116 0.05810810810810811 0.2042509072058061
3 0.6990540540540541 0.39942975635044065 0.10189189189189189 0.2856402280974598
3 0.8663513513513513 0.5808709175738724 0.06297297297297297 0.1715914981855884
