3 0.5845269097222222 0.46383101851851855 0.06488715277777778 0.07581018518518519
3 0.2530381944444444 0.47670717592592593 0.06510416666666667 0.07552083333333333
1 0.5646701388888888 0.4730902777777778 0.023003472222222224 0.03356481481481482
3 0.3340928819444444 0.5416666666666666 0.054036458333333336 0.08622685185185185
0 0.5647786458333334 0.47265625 0.015842013888888888 0.02459490740740741
3 0.5415581597222222 0.5478877314814815 0.08051215277777778 0.08072916666666667
3 0.5084635416666666 0.48075810185185186 0.09071180555555555 0.1032986111111111
3 0.3187934027777778 0.4849537037037037 0.06163194444444445 0.07349537037037036
3 0.4608289930555556 0.5477430555555556 0.08311631944444445 0.08391203703703703
1 0.3440755208333333 0.49320023148148145 0.011067708333333334 0.02459490740740741
3 0.3891059027777778 0.5523726851851852 0.06163194444444445 0.06712962962962964
3 0.4050564236111111 0.48582175925925924 0.0896267361111111 0.0931712962962963
