3 0.7200704225352113 0.4368517388651617 0.09568279240661359 0.28187919463087246
3 0.8738518064911206 0.42892007321537523 0.07991426821800367 0.25991458206223306
3 0.4229179424372321 0.6658023184868822 0.08190447030006123 0.15283709579011592
3 0.7164727495407226 0.6687004270896888 0.10349050826699327 0.237339841366687
3 0.8031230863441519 0.6546674801708359 0.07409675443968157 0.24527150701647346
3 0.13372627066748316 0.35295912141549723 0.06935088793631353 0.33557046979865773
3 0.3078689528475199 0.4045149481391092 0.1041028781383956 0.32153752287980475
3 0.5975964482547459 0.4034472239170226 0.15967544396815678 0.400549115314216
3 0.4379210042865891 0.4013117754728493 0.16334966319657074 0.3962782184258694
3 0.614206981016534 0.6677852348993288 0.09614206981016533 0.15558267236119586
3 0.2466319657072872 0.6192800488102501 0.07930189834660134 0.2190359975594875
3 0.8080220453153705 0.41625991458206224 0.08756889161053276 0.3291641244661379
3 0.3311390079608083 0.6296522269676632 0.08358848744641764 0.16656497864551556
3 0.1719993876301286 0.6145515558267236 0.06935088793631353 0.2663209273947529
3 0.5156154317207593 0.6766320927394753 0.08848744641763626 0.18303843807199513
3 0.2114206981016534 0.38422818791946306 0.09430496019595835 0.3450274557657108
