0 0.7284935379644588 0.6799878897971541 0.012722132471728594 0.008477141992128368
3 0.4394184168012924 0.4874356645473812 0.0537156704361874 0.08719346049046321
3 0.6732633279483037 0.5449591280653951 0.05977382875605816 0.09688162276718135
0 0.35803715670436187 0.7161671207992734 0.024636510500807753 0.030578262185891613
0 0.36015751211631664 0.7509839539812292 0.02079967689822294 0.02089009990917348
0 0.6811389337641357 0.5705419315773539 0.005654281098546042 0.002119285498032092
3 0.6203554119547657 0.4527702089009991 0.04281098546042003 0.06509234029669997
3 0.4140751211631664 0.5469270360278534 0.06563004846526656 0.09657886769603391
3 0.518578352180937 0.43218286406297307 0.05533117932148627 0.07538601271571299
0 0.721829563812601 0.690887072358462 0.0026252019386106625 0.009082652134423252
3 0.5747172859450727 0.43415077202543145 0.05533117932148627 0.07568876778686043
0 0.7170840064620355 0.7140478353012413 0.002827140549273021 0.003330305782621859
0 0.6652867528271406 0.5519224947017862 0.012318255250403877 0.01634877384196185
3 0.648626817447496 0.4898577051165607 0.05210016155088853 0.08598244020587345
3 0.47334410339256866 0.4500454132606721 0.04281098546042003 0.06569785043899486
3 0.3705573505654281 0.7226763548289434 0.07794830371567044 0.10899182561307902
3 0.7140549273021002 0.6836209506509234 0.06987075928917609 0.11444141689373297
3 0.39428513731825526 0.6129276415379957 0.06966882067851374 0.07901907356948229
