0 0.8878012048192772 0.15160642570281124 0.04467871485943775 0.050870147255689425
1 0.1434487951807229 0.9382530120481928 0.08810240963855422 0.11947791164658635
3 0.12261546184738956 0.8176037483266398 0.14683734939759036 0.14725568942436412
3 0.8127510040160643 0.659471218206158 0.11295180722891567 0.11746987951807229
3 0.08797690763052209 0.142904953145917 0.1051706827309237 0.11244979919678715
3 0.11244979919678715 0.21184738955823293 0.13453815261044177 0.07630522088353414
3 0.861320281124498 0.15947121820615798 0.15938755020080322 0.11345381526104417
3 0.12650602409638553 0.9231927710843374 0.14106425702811246 0.15160642570281124
3 0.8295682730923695 0.8857095046854083 0.14407630522088352 0.19511378848728247
3 0.8025853413654619 0.7463186077643909 0.1302710843373494 0.14457831325301204
0 0.07505020080321285 0.1639892904953146 0.07680722891566265 0.06492637215528782
