0 0.8330218068535825 0.5348977135980746 0.04423676012461059 0.06377858002406739
3 0.3749221183800623 0.6606498194945848 0.10186915887850467 0.2647412755716005
3 0.24781931464174456 0.40342960288808666 0.09127725856697819 0.266546329723225
3 0.2129283489096573 0.6074007220216606 0.07694704049844237 0.22683513838748495
1 0.3529595015576324 0.3796630565583634 0.07165109034267912 0.2322503008423586
0 0.3809968847352025 0.35318892900120336 0.008722741433021807 0.02527075812274368
0 0.3855140186915888 0.4223826714801444 0.004672897196261682 0.009626955475330927
3 0.6482866043613708 0.634777376654633 0.09844236760124611 0.28399518652226236
3 0.8596573208722741 0.5093261131167268 0.16230529595015578 0.19193742478941034
3 0.5848909657320872 0.37154031287605294 0.13177570093457944 0.30866425992779783
3 0.7367601246105919 0.6134175691937425 0.08847352024922119 0.26895306859205775
3 0.8465732087227414 0.3589049338146811 0.05700934579439252 0.2328519855595668
3 0.4663551401869159 0.6666666666666666 0.09034267912772585 0.2695547533092659
1 0.19096573208722742 0.6829121540312876 0.029283489096573207 0.06377858002406739
3 0.8861370716510903 0.3348375451263538 0.04392523364485981 0.20878459687123946
3 0.7797507788161994 0.3592057761732852 0.08847352024922119 0.26594464500601683
3 0.45919003115264795 0.38176895306859204 0.1383177570093458 0.3134777376654633
3 0.697196261682243 0.36732851985559567 0.09532710280373832 0.2605294825511432
3 0.33598130841121493 0.4028279181708785 0.10685358255451713 0.2833935018050541
3 0.5557632398753894 0.6621540312876053 0.08847352024922119 0.2629362214199759
3 0.2864485981308411 0.6332731648616126 0.09314641744548287 0.2509025270758123
