3 0.545166015625 0.5974560761346999 0.08544921875 0.07412152269399708
3 0.45965576171875 0.5964494875549048 0.0853271484375 0.08308931185944363
3 0.62921142578125 0.5765922401171303 0.0909423828125 0.10047584187408493
3 0.6622314453125 0.44555270863836016 0.088134765625 0.20333089311859442
3 0.23846435546875 0.4443631039531479 0.0828857421875 0.23133235724743778
3 0.5494384765625 0.4646778916544656 0.13671875 0.21595900439238652
3 0.309814453125 0.44399707174231334 0.09033203125 0.21266471449487556
3 0.377685546875 0.575402635431918 0.083251953125 0.09846266471449487
3 0.30401611328125 0.5839128843338214 0.0694580078125 0.08693265007320644
3 0.74261474609375 0.43502928257686674 0.0863037109375 0.24487554904831627
3 0.4166259765625 0.46824670571010246 0.13330078125 0.20369692532942898
