3 0.42950685492121954 0.3988643339472069 0.143646408839779 0.21884591774094536
3 0.7875997544505832 0.550951503990178 0.07612031921424187 0.1596071209330878
3 0.12973194188663803 0.5234806629834254 0.05156537753222836 0.11939840392879067
3 0.8383466339267445 0.5484960098219767 0.030693677102516883 0.13014119091467158
3 0.12420708000818498 0.39993861264579494 0.06547984448536935 0.16390423572744015
3 0.3483732351135666 0.5348373235113567 0.0808266830366278 0.11939840392879067
3 0.1947002250869654 0.3876611418047882 0.11561285041948026 0.2203806015960712
3 0.806732146511152 0.37538367096378145 0.12093308778391651 0.23695518723143033
3 0.8706773071413956 0.5167280540208717 0.05934110906486597 0.10282381829343155
3 0.30529977491303456 0.4007059545733579 0.11581747493349703 0.1832412523020258
3 0.9153877634540618 0.39333947206875386 0.0403110292613055 0.12369551872314304
3 0.5716185799058727 0.3898096992019644 0.1446695314098629 0.23941068139963168
3 0.5204624514016779 0.5481890730509515 0.08532842234499693 0.1172498465316145
3 0.7080008184980561 0.5415899324739104 0.09821976672805402 0.17771639042357273
3 0.8598322078985062 0.4074585635359116 0.051974626560261916 0.16175567833026397
3 0.6953140986290157 0.40224063842848373 0.10558624923265807 0.1887661141804788
3 0.6157151626764886 0.5463474524248005 0.1023122570083896 0.13750767341927564
3 0.4340085942295887 0.5570902394106814 0.08839779005524862 0.1092694904849601
3 0.08338448946183753 0.490024554941682 0.06486597094331902 0.11203192142418662
3 0.26611418047882135 0.5434315531000614 0.10006138735420503 0.16298342541436464
3 0.08717004297114794 0.4002455494168201 0.04706363822385922 0.13934929404542665
3 0.1869244935543278 0.5386740331491713 0.08778391651319828 0.15592387968078575
3 0.04951913239206057 0.36970534069981587 0.04706363822385922 0.12737875997544507
3 0.8820339676693267 0.42065684468999387 0.050951503990178025 0.1408839779005525
