1 0.5294117647058824 0.4980392156862745 0.052941176470588235 0.0392156862745098
1 0.5102941176470588 0.5627450980392157 0.09117647058823529 0.050980392156862744
3 0.5352941176470588 0.44901960784313727 0.11176470588235295 0.1450980392156863
3 0.5117647058823529 0.5450980392156862 0.12941176470588237 0.10196078431372549
1 0.6647058823529411 0.2803921568627451 0.07058823529411765 0.07450980392156863
0 0.8176470588235294 0.23529411764705882 0.023529411764705882 0.03137254901960784
3 0.5808823529411765 0.35490196078431374 0.09117647058823529 0.12941176470588237
3 0.7441176470588236 0.2372549019607843 0.10588235294117647 0.10588235294117647
0 0.6455882352941177 0.27450980392156865 0.026470588235294117 0.047058823529411764
0 0.7867647058823529 0.2411764705882353 0.014705882352941176 0.043137254901960784
3 0.8514705882352941 0.2568627450980392 0.09117647058823529 0.07450980392156863
3 0.6588235294117647 0.28823529411764703 0.08235294117647059 0.10588235294117647
