3 0.7055454545454546 0.3929203539823009 0.03654545454545455 0.13603034134007586
3 0.6194545454545455 0.6450063211125158 0.05490909090909091 0.11833122629582807
3 0.7028181818181818 0.6213653603034134 0.04163636363636364 0.1145385587863464
3 0.4707272727272727 0.654740834386852 0.047636363636363636 0.1190897597977244
3 0.3730909090909091 0.6428571428571429 0.053454545454545456 0.11504424778761062
3 0.4480909090909091 0.4122629582806574 0.07072727272727272 0.1347661188369153
3 0.3870909090909091 0.41643489254108723 0.05309090909090909 0.12389380530973451
3 0.519090909090909 0.4072060682680152 0.07236363636363637 0.13780025284450062
3 0.6650909090909091 0.6366624525916561 0.04945454545454545 0.11529709228824273
3 0.5676363636363636 0.6515802781289507 0.05090909090909091 0.11276864728192162
3 0.29663636363636364 0.4218710493046776 0.04163636363636364 0.12515802781289506
3 0.7316363636363636 0.6039190897597977 0.06836363636363636 0.12060682680151706
3 0.732909090909091 0.4173198482932996 0.061454545454545456 0.11757269279393173
3 0.6329090909090909 0.4011378002528445 0.05454545454545454 0.13223767383059418
3 0.3392727272727273 0.4175726927939317 0.048 0.12970922882427308
3 0.2616363636363636 0.606953223767383 0.08872727272727272 0.12111251580278129
3 0.4207272727272727 0.6500632111251581 0.05090909090909091 0.11479140328697851
3 0.2990909090909091 0.6257901390644753 0.06072727272727273 0.11479140328697851
3 0.6749090909090909 0.3959544879898862 0.036 0.13147914032869784
3 0.3322727272727273 0.6335018963337548 0.05254545454545455 0.10998735777496839
3 0.582 0.4054361567635904 0.05381818181818182 0.12414664981036662
3 0.5179090909090909 0.6532237673830594 0.046 0.1125158027812895
3 0.2615454545454545 0.41984829329962076 0.03581818181818182 0.12465233881163085
