3 0.2303370786516854 0.6380582524271845 0.10252808988764045 0.26097087378640776
3 0.5170294943820225 0.676504854368932 0.08426966292134831 0.26019417475728157
3 0.27852879213483145 0.38155339805825245 0.11780196629213484 0.32349514563106796
3 0.7109375 0.38407766990291264 0.028265449438202247 0.26796116504854367
3 0.668188202247191 0.6335922330097087 0.042837078651685394 0.2279611650485437
3 0.38807935393258425 0.37592233009708736 0.10481039325842696 0.3262135922330097
3 0.0997191011235955 0.40427184466019417 0.08075842696629214 0.2229126213592233
3 0.17722963483146068 0.39048543689320386 0.09603230337078651 0.27689320388349514
3 0.6355337078651685 0.6520388349514563 0.06460674157303371 0.2563106796116505
3 0.13053019662921347 0.6256310679611651 0.11042837078651685 0.22601941747572815
3 0.3359375 0.645242718446602 0.11885533707865169 0.31339805825242717
3 0.6778441011235955 0.38485436893203884 0.05301966292134831 0.27883495145631065
3 0.6055126404494382 0.39436893203883494 0.10639044943820225 0.312621359223301
3 0.5013167134831461 0.392621359223301 0.13009129213483145 0.32233009708737864
3 0.5811095505617978 0.6728155339805825 0.08110955056179775 0.26058252427184464
3 0.43644662921348315 0.6549514563106796 0.09691011235955056 0.2924271844660194
