3 0.1481595722804853 0.4847316471314004 0.07464528069093153 0.2106724244293646
3 0.6929878675714579 0.4756323257248612 0.0806086777709233 0.23627390499691547
3 0.28285009253547194 0.7611042566317088 0.0861608060867777 0.18476249228871067
3 0.4821098087600247 0.784083898827884 0.11782850092535473 0.215916101172116
3 0.5863664404688463 0.7826958667489204 0.10590170676537117 0.21560764959901296
3 0.23216121735554185 0.49151758173966686 0.10569607238330249 0.25447254780999384
3 0.3289121941188567 0.4848858729179519 0.10137775035986017 0.27082048118445406
3 0.7668106107341147 0.48874151758173967 0.09500308451573103 0.2082048118445404
3 0.3711700596339708 0.7799198025909932 0.10610734114743985 0.20203578038247996
3 0.5889368702447049 0.47995064774830354 0.1566933991363356 0.22516964836520667
3 0.43378572897388445 0.4756323257248612 0.1634793337446021 0.22516964836520667
3 0.684556857906642 0.7689697717458359 0.09047912811022003 0.22887106724244294
3 0.7652683528685996 0.7641887723627391 0.08163684968126671 0.21128932757557065
3 0.7960106929878675 0.7314929056138186 0.12214682294879704 0.18661320172732881
3 0.21231749948591405 0.7311844540407156 0.09932140653917335 0.16317088217149908
3 0.8324079786140243 0.47856261566933994 0.08431009664815957 0.18167797655768045
