3 0.4642168209876543 0.5655381944444444 0.07233796296296297 0.13744212962962962
3 0.714891975308642 0.4000289351851852 0.05594135802469136 0.17100694444444445
3 0.7563657407407407 0.39597800925925924 0.03742283950617284 0.1154513888888889
3 0.27584876543209874 0.5028935185185185 0.04976851851851852 0.05844907407407408
3 0.6697530864197531 0.5324074074074074 0.057484567901234566 0.13194444444444445
3 0.5563271604938271 0.4244791666666667 0.11844135802469136 0.1880787037037037
3 0.3934220679012346 0.5452835648148148 0.07310956790123457 0.1189236111111111
3 0.7620563271604939 0.47120949074074076 0.055748456790123455 0.09114583333333333
3 0.23292824074074073 0.40726273148148145 0.03260030864197531 0.11082175925925926
3 0.23206018518518517 0.4743923611111111 0.0470679012345679 0.08478009259259259
3 0.7176890432098766 0.4952256944444444 0.04918981481481482 0.0703125
3 0.6071566358024691 0.53125 0.07233796296296297 0.10416666666666667
3 0.3359375 0.43214699074074076 0.08005401234567901 0.13975694444444445
3 0.6514274691358025 0.40697337962962965 0.08294753086419752 0.15827546296296297
3 0.3289930555555556 0.5376157407407407 0.05844907407407408 0.11631944444444445
3 0.5329861111111112 0.5606192129629629 0.07600308641975309 0.12991898148148148
3 0.43364197530864196 0.4279513888888889 0.11844135802469136 0.1875
3 0.27199074074074076 0.4079861111111111 0.059799382716049385 0.1753472222222222
