3 0.6079644097222222 0.4171006944444444 0.1174045138888889 0.15248842592592593
0 0.3980034722222222 0.4195601851851852 0.032552083333333336 0.019675925925925927
3 0.7379557291666666 0.4262152777777778 0.14518229166666666 0.16261574074074073
3 0.740234375 0.5633680555555556 0.0859375 0.1412037037037037
3 0.8181423611111112 0.5633680555555556 0.0802951388888889 0.11805555555555555
3 0.4839409722222222 0.42433449074074076 0.1328125 0.1791087962962963
0 0.4823133680555556 0.3767361111111111 0.1365017361111111 0.08449074074074074
3 0.857421875 0.44126157407407407 0.11067708333333333 0.1550925925925926
3 0.5353732638888888 0.5541087962962963 0.11762152777777778 0.1574074074074074
3 0.6470269097222222 0.5509259259259259 0.11176215277777778 0.13773148148148148
3 0.4292534722222222 0.5473090277777778 0.09635416666666667 0.12123842592592593
3 0.3797743055555556 0.45992476851851855 0.09765625 0.1362847222222222
