3 0.40058210784313725 0.6421568627450981 0.047487745098039214 0.0718954248366013
3 0.3872549019607843 0.24611928104575165 0.04656862745098039 0.06658496732026144
3 0.5742953431372549 0.26572712418300654 0.10018382352941177 0.10498366013071896
0 0.4021139705882353 0.2563316993464052 0.016237745098039217 0.011029411764705883
3 0.4586397058823529 0.26143790849673204 0.09620098039215687 0.12254901960784313
3 0.35830269607843135 0.25857843137254904 0.05116421568627451 0.0857843137254902
3 0.6781556372549019 0.6256127450980392 0.05116421568627451 0.03553921568627451
3 0.5474877450980392 0.7048611111111112 0.061887254901960786 0.06004901960784314
3 0.38434436274509803 0.5526960784313726 0.04197303921568627 0.03839869281045752
1 0.38955269607843135 0.25245098039215685 0.04136029411764706 0.049836601307189546
3 0.7161458333333334 0.2704248366013072 0.0548406862745098 0.05800653594771242
3 0.6590073529411765 0.25612745098039214 0.061274509803921566 0.06045751633986928
3 0.6521139705882353 0.6611519607843137 0.050551470588235295 0.07312091503267974
3 0.48912377450980393 0.6889297385620915 0.0664828431372549 0.0625
3 0.5998774509803921 0.6521650326797386 0.06740196078431372 0.06331699346405228
3 0.3831188725490196 0.4840686274509804 0.07935049019607843 0.10620915032679738
0 0.39139093137254904 0.4991830065359477 0.008884803921568627 0.006535947712418301
0 0.3786764705882353 0.4934640522875817 0.0024509803921568627 0.0008169934640522876
0 0.36825980392156865 0.46017156862745096 0.009191176470588236 0.00857843137254902
1 0.6659007352941176 0.6407271241830066 0.021752450980392156 0.0298202614379085
0 0.3949142156862745 0.6223447712418301 0.02022058823529412 0.020833333333333332
1 0.3943014705882353 0.6229575163398693 0.03125 0.03022875816993464
3 0.39920343137254904 0.5915032679738562 0.05514705882352941 0.03594771241830065
0 0.3872549019607843 0.5561683006535948 0.011642156862745098 0.030637254901960783
0 0.6511948529411765 0.2618464052287582 0.02420343137254902 0.03594771241830065
3 0.45143995098039214 0.6464460784313726 0.06954656862745098 0.07965686274509803
3 0.6983762254901961 0.5618872549019608 0.050551470588235295 0.06413398692810457
0 0.3961397058823529 0.59375 0.04840686274509804 0.03145424836601307
