3 0.3472222222222222 0.5578703703703703 0.0763888888888889 0.12268518518518519
3 0.8365885416666666 0.43344907407407407 0.03298611111111111 0.08854166666666667
3 0.4189453125 0.5717592592592593 0.08051215277777778 0.12731481481481483
3 0.6378038194444444 0.5691550925925926 0.07335069444444445 0.125
3 0.1884765625 0.44936342592592593 0.035807291666666664 0.0920138888888889
3 0.7703993055555556 0.5516493055555556 0.06901041666666667 0.14033564814814814
3 0.2947048611111111 0.45688657407407407 0.07421875 0.15219907407407407
3 0.3674045138888889 0.4554398148148148 0.08854166666666667 0.14467592592592593
3 0.7450086805555556 0.4522569444444444 0.07161458333333333 0.12268518518518519
3 0.5652126736111112 0.5882523148148148 0.072265625 0.11226851851851852
3 0.6740451388888888 0.45384837962962965 0.07855902777777778 0.1293402777777778
3 0.708984375 0.5700231481481481 0.07335069444444445 0.14988425925925927
3 0.23741319444444445 0.5306712962962963 0.052083333333333336 0.10127314814814815
3 0.23231336805555555 0.4558738425925926 0.05577256944444445 0.10445601851851852
3 0.7993706597222222 0.4370659722222222 0.048394097222222224 0.12413194444444445
3 0.4652777777777778 0.4613715277777778 0.11588541666666667 0.15885416666666666
3 0.5808376736111112 0.4613715277777778 0.11566840277777778 0.15364583333333334
3 0.15733506944444445 0.4327256944444444 0.028645833333333332 0.08362268518518519
3 0.8662109375 0.4188368055555556 0.030598958333333332 0.06626157407407407
3 0.2879774305555556 0.5486111111111112 0.07899305555555555 0.1099537037037037
3 0.8174913194444444 0.5302372685185185 0.059027777777777776 0.12008101851851852
3 0.4917534722222222 0.5839120370370371 0.07421875 0.13194444444444445
