3 0.45460390946502055 0.609375 0.051183127572016464 0.060570987654320986
3 0.37114197530864196 0.36959876543209874 0.08179012345679013 0.12114197530864197
3 0.3370627572016461 0.626929012345679 0.07175925925925926 0.07253086419753087
0 0.27289094650205764 0.6136188271604939 0.040123456790123455 0.06520061728395062
3 0.40290637860082307 0.6091820987654321 0.05529835390946502 0.06635802469135803
3 0.5160751028806584 0.6060956790123457 0.05066872427983539 0.06558641975308642
0 0.33011831275720166 0.6417824074074074 0.05375514403292181 0.04359567901234568
3 0.5798611111111112 0.6028163580246914 0.05426954732510288 0.06983024691358025
3 0.645704732510288 0.38233024691358025 0.07227366255144033 0.11728395061728394
3 0.43968621399176955 0.33989197530864196 0.05529835390946502 0.04861111111111111
0 0.4547325102880658 0.32677469135802467 0.01903292181069959 0.011574074074074073
1 0.3325617283950617 0.6311728395061729 0.05864197530864197 0.06404320987654322
