3 0.6560672514619883 0.5617690058479532 0.09819688109161794 0.2054093567251462
3 0.24098440545808966 0.6160453216374269 0.06481481481481481 0.19919590643274854
3 0.5699317738791423 0.5590277777777778 0.08576998050682261 0.22478070175438597
3 0.797270955165692 0.4102704678362573 0.08089668615984405 0.22843567251461988
3 0.46137914230019494 0.3916301169590643 0.13523391812865498 0.20358187134502925
3 0.21637426900584794 0.47057748538011696 0.13693957115009747 0.19042397660818713
3 0.7897173489278753 0.6133040935672515 0.06725146198830409 0.18494152046783627
3 0.6072124756335283 0.36385233918128657 0.13742690058479531 0.20065789473684212
3 0.8386939571150097 0.633406432748538 0.04239766081871345 0.18567251461988304
1 0.5523879142300195 0.4239766081871345 0.0297270955165692 0.0489766081871345
3 0.34100877192982454 0.41885964912280704 0.1118421052631579 0.16666666666666666
3 0.7218567251461988 0.5891812865497076 0.08114035087719298 0.20394736842105263
3 0.32041910331384016 0.5840643274853801 0.1067251461988304 0.21637426900584794
3 0.19456627680311891 0.6432748538011696 0.032407407407407406 0.15570175438596492
3 0.7194200779727096 0.3845029239766082 0.10258284600389864 0.20906432748538012
