0 0.4395112016293279 0.6538800705467372 0.0028513238289205704 0.00205761316872428
3 0.5409368635437882 0.4539976484420929 0.1690427698574338 0.17078189300411523
1 0.4683299389002037 0.6459435626102292 0.064969450101833 0.05673133450911229
0 0.4610997963340122 0.6409465020576132 0.005295315682281059 0.004409171075837742
0 0.5377800407331975 0.33362727807172254 0.011608961303462322 0.01352145796590241
0 0.46863543788187373 0.5207231040564374 0.022810590631364563 0.019106407995296885
3 0.4878818737270876 0.6352145796590241 0.20590631364562118 0.31216931216931215
0 0.4791242362525458 0.637419165196943 0.009979633401221997 0.013815402704291593
3 0.5942973523421589 0.12110523221634333 0.15315682281059062 0.23868312757201646
0 0.48024439918533607 0.7192827748383304 0.037881873727087574 0.019400352733686066
3 0.5520366598778004 0.3080540858318636 0.1529531568228106 0.1987066431510876
0 0.5462321792260693 0.4691358024691358 0.015478615071283095 0.059964726631393295
