3 0.8397058823529412 0.766497461928934 0.13823529411764707 0.36548223350253806
3 0.9441176470588235 0.8045685279187818 0.10588235294117647 0.3096446700507614
1 0.7970588235294118 0.31218274111675126 0.12352941176470589 0.18781725888324874
3 0.7941176470588235 0.39847715736040606 0.1588235294117647 0.37055837563451777
3 0.45588235294117646 0.7639593908629442 0.1411764705882353 0.26903553299492383
3 0.7073529411764706 0.7741116751269036 0.1323529411764706 0.2893401015228426
3 0.09705882352941177 0.7817258883248731 0.12941176470588237 0.30456852791878175
1 0.9205882352941176 0.39847715736040606 0.12941176470588237 0.3299492385786802
1 0.4294117647058823 0.32741116751269034 0.18823529411764706 0.29949238578680204
3 0.41911764705882354 0.3680203045685279 0.2088235294117647 0.38071065989847713
0 0.8441176470588235 0.3426395939086294 0.01764705882352941 0.1065989847715736
0 0.9705882352941176 0.30456852791878175 0.011764705882352941 0.08121827411167512
3 0.9220588235294118 0.4263959390862944 0.1264705882352941 0.39593908629441626
0 0.29558823529411765 0.40609137055837563 0.014705882352941176 0.06091370558375635
3 0.625 0.383248730964467 0.20294117647058824 0.39086294416243655
0 0.08529411764705883 0.3426395939086294 0.047058823529411764 0.1065989847715736
0 0.8926470588235295 0.5126903553299492 0.03235294117647059 0.09137055837563451
1 0.3014705882352941 0.40609137055837563 0.03235294117647059 0.1319796954314721
3 0.5926470588235294 0.7639593908629442 0.1323529411764706 0.27918781725888325
1 0.225 0.3299492385786802 0.07941176470588235 0.1116751269035533
3 0.11323529411764706 0.4467005076142132 0.12058823529411765 0.3350253807106599
3 0.21911764705882353 0.733502538071066 0.1323529411764706 0.3299492385786802
1 0.08970588235294118 0.3756345177664975 0.07352941176470588 0.19289340101522842
3 0.3397058823529412 0.7309644670050761 0.15 0.27411167512690354
0 0.49411764705882355 0.3730964467005076 0.011764705882352941 0.06598984771573604
0 0.5264705882352941 0.4086294416243655 0.0058823529411764705 0.025380710659898477
0 0.8955882352941177 0.41116751269035534 0.061764705882352944 0.1218274111675127
0 0.3073529411764706 0.4035532994923858 0.008823529411764706 0.025380710659898477
0 0.42058823529411765 0.24619289340101522 0.09411764705882353 0.09644670050761421
1 0.6220588235294118 0.33248730964467005 0.19705882352941176 0.2893401015228426
3 0.24411764705882352 0.4035532994923858 0.1588235294117647 0.29949238578680204
0 0.5161764705882353 0.4213197969543147 0.014705882352941176 0.050761421319796954
