3 0.5688333333333333 0.562375 0.057 0.11825
3 0.32675 0.461625 0.06583333333333333 0.09625
3 0.62875 0.482 0.06483333333333334 0.1005
3 0.46208333333333335 0.561875 0.05516666666666667 0.10725
3 0.3993333333333333 0.476625 0.07766666666666666 0.10875
3 0.6868333333333333 0.476625 0.05266666666666667 0.08025
3 0.46858333333333335 0.46925 0.0755 0.0665
3 0.4088333333333333 0.565125 0.065 0.10675
1 0.3205 0.4465 0.048 0.0625
3 0.6245 0.55575 0.058666666666666666 0.108
3 0.5161666666666667 0.561875 0.057 0.10725
1 0.6171666666666666 0.4845 0.043 0.0895
3 0.34325 0.545625 0.0645 0.12375
1 0.4295 0.478375 0.015 0.03075
3 0.6795833333333333 0.53675 0.0625 0.092
