3 0.28768382352941174 0.3457924836601307 0.05269607843137255 0.09272875816993464
3 0.3160232843137255 0.42401960784313725 0.057291666666666664 0.09967320261437909
3 0.27267156862745096 0.4311683006535948 0.04350490196078431 0.06331699346405228
1 0.47671568627450983 0.30330882352941174 0.0661764705882353 0.04779411764705882
0 0.2928921568627451 0.31924019607843135 0.014705882352941176 0.02246732026143791
3 0.36871936274509803 0.40931372549019607 0.04871323529411765 0.10130718954248366
3 0.47809436274509803 0.3214869281045752 0.06954656862745098 0.0857843137254902
0 0.5396752450980392 0.32679738562091504 0.04503676470588235 0.0661764705882353
3 0.5716911764705882 0.41237745098039214 0.05330882352941176 0.08537581699346405
0 0.4537377450980392 0.31576797385620914 0.012254901960784314 0.015522875816993464
3 0.5203737745098039 0.4113562091503268 0.04932598039215686 0.10457516339869281
0 0.33287377450980393 0.3220996732026144 0.012561274509803922 0.01184640522875817
3 0.3362438725490196 0.32659313725490197 0.05116421568627451 0.08292483660130719
3 0.4731924019607843 0.4084967320261438 0.047487745098039214 0.08251633986928104
3 0.41651348039215685 0.40461601307189543 0.046875 0.09191176470588236
1 0.3368566176470588 0.3174019607843137 0.05238970588235294 0.06372549019607843
3 0.5894607843137255 0.3449754901960784 0.05821078431372549 0.1017156862745098
