3 0.34469126506024095 0.13970378809455997 0.4371234939759036 0.27940757618911993
0 0.28557981927710846 0.15465679293648532 0.00941265060240964 0.009114212475078326
0 0.37914156626506024 0.4849045855881515 0.07078313253012049 0.017373967530618057
0 0.4329819277108434 0.35089718029051553 0.00677710843373494 0.005696382796923953
0 0.27221385542168675 0.09114212475078325 0.008283132530120483 0.03303902022215893
0 0.6492846385542169 0.5750498433494731 0.06814759036144578 0.02335516946738821
0 0.2599774096385542 0.16348618627171746 0.025978915662650603 0.010253489034463116
0 0.40568524096385544 0.5884363429222443 0.013177710843373495 0.010253489034463116
0 0.41208584337349397 0.5383081743093135 0.010918674698795181 0.007974935915693534
0 0.5640060240963856 0.9512959270863002 0.04743975903614458 0.048988892053546
3 0.3834713855421687 0.8528909142694389 0.5914909638554217 0.2936485331814298
0 0.3497740963855422 0.17972087724295072 0.06400602409638555 0.011962403873540303
3 0.4870105421686747 0.47194531472514956 0.5621234939759037 0.49330675021361436
1 0.4198042168674699 0.7942181714611222 0.23343373493975902 0.09142694389062946
0 0.46931475903614456 0.5797493591569354 0.008659638554216868 0.019652520649387637
0 0.5346385542168675 0.5865850185132441 0.02108433734939759 0.043577328396468246
0 0.4719503012048193 0.38051837083452006 0.013177710843373495 0.04500142409569923
0 0.6197289156626506 0.4230988322415266 0.14156626506024098 0.04300769011677585
