3 0.5928819444444444 0.4939236111111111 0.07079475308641975 0.1076388888888889
3 0.5355902777777778 0.3637152777777778 0.10088734567901235 0.1550925925925926
1 0.5392554012345679 0.3783275462962963 0.0939429012345679 0.12644675925925927
3 0.28510802469135804 0.39438657407407407 0.0625 0.13194444444444445
3 0.691358024691358 0.36820023148148145 0.06712962962962964 0.14380787037037038
3 0.35985725308641975 0.4809027777777778 0.06385030864197531 0.11747685185185185
3 0.4131944444444444 0.5010127314814815 0.08063271604938271 0.11429398148148148
3 0.6560570987654321 0.4826388888888889 0.06365740740740741 0.10474537037037036
3 0.6226851851851852 0.36313657407407407 0.07484567901234568 0.13310185185185186
3 0.5313464506172839 0.5124421296296297 0.06577932098765432 0.1255787037037037
3 0.4340277777777778 0.3660300925925926 0.10609567901234568 0.16261574074074073
3 0.3028549382716049 0.48799189814814814 0.062114197530864196 0.09172453703703703
3 0.7020640432098766 0.4861111111111111 0.06809413580246913 0.08680555555555555
3 0.47704475308641975 0.49623842592592593 0.062114197530864196 0.12384259259259259
3 0.3454861111111111 0.36255787037037035 0.07137345679012345 0.12268518518518519
