1 0.53125 0.46153846153846156 0.07720588235294118 0.2564102564102564
1 0.4522058823529412 0.48504273504273504 0.125 0.3034188034188034
3 0.35110294117647056 0.452991452991453 0.3272058823529412 0.5128205128205128
3 0.07352941176470588 0.5534188034188035 0.14705882352941177 0.44871794871794873
0 0.44669117647058826 0.5769230769230769 0.04044117647058824 0.05128205128205128
3 0.9099264705882353 0.33974358974358976 0.17279411764705882 0.45726495726495725
0 0.5496323529411765 0.5534188034188035 0.01838235294117647 0.029914529914529916
3 0.6709558823529411 0.4081196581196581 0.35661764705882354 0.5256410256410257
0 0.4889705882352941 0.6089743589743589 0.022058823529411766 0.021367521367521368
3 0.3474264705882353 0.7863247863247863 0.20220588235294118 0.19658119658119658
3 0.5386029411764706 0.7799145299145299 0.23897058823529413 0.2094017094017094
