3 0.08351608187134503 0.5154879385964912 0.16703216374269006 0.29797149122807015
3 0.6254568713450293 0.27837171052631576 0.2183845029239766 0.3862390350877193
3 0.22112573099415206 0.22135416666666666 0.16885964912280702 0.3462171052631579
3 0.18092105263157895 0.5841557017543859 0.17763157894736842 0.35635964912280704
3 0.7208516081871345 0.5786732456140351 0.1701388888888889 0.32785087719298245
3 0.405062134502924 0.26877741228070173 0.2224049707602339 0.39665570175438597
3 0.8097587719298246 0.24287280701754385 0.1695906432748538 0.3393640350877193
3 0.4654605263157895 0.6236293859649122 0.16703216374269006 0.3042763157894737
3 0.3376279239766082 0.5719572368421053 0.1599049707602339 0.33086622807017546
3 0.8686951754385965 0.6193804824561403 0.16319444444444445 0.3588267543859649
3 0.6218019005847953 0.6239035087719298 0.1701388888888889 0.30153508771929827
