3 0.4221382916908774 0.358788676761027 0.12957582800697268 0.1184990125082291
3 0.22457873329459616 0.521560236998025 0.0894828588030215 0.1227781435154707
0 0.784718187100523 0.5212310730743911 0.084253341080767 0.1076366030283081
3 0.21528181289947704 0.7983870967741935 0.10981987216734457 0.12738643844634628
3 0.30244044160371875 0.42017774851876233 0.13190005810575248 0.11158657011191574
3 0.19915746658919234 0.6571757735352205 0.07001743172574085 0.14516129032258066
1 0.26031377106333525 0.41244239631336405 0.04357931435212086 0.05661619486504279
1 0.3452934340499709 0.4078341013824885 0.04677513073794306 0.05859117840684661
1 0.2270482277745497 0.4922646477946017 0.06304474142940152 0.0641869651086241
0 0.22559558396281232 0.48551678736010534 0.05142359093550262 0.03225806451612903
3 0.68390470656595 0.4165569453587887 0.11330621731551424 0.10105332455562871
3 0.2415746658919233 0.9137590520079 0.12986635676932015 0.10862409479921001
0 0.6990122022080186 0.42445687952600397 0.04997094712376525 0.028637261356155366
3 0.7831202789076118 0.5363726135615536 0.13742010459035445 0.14713627386438446
0 0.5598489250435793 0.3548387096774194 0.11388727484020918 0.08953258722843976
1 0.4233004067402673 0.3602699144173799 0.12608948285880303 0.1161948650427913
0 0.4398605461940732 0.358294930875576 0.07088901801278326 0.05102040816326531
0 0.34456711214410224 0.42577353522053984 0.009296920395119116 0.014812376563528637
1 0.1953805926786752 0.8003620803159973 0.07117954677513073 0.12146148782093483
