3 0.6200344184712462 0.4605715513536743 0.03714326688656246 0.06424581005586592
1 0.5306180983794636 0.4543403523850451 0.030116162340456044 0.04791577137945853
3 0.42657392800803096 0.4592823377739579 0.042019216979779145 0.06381607219596046
1 0.47662412161193174 0.45745595186935967 0.0276781872938477 0.047700902449505804
3 0.5365696256991253 0.5233132788998711 0.04775562885415173 0.06424581005586592
3 0.4176824896027535 0.50118177911474 0.042019216979779145 0.062097120756338636
3 0.47246522300301164 0.45197679415556513 0.0563602466657106 0.062097120756338636
3 0.5986662842392084 0.5029007305543618 0.043166499354653665 0.056510528577567685
3 0.4919690233758784 0.5221314997851311 0.05263157894736842 0.07047700902449505
3 0.38570199340312633 0.45391061452513964 0.03943783163631149 0.05994843145681134
3 0.5274630718485587 0.45068758057584873 0.059371862899756205 0.06596476149548776
3 0.5803814713896458 0.4646540610227761 0.0415889860892012 0.06252685861624409
