3 0.8226837060702875 0.4507874015748031 0.12460063897763578 0.1141732283464567
3 0.19329073482428116 0.5118110236220472 0.1501597444089457 0.2047244094488189
3 0.2955271565495208 0.17125984251968504 0.10543130990415335 0.1062992125984252
3 0.38817891373801916 0.10039370078740158 0.08626198083067092 0.0984251968503937
3 0.268370607028754 0.27165354330708663 0.12779552715654952 0.12598425196850394
3 0.8402555910543131 0.75 0.15335463258785942 0.16929133858267717
3 0.7955271565495208 0.3346456692913386 0.12779552715654952 0.12598425196850394
3 0.7747603833865815 0.2106299212598425 0.09904153354632587 0.1141732283464567
3 0.8354632587859425 0.5964566929133859 0.14376996805111822 0.18503937007874016
3 0.14536741214057508 0.6614173228346457 0.15654952076677317 0.18110236220472442
3 0.6118210862619808 0.08070866141732283 0.12460063897763578 0.09055118110236221
3 0.48881789137380194 0.0688976377952756 0.11501597444089456 0.09055118110236221
3 0.13258785942492013 0.8031496062992126 0.12460063897763578 0.15748031496062992
0 0.2571884984025559 0.2952755905511811 0.0670926517571885 0.07874015748031496
0 0.13578274760383385 0.718503937007874 0.01597444089456869 0.011811023622047244
0 0.23961661341853036 0.5511811023622047 0.012779552715654952 0.007874015748031496
0 0.2268370607028754 0.3700787401574803 0.09584664536741214 0.07874015748031496
3 0.7092651757188498 0.12992125984251968 0.08306709265175719 0.09448818897637795
0 0.8146964856230032 0.3858267716535433 0.019169329073482427 0.015748031496062992
