3 0.35745540222147426 0.592282381094825 0.060922248401211715 0.17588991923422076
3 0.3036856277347694 0.5909362847741549 0.04830023561090542 0.1492671253365241
3 0.70178391114103 0.428656895004487 0.06832716257152474 0.18965001495662578
3 0.4734937731403568 0.5611725994615615 0.061090541905082466 0.118456476218965
3 0.36494446314372264 0.4524379300029913 0.06681252103668799 0.1373018247083458
3 0.25496465836418714 0.4638049655997607 0.038034331874789634 0.14866886030511517
3 0.654240996297543 0.5892910559377804 0.060753954897340964 0.18486389470535447
3 0.7082632110400539 0.5807657792402035 0.049309996634129924 0.12354172898594078
3 0.5955907101985863 0.564762189650015 0.06193200942443622 0.1477714627580018
3 0.5345001682935039 0.5749326951839665 0.060922248401211715 0.11247382590487585
3 0.44824974755974417 0.43314388274005383 0.10652978795018513 0.17588991923422076
3 0.41189835072366204 0.5729883338318875 0.06883204308313699 0.1582411008076578
3 0.7658195893638505 0.42177684714328445 0.03450016829350387 0.15136105294645527
3 0.7434365533490407 0.4364343404128029 0.029451363177381354 0.15734370326054442
3 0.2564792998990239 0.5720909362847741 0.05183439919219118 0.12294346395453186
3 0.22256815886906767 0.43778043673347294 0.03079771120834736 0.1462758001794795
3 0.6354762706159542 0.440472629374813 0.07101985863345675 0.15584804068202213
3 0.30065634466509594 0.44959617110379896 0.06883204308313699 0.1818725695483099
3 0.5525075732076742 0.44166915943763085 0.10434197239986537 0.19054741250373916
3 0.7359474924267924 0.5520490577325755 0.023897677549646584 0.09303021238408615
