3 0.580859375 0.48125 0.08671875 0.16712962962962963
3 0.42135416666666664 0.4706018518518518 0.0609375 0.13657407407407407
3 0.6524739583333333 0.4789351851851852 0.062239583333333334 0.13472222222222222
3 0.610546875 0.575 0.04765625 0.08796296296296297
3 0.455859375 0.5703703703703704 0.04505208333333333 0.07407407407407407
3 0.659765625 0.5611111111111111 0.04869791666666667 0.07685185185185185
3 0.492578125 0.47476851851851853 0.09088541666666666 0.1884259259259259
3 0.5623697916666667 0.5925925925925926 0.05234375 0.07777777777777778
3 0.7106770833333333 0.4666666666666667 0.06145833333333333 0.15555555555555556
3 0.5096354166666667 0.5958333333333333 0.0515625 0.07592592592592592
