0 0.6547915924474528 0.5559315995724974 0.009262557890986818 0.015318845742785893
3 0.43943712148200925 0.553972212326327 0.06946918418240114 0.060562878517990734
1 0.6555040969006056 0.556465977912362 0.028500178126113287 0.0420377627360171
1 0.41913074456715355 0.5496971856074101 0.026718916993231208 0.034200213751335945
1 0.36551478446740293 0.5557534734592091 0.04702529390808693 0.02565016031350196
3 0.7265764161026006 0.508550053437834 0.07588172426077663 0.09654435340220877
3 0.36996793729960814 0.5680441752760955 0.06804417527609548 0.04880655504096901
3 0.6360883505521909 0.556465977912362 0.06946918418240114 0.04488778054862843
1 0.3423583897399359 0.5382971143569647 0.057712860705379405 0.04132525828286427
3 0.699501246882793 0.5525472034200214 0.06163163519771998 0.04987531172069826
3 0.5664410402565015 0.5511221945137157 0.06127538297114357 0.05130032062700392
3 0.3382614891343071 0.5331314570716067 0.06804417527609548 0.057356608478802994
3 0.5001781261132882 0.5504096900605628 0.06697541859636623 0.05201282508015675
0 0.39989312433202706 0.4932312076950481 0.029568934805842537 0.029568934805842537
0 0.5814036337727111 0.45226220163876024 0.06127538297114357 0.02458140363377271
1 0.5281439258995368 0.560741004631279 0.0110438190238689 0.027075169219807623
1 0.4613466334164589 0.557356608478803 0.027075169219807623 0.04524403277520485
1 0.47666547915924473 0.5609191307445671 0.01923762023512647 0.030281439258995367
