1 0.6599607458292444 0.46258960573476704 0.022571148184494603 0.03539426523297491
1 0.7112365063788028 0.4583333333333333 0.0745829244357213 0.033154121863799284
3 0.6226692836113837 0.5864695340501792 0.09764474975466143 0.28584229390681004
3 0.2530667320902846 0.6245519713261649 0.08954857703631011 0.3207885304659498
3 0.33844455348380764 0.603494623655914 0.09690873405299313 0.3154121863799283
3 0.7231354268891069 0.650089605734767 0.11457311089303239 0.4175627240143369
2 0.6211972522080471 0.40053763440860213 0.012757605495583905 0.05824372759856631
3 0.5759322865554465 0.4280913978494624 0.11015701668302257 0.17338709677419356
3 0.7907262021589794 0.46415770609318996 0.12757605495583907 0.39695340501792115
3 0.5387634936211972 0.6093189964157706 0.07507360157016683 0.23476702508960573
3 0.4479882237487733 0.46796594982078854 0.12266928361138371 0.25492831541218636
1 0.5219578017664377 0.530241935483871 0.02085377821393523 0.038978494623655914
1 0.23135426889106966 0.4970878136200717 0.03876349362119725 0.06496415770609319
