3 0.6419974391805378 0.46700045516613564 0.14289372599231753 0.323167956304051
3 0.7668373879641486 0.45903504779244425 0.11600512163892446 0.31998179335457444
3 0.17887323943661973 0.4365043240782886 0.09244558258642765 0.271279016841147
3 0.7770806658130602 0.6763768775603095 0.062227912932138287 0.13928083750568956
3 0.08322663252240717 0.42284934000910335 0.10960307298335467 0.24032771961766045
3 0.8545454545454545 0.4487938097405553 0.06402048655569782 0.27401001365498406
3 0.2734955185659411 0.4437869822485207 0.10704225352112676 0.27856167501137913
3 0.8952624839948784 0.43263541192535276 0.04353393085787452 0.27901684114701863
3 0.5106274007682459 0.4829312699135184 0.1234314980793854 0.267637687756031
3 0.3847631241997439 0.4651797906235776 0.12983354673495517 0.2985889849795175
3 0.228809218950064 0.6172052799271734 0.09807938540332907 0.18570778334091945
3 0.44814340588988477 0.6565771506599909 0.12138284250960307 0.21256258534365044
3 0.7130601792573623 0.6827492034592626 0.07605633802816901 0.15475648611743287
3 0.8308578745198464 0.6554392353208921 0.059154929577464786 0.14929449248975876
3 0.33098591549295775 0.6345015930814747 0.09859154929577464 0.2048247610377788
3 0.6400768245838668 0.6952662721893491 0.08373879641485275 0.14519799726900318
3 0.12099871959026888 0.6208466090122895 0.12727272727272726 0.1729631315430132
3 0.5541613316261204 0.6834319526627219 0.09218950064020487 0.18252162039144287
