3 0.09475145092101943 0.388325760223698 0.04769114307342922 0.2991960852848654
3 0.2202876608629826 0.40754980775952465 0.14483976785263689 0.3201677735057672
3 0.5292707544789301 0.724746592100664 0.13045672470350744 0.2610975183502272
3 0.9142064092858945 0.7137364557846907 0.12919505425182942 0.18524991261796575
3 0.8234923038102447 0.3456833275078644 0.12288670199343932 0.27263194687172315
3 0.6895029018420389 0.35249912617965745 0.16174615190512237 0.3282069206571129
3 0.2276053494827151 0.76371897937784 0.0348221044663134 0.1775602936036351
3 0.6604844814534444 0.7116392869626005 0.13752207923290435 0.2998951415588955
3 0.1973252586424426 0.7411744145403705 0.055008831693161744 0.24152394267738553
3 0.1274287156194802 0.4016078294302691 0.05854150895786021 0.28311779098217404
3 0.42202876608629825 0.740650122334848 0.12339137017411052 0.24746592100664103
3 0.33472117083017916 0.7469416288011185 0.1163260156447136 0.2565536525690318
3 0.934266969467575 0.3610625655365257 0.11279333838001514 0.2481649772806711
3 0.7953570527378249 0.7340090877315624 0.15039111784002018 0.26074799021321216
3 0.26419379258137776 0.7327857392520097 0.09437294978551602 0.2799720377490388
3 0.5412566237698713 0.3788885005242922 0.14837244511733536 0.3068857042991961
3 0.3798889730002523 0.40300594197832923 0.1864748927580116 0.31946871723173714
