3 0.6510416666666666 0.6065104166666667 0.07708333333333334 0.15208333333333332
3 0.3501736111111111 0.5953125 0.07465277777777778 0.16614583333333333
3 0.42109375 0.5852864583333334 0.07413194444444444 0.14973958333333334
3 0.3605902777777778 0.431640625 0.1 0.17682291666666666
3 0.7217881944444444 0.6153645833333333 0.06788194444444444 0.1515625
3 0.7078125 0.46119791666666665 0.09930555555555555 0.1984375
3 0.49678819444444444 0.6063802083333333 0.08142361111111111 0.16953125
3 0.4660590277777778 0.43020833333333336 0.13142361111111112 0.225
3 0.5743055555555555 0.6256510416666666 0.08125 0.15807291666666667
3 0.5953993055555555 0.447265625 0.13177083333333334 0.22421875
