3 0.6423611111111112 0.8250868055555556 0.125 0.07609953703703703
0 0.20013503086419754 0.5542534722222222 0.027199074074074073 0.03732638888888889
3 0.7665895061728395 0.6116898148148148 0.13618827160493827 0.15046296296296297
3 0.7916666666666666 0.5005787037037037 0.13155864197530864 0.14641203703703703
3 0.7367862654320988 0.6850405092592593 0.11014660493827161 0.12239583333333333
3 0.36824845679012347 0.8104745370370371 0.14853395061728394 0.09027777777777778
3 0.2933063271604938 0.7352430555555556 0.09278549382716049 0.09375
3 0.18460648148148148 0.46730324074074076 0.12229938271604938 0.13541666666666666
0 0.8448109567901234 0.5021701388888888 0.01408179012345679 0.03616898148148148
3 0.7086226851851852 0.7521701388888888 0.08661265432098765 0.09403935185185185
3 0.2587770061728395 0.6681134259259259 0.11323302469135803 0.1267361111111111
0 0.2334104938271605 0.5643807870370371 0.005015432098765432 0.004918981481481482
3 0.5076195987654321 0.8447627314814815 0.13676697530864199 0.07378472222222222
0 0.2275270061728395 0.5633680555555556 0.02025462962962963 0.030671296296296297
3 0.21865354938271606 0.5733506944444444 0.12943672839506173 0.1605902777777778
0 0.2336033950617284 0.5766782407407407 0.02353395061728395 0.018518518518518517
