0 0.5982142857142857 0.44642857142857145 0.02738095238095238 0.02619047619047619
3 0.29345238095238096 0.6238095238095238 0.07738095238095238 0.20952380952380953
3 0.4642857142857143 0.3773809523809524 0.11904761904761904 0.2642857142857143
3 0.7577380952380952 0.638095238095238 0.07023809523809524 0.1380952380952381
3 0.674404761904762 0.3678571428571429 0.07738095238095238 0.2357142857142857
3 0.5815476190476191 0.3535714285714286 0.12023809523809524 0.25476190476190474
3 0.5964285714285714 0.6178571428571429 0.08333333333333333 0.21666666666666667
3 0.35714285714285715 0.6261904761904762 0.06904761904761905 0.22857142857142856
3 0.368452380952381 0.37857142857142856 0.07976190476190476 0.21904761904761905
3 0.6815476190476191 0.6142857142857143 0.08928571428571429 0.19047619047619047
3 0.7357142857142858 0.38095238095238093 0.0880952380952381 0.22857142857142856
3 0.5142857142857142 0.625 0.07857142857142857 0.2357142857142857
2 0.4636904761904762 0.46904761904761905 0.1130952380952381 0.0761904761904762
3 0.2976190476190476 0.37976190476190474 0.06666666666666667 0.20238095238095238
3 0.42916666666666664 0.625 0.08452380952380953 0.2357142857142857
