3 0.5945576162967467 0.7428180574555403 0.1067193675889328 0.1906064751481988
3 0.40589844937671027 0.7569539443684451 0.09546974764366069 0.16142270861833105
3 0.5255396777135908 0.7756497948016415 0.08543630282760717 0.15230278157774738
3 0.130130738826391 0.4637482900136799 0.11006384919428398 0.1486548107615139
3 0.321830343569474 0.7535339717282262 0.09273335360291882 0.17373461012311903
3 0.7017330495591365 0.4019607843137255 0.16661599270294922 0.23575011399908802
3 0.4683794466403162 0.8103055175558596 0.09090909090909091 0.13862289101687186
3 0.22818485861964122 0.6953944368445052 0.1048951048951049 0.19790241678066575
0 0.6892672544846458 0.3848609211126311 0.011553663727576772 0.010031919744642043
0 0.7096381878990574 0.3682170542635659 0.007297050775311645 0.005927952576379389
0 0.6594709638187899 0.35590515275877793 0.032228640924293096 0.025991792065663474
3 0.17330495591365155 0.5868673050615595 0.130130738826391 0.17875056999544003
3 0.6465491030708422 0.6338349293205654 0.1225296442687747 0.17510259917920656
3 0.6708726056552143 0.5246238030095759 0.13347522043174218 0.1828545371637027
