3 0.21833333333333332 0.6615853658536586 0.09666666666666666 0.27439024390243905
0 0.19833333333333333 0.25609756097560976 0.043333333333333335 0.1951219512195122
3 0.6616666666666666 0.6798780487804879 0.07666666666666666 0.2865853658536585
3 0.735 0.7164634146341463 0.08333333333333333 0.31097560975609756
3 0.295 0.38109756097560976 0.11 0.3231707317073171
3 0.7883333333333333 0.3780487804878049 0.08333333333333333 0.3048780487804878
3 0.4 0.6951219512195121 0.10666666666666667 0.2682926829268293
3 0.58 0.7134146341463414 0.10666666666666667 0.2804878048780488
3 0.42833333333333334 0.4146341463414634 0.15666666666666668 0.34146341463414637
0 0.6633333333333333 0.7621951219512195 0.05333333333333334 0.12195121951219512
3 0.2 0.3170731707317073 0.08666666666666667 0.35365853658536583
0 0.225 0.4329268292682927 0.023333333333333334 0.06097560975609756
3 0.7016666666666667 0.3932926829268293 0.10333333333333333 0.31097560975609756
3 0.295 0.6920731707317073 0.11666666666666667 0.31097560975609756
3 0.49833333333333335 0.7073170731707317 0.09 0.25609756097560976
3 0.58 0.4054878048780488 0.14666666666666667 0.3597560975609756
0 0.79 0.3475609756097561 0.07333333333333333 0.10975609756097561
