3 0.6028282828282828 0.6270688734650294 0.1098989898989899 0.1436198611852643
3 0.6353535353535353 0.4428723972237053 0.17575757575757575 0.2749599572877736
3 0.4717171717171717 0.38948211425520557 0.1684848484848485 0.19167111585691404
3 0.7101010101010101 0.6169247197010144 0.1111111111111111 0.15216230646022424
3 0.20626262626262626 0.4204484783769354 0.12484848484848485 0.2407901761879338
3 0.2688888888888889 0.5971703150026695 0.12080808080808081 0.14575547250400428
3 0.7832323232323233 0.4316604378003203 0.1288888888888889 0.23545114789108382
3 0.9103030303030303 0.4081687132941805 0.13252525252525252 0.2407901761879338
3 0.3298989898989899 0.4396689802455953 0.12484848484848485 0.22370528563801387
3 0.822020202020202 0.6142552055525894 0.11272727272727273 0.15216230646022424
2 0.4692929292929293 0.4615589962626802 0.15878787878787878 0.04538174052322477
3 0.4911111111111111 0.6155899626268019 0.11757575757575757 0.1623064602242392
3 0.38323232323232326 0.6067805659369995 0.10868686868686869 0.15002669514148426
