3 0.4217522658610272 0.4748527412777526 0.0743202416918429 0.10602628001812416
3 0.48429003021148037 0.455595831445401 0.06948640483383686 0.0666062528318985
1 0.31510574018126886 0.4830086089714545 0.03081570996978852 0.06434073402809243
3 0.583987915407855 0.5410058903488899 0.054380664652567974 0.10058903488898958
0 0.566012084592145 0.44041685545990034 0.06012084592145015 0.04984141368373358
3 0.35453172205438066 0.4875396465790666 0.061933534743202415 0.11418214771182601
3 0.6410876132930513 0.5387403715450838 0.06042296072507553 0.09062075215224287
3 0.3779456193353474 0.5557317625736293 0.05740181268882175 0.10376076121431808
3 0.4326283987915408 0.5575441776166742 0.053172205438066465 0.0946986859990938
3 0.533987915407855 0.5464431354780245 0.04984894259818731 0.0915269596737653
3 0.4851963746223565 0.551880380607159 0.05256797583081571 0.09877661984594473
3 0.6344410876132931 0.46012686905301314 0.06706948640483383 0.10013593112822837
3 0.3258308157099698 0.5505210693248754 0.05891238670694864 0.08971454463072044
1 0.6238670694864048 0.46714997734481195 0.04652567975830816 0.08699592206615316
3 0.6948640483383686 0.46035342093339376 0.05498489425981873 0.11327594019030358
1 0.34712990936555893 0.4639782510194835 0.04471299093655589 0.06615314907113728
3 0.3083081570996979 0.47213411871318534 0.04501510574018127 0.09243316719528773
0 0.31706948640483384 0.46692342546443133 0.018429003021148038 0.02492070684186679
