3 0.6637369791666666 0.5339988425925926 0.07356770833333333 0.1189236111111111
3 0.4473741319444444 0.42780671296296297 0.11046006944444445 0.1501736111111111
3 0.7977430555555556 0.5182291666666666 0.058159722222222224 0.0954861111111111
3 0.7707248263888888 0.4075520833333333 0.10698784722222222 0.14033564814814814
3 0.3671875 0.4652777777777778 0.07725694444444445 0.10648148148148148
3 0.5809461805555556 0.5335648148148148 0.09635416666666667 0.1267361111111111
0 0.4449869791666667 0.3917824074074074 0.10438368055555555 0.0763888888888889
3 0.7353515625 0.5244502314814815 0.072265625 0.10619212962962964
3 0.5482855902777778 0.41724537037037035 0.09874131944444445 0.13136574074074073
3 0.6640625 0.4095775462962963 0.12369791666666667 0.13975694444444445
3 0.4907769097222222 0.5392071759259259 0.09309895833333333 0.1310763888888889
