3 0.42169351817159983 0.30814606741573036 0.03634319970026227 0.06460674157303371
3 0.4409891345073061 0.36741573033707864 0.030723117272386663 0.028089887640449437
3 0.3864743349569127 0.349438202247191 0.03859123267141251 0.03258426966292135
3 0.5794304983139753 0.3637640449438202 0.023604346197077557 0.020786516853932586
3 0.4687148744848258 0.37387640449438203 0.029224428624953166 0.024157303370786518
3 0.583177219932559 0.3047752808988764 0.02959910078681154 0.06910112359550562
3 0.3920944173847883 0.2997191011235955 0.027351067815661295 0.0702247191011236
3 0.4140127388535032 0.36264044943820223 0.024728362682652678 0.028651685393258425
3 0.5301611090295991 0.37134831460674156 0.03372049456725365 0.028089887640449437
3 0.6049082053203447 0.30589887640449437 0.021356313225927313 0.05449438202247191
3 0.3733608092918696 0.298314606741573 0.018358935931060322 0.048314606741573035
3 0.46290745597602095 0.3120786516853933 0.04683402023229674 0.05561797752808989
3 0.5576995129261896 0.36713483146067416 0.0258523791682278 0.024157303370786518
3 0.5114275009366804 0.3120786516853933 0.04870738104158861 0.05898876404494382
3 0.4998126639190708 0.374438202247191 0.029973772948669913 0.025280898876404494
3 0.5528287748220307 0.3089887640449438 0.03334582240539528 0.06629213483146068
3 0.39452978643686776 0.3595505617977528 0.02098164106406894 0.030337078651685393
