3 0.6853281853281853 0.6820512820512821 0.11969111969111969 0.15384615384615385
3 0.17567567567567569 0.15128205128205127 0.20463320463320464 0.2205128205128205
3 0.7934362934362934 0.3076923076923077 0.16602316602316602 0.19487179487179487
3 0.5386100386100386 0.717948717948718 0.11969111969111969 0.12307692307692308
3 0.4362934362934363 0.7128205128205128 0.11583011583011583 0.13333333333333333
3 0.7857142857142857 0.48205128205128206 0.15057915057915058 0.19487179487179487
3 0.33976833976833976 0.6461538461538462 0.11583011583011583 0.17435897435897435
3 0.7857142857142857 0.6512820512820513 0.14285714285714285 0.1641025641025641
3 0.61003861003861 0.7410256410256411 0.10038610038610038 0.1282051282051282
3 0.2277992277992278 0.34102564102564104 0.14671814671814673 0.21025641025641026
3 0.8474903474903475 0.1358974358974359 0.1969111969111969 0.2
3 0.24324324324324326 0.5128205128205128 0.138996138996139 0.19487179487179487
