3 0.405 0.7982222222222223 0.09333333333333334 0.21066666666666667
3 0.6946666666666667 0.5102222222222222 0.178 0.3075555555555556
3 0.8718333333333333 0.4668888888888889 0.187 0.3506666666666667
3 0.6393333333333333 0.7913333333333333 0.15466666666666667 0.20577777777777778
3 0.2633333333333333 0.5275555555555556 0.05466666666666667 0.23466666666666666
3 0.506 0.7973333333333333 0.12 0.21155555555555555
3 0.3641666666666667 0.5386666666666666 0.15633333333333332 0.31733333333333336
3 0.5063333333333333 0.4513333333333333 0.202 0.25822222222222224
3 0.8008333333333333 0.774 0.18033333333333335 0.20577777777777778
1 0.5038333333333334 0.5424444444444444 0.18633333333333332 0.07422222222222222
3 0.33416666666666667 0.7851111111111111 0.06833333333333333 0.1942222222222222
