3 0.7735 0.78275 0.116 0.173
3 0.19591666666666666 0.3425 0.1495 0.2235
0 0.8334166666666667 0.453 0.0031666666666666666 0.007
3 0.86525 0.166625 0.1445 0.20675
0 0.7850833333333334 0.65425 0.014833333333333334 0.0415
3 0.5819166666666666 0.887125 0.1175 0.15475
3 0.22075 0.509625 0.12916666666666668 0.16225
3 0.6794166666666667 0.848875 0.0995 0.14575
0 0.78825 0.599125 0.005833333333333334 0.00875
3 0.25216666666666665 0.656625 0.132 0.16425
3 0.8383333333333334 0.321625 0.15333333333333332 0.21675
3 0.8175 0.488625 0.13433333333333333 0.15325
0 0.20341666666666666 0.485125 0.003833333333333333 0.00475
0 0.8123333333333334 0.47 0.0026666666666666666 0.0085
0 0.7801666666666667 0.613875 0.007333333333333333 0.01525
1 0.8616666666666667 0.132375 0.13733333333333334 0.12975
3 0.16941666666666666 0.182375 0.1415 0.21175
3 0.7891666666666667 0.634125 0.13433333333333333 0.16575
3 0.37033333333333335 0.863125 0.10633333333333334 0.13625
3 0.4658333333333333 0.90475 0.11966666666666667 0.169
3 0.2831666666666667 0.7925 0.11466666666666667 0.1615
0 0.21408333333333332 0.540625 0.005166666666666667 0.00625
0 0.8130833333333334 0.398125 0.0115 0.01275
0 0.7959166666666667 0.591125 0.005833333333333334 0.00875
