3 0.7258333333333333 0.4111969111969112 0.17366666666666666 0.3033033033033033
3 0.5501666666666667 0.7048477048477049 0.14566666666666667 0.24796224796224797
3 0.21716666666666667 0.645002145002145 0.10966666666666666 0.2097812097812098
3 0.3388333333333333 0.4195624195624196 0.20366666666666666 0.34663234663234666
3 0.31616666666666665 0.6844701844701845 0.10233333333333333 0.2217932217932218
3 0.8955 0.3663663663663664 0.16566666666666666 0.3226083226083226
3 0.11666666666666667 0.3728013728013728 0.08733333333333333 0.24281424281424283
3 0.8408333333333333 0.6677391677391677 0.15633333333333332 0.24924924924924924
3 0.5291666666666667 0.35585585585585583 0.22566666666666665 0.25353925353925355
3 0.421 0.7033462033462033 0.12666666666666668 0.24495924495924495
3 0.6933333333333334 0.6906906906906907 0.14866666666666667 0.24195624195624196
3 0.2015 0.40561990561990563 0.097 0.25954525954525953
2 0.5285 0.4523809523809524 0.21833333333333332 0.0561990561990562
