0 0.8838445807770962 0.6578796561604584 0.0212678936605317 0.05272206303724929
0 0.5705521472392638 0.25243553008595987 0.130879345603272 0.08653295128939828
0 0.1263803680981595 0.14699140401146132 0.02044989775051125 0.026934097421203437
3 0.8550102249488752 0.5891117478510028 0.08302658486707566 0.23151862464183381
0 0.8194274028629857 0.28137535816618914 0.150920245398773 0.1845272206303725
0 0.7372188139059305 0.2361031518624642 0.07648261758691206 0.05959885386819484
3 0.1619631901840491 0.6137535816618911 0.12433537832310838 0.32779369627507166
0 0.8304703476482618 0.7249283667621776 0.014314928425357873 0.03782234957020057
1 0.4044989775051125 0.3320916905444126 0.1701431492842536 0.23896848137535817
3 0.2560327198364008 0.591404011461318 0.09406952965235174 0.2945558739255014
1 0.8087934560327198 0.6742120343839542 0.05848670756646217 0.1472779369627507
3 0.4648261758691207 0.5765042979942694 0.12310838445807772 0.2636103151862464
3 0.39918200408997956 0.33180515759312323 0.18323108384458078 0.2361031518624642
0 0.8875255623721882 0.31146131805157595 0.027811860940695297 0.05902578796561605
3 0.7047034764826176 0.5922636103151863 0.11697341513292434 0.3272206303724928
3 0.27116564417177913 0.31547277936962753 0.10224948875255624 0.25959885386819487
3 0.1705521472392638 0.2922636103151863 0.14478527607361963 0.3289398280802292
0 0.17586912065439672 0.298567335243553 0.03517382413087935 0.02521489971346705
3 0.7157464212678937 0.2707736389684814 0.11860940695296524 0.12091690544412607
3 0.8290388548057259 0.3653295128939828 0.16932515337423312 0.24240687679083095
0 0.2443762781186094 0.20630372492836677 0.034764826175869123 0.04126074498567335
0 0.401840490797546 0.28538681948424066 0.14355828220858896 0.14097421203438396
3 0.3529652351738241 0.5882521489971346 0.11697341513292434 0.2848137535816619
0 0.29938650306748466 0.3020057306590258 0.0408997955010225 0.10200573065902578
1 0.15460122699386503 0.22120343839541548 0.09325153374233129 0.1845272206303725
1 0.7157464212678937 0.6974212034383954 0.09488752556237219 0.11575931232091691
3 0.8094069529652351 0.2859598853868195 0.16768916155419222 0.1994269340974212
3 0.5813905930470348 0.5598853868194842 0.12883435582822086 0.26017191977077364
0 0.7394683026584867 0.6842406876790831 0.049897750511247445 0.0836676217765043
3 0.7979550102249489 0.6042979942693409 0.0834355828220859 0.2871060171919771
0 0.8186094069529652 0.6406876790830945 0.04049079754601227 0.06418338108882521
