3 0.74425 0.10383333333333333 0.194 0.13333333333333333
3 0.2585 0.7439166666666667 0.1625 0.11283333333333333
0 0.44525 0.7464166666666666 0.008 0.004166666666666667
3 0.12625 0.4661666666666667 0.142 0.11833333333333333
3 0.19425 0.66325 0.13 0.0945
0 0.5795 0.77575 0.007 0.0021666666666666666
0 0.445625 0.18358333333333332 0.00525 0.0035
3 0.691 0.7635833333333333 0.187 0.14783333333333334
3 0.411125 0.7455833333333334 0.15775 0.12883333333333333
3 0.1495 0.5755833333333333 0.142 0.12083333333333333
3 0.82075 0.77325 0.183 0.1415
3 0.54275 0.7585 0.1435 0.13033333333333333
0 0.406 0.7466666666666667 0.0635 0.021
3 0.20025 0.2679166666666667 0.1685 0.11016666666666666
3 0.612625 0.14408333333333334 0.22025 0.14683333333333334
3 0.14625 0.3620833333333333 0.1305 0.10216666666666667
0 0.455875 0.7535833333333334 0.01025 0.0055
3 0.3345 0.22541666666666665 0.165 0.1285
