0 0.5622596153846153 0.36698717948717946 0.04375 0.01730769230769231
3 0.26610576923076923 0.6054487179487179 0.11490384615384615 0.20705128205128207
3 0.7110576923076923 0.6278846153846154 0.08461538461538462 0.14166666666666666
3 0.33581730769230766 0.39871794871794874 0.08509615384615385 0.1371794871794872
3 0.2586538461538462 0.40032051282051284 0.10192307692307692 0.1967948717948718
3 0.40552884615384616 0.6756410256410257 0.07836538461538461 0.21923076923076923
3 0.4846153846153846 0.658974358974359 0.08076923076923077 0.19230769230769232
3 0.6353365384615385 0.6278846153846154 0.10817307692307693 0.20064102564102565
3 0.7533653846153846 0.6243589743589744 0.06634615384615385 0.12564102564102564
1 0.6632211538461539 0.6932692307692307 0.04471153846153846 0.05064102564102564
0 0.3112980769230769 0.4 0.014903846153846155 0.02435897435897436
0 0.25432692307692306 0.41410256410256413 0.09038461538461538 0.1564102564102564
3 0.5454326923076923 0.37916666666666665 0.09759615384615385 0.10192307692307692
1 0.7694711538461538 0.6621794871794872 0.03221153846153846 0.04871794871794872
0 0.40048076923076925 0.383974358974359 0.03653846153846154 0.03076923076923077
3 0.5528846153846154 0.6522435897435898 0.06923076923076923 0.16346153846153846
0 0.6338942307692308 0.37564102564102564 0.07067307692307692 0.023076923076923078
3 0.42740384615384613 0.35384615384615387 0.10673076923076923 0.11666666666666667
