3 0.09293680297397769 0.18617021276595744 0.17843866171003717 0.2553191489361702
3 0.8104089219330854 0.5425531914893617 0.11895910780669144 0.19148936170212766
3 0.1412639405204461 0.4095744680851064 0.17843866171003717 0.2765957446808511
3 0.5631970260223048 0.9148936170212766 0.08550185873605948 0.1276595744680851
3 0.24535315985130113 0.7127659574468085 0.11152416356877323 0.19148936170212766
3 0.7713754646840149 0.6914893617021277 0.11524163568773234 0.19148936170212766
3 0.19888475836431227 0.5797872340425532 0.12267657992565056 0.19148936170212766
3 0.6449814126394052 0.8829787234042553 0.09293680297397769 0.1276595744680851
3 0.3847583643122677 0.898936170212766 0.08550185873605948 0.13829787234042554
3 0.8605947955390335 0.35904255319148937 0.17472118959107807 0.26063829787234044
3 0.4684014869888476 0.9202127659574468 0.09665427509293681 0.1276595744680851
3 0.3141263940520446 0.8457446808510638 0.10780669144981413 0.1702127659574468
3 0.7118959107806692 0.824468085106383 0.10780669144981413 0.1702127659574468
3 0.9014869888475836 0.13297872340425532 0.16728624535315986 0.24468085106382978
