3 0.675748031496063 0.5742481203007519 0.06582677165354331 0.10338345864661654
3 0.6521259842519685 0.4724310776942356 0.08283464566929134 0.21929824561403508
3 0.5590551181102362 0.5 0.10645669291338583 0.21428571428571427
3 0.41133858267716533 0.6093358395989975 0.06929133858267716 0.11842105263157894
3 0.3401574803149606 0.606203007518797 0.07307086614173228 0.08834586466165413
3 0.7322834645669292 0.46271929824561403 0.07748031496062992 0.19611528822055138
3 0.2022047244094488 0.43859649122807015 0.06929133858267716 0.18922305764411027
3 0.3411023622047244 0.47901002506265666 0.08503937007874016 0.19611528822055138
3 0.54 0.6372180451127819 0.06393700787401575 0.09147869674185463
3 0.2803149606299213 0.5585839598997494 0.06110236220472441 0.09461152882205513
3 0.47716535433070867 0.6284461152882206 0.06236220472440945 0.10776942355889724
3 0.6103937007874016 0.6149749373433584 0.06803149606299212 0.10338345864661654
3 0.8174803149606299 0.41948621553884713 0.025511811023622048 0.14724310776942356
3 0.4379527559055118 0.49028822055137844 0.1074015748031496 0.2261904761904762
3 0.2622047244094488 0.4674185463659148 0.07401574803149606 0.19047619047619047
3 0.7886614173228347 0.4473684210526316 0.05669291338582677 0.18295739348370926
