3 0.5576126001657916 0.8334024036469125 0.04807957999447361 0.0563613758806465
3 0.6689693285437966 0.5530460008288438 0.059684995855208624 0.07832573559883962
0 0.31859629731970157 0.530874430169913 0.01713180436584692 0.04807293825113966
1 0.6710417242332136 0.48777455449647744 0.028460900801326332 0.0306672192291753
3 0.32619508151423043 0.530874430169913 0.052777010223818734 0.0820555325321177
3 0.6780878695772313 0.4939908827186075 0.051395413097540754 0.04641525072523829
3 0.612047526941144 0.7503108164111065 0.051395413097540754 0.06506423539162867
3 0.35714285714285715 0.6798590965602984 0.05167173252279635 0.060920016576875256
3 0.644791378833932 0.629092416079569 0.06769825918762089 0.09448818897637795
3 0.6334622823984526 0.6987152921674264 0.05167173252279635 0.0762536261914629
3 0.3481624758220503 0.613344384583506 0.06576402321083172 0.0870285951098218
3 0.44031500414479136 0.8159966846249482 0.04669798286819563 0.07791131371736428
3 0.37482730035921524 0.7351844177372565 0.052777010223818734 0.060505594695399914
3 0.5866261398176292 0.7909241607956901 0.0547112462006079 0.06755076668048073
3 0.31997789444597957 0.44757563199336925 0.04973749654600718 0.07956900124326564
3 0.39969604863221886 0.7851222544550353 0.05111909367228516 0.06755076668048073
3 0.47457861287648523 0.8458350600911728 0.04504006631666206 0.05884790716949855
3 0.5128488532743852 0.8445917944467468 0.04642166344294004 0.053874844591794445
