3 0.234130859375 0.5695461200585652 0.067626953125 0.14824304538799415
3 0.15496826171875 0.4112371888726208 0.0533447265625 0.14092240117130309
3 0.51007080078125 0.592606149341142 0.0792236328125 0.17715959004392387
3 0.41619873046875 0.42249267935578333 0.1295166015625 0.2311493411420205
3 0.7044677734375 0.566800878477306 0.0751953125 0.1438506588579795
3 0.29541015625 0.5869326500732065 0.07666015625 0.15117130307467058
3 0.24407958984375 0.3989751098096633 0.0770263671875 0.20571010248901903
3 0.19830322265625 0.40775988286969256 0.0594482421875 0.17496339677891654
3 0.3609619140625 0.5886713030746705 0.078369140625 0.15391654465592972
3 0.7647705078125 0.40208638360175697 0.05517578125 0.1650805270863836
3 0.6414794921875 0.5802525622254758 0.072998046875 0.1579428989751098
3 0.576416015625 0.5799780380673499 0.075927734375 0.17935578330893118
3 0.19049072265625 0.5570095168374817 0.0723876953125 0.13232064421669107
3 0.71533203125 0.40547218155197656 0.072509765625 0.19527818448023426
3 0.7481689453125 0.5464860907759883 0.0732421875 0.15043923865300146
3 0.6466064453125 0.409407027818448 0.07958984375 0.18923865300146414
3 0.31915283203125 0.40236090775988287 0.0836181640625 0.20076866764275256
3 0.434814453125 0.5954428989751098 0.0791015625 0.15428257686676428
3 0.54461669921875 0.4213945827232797 0.1292724609375 0.21870424597364568
