0 0.5742442810457516 0.4414828431372549 0.02920751633986928 0.028799019607843136
0 0.4116625816993464 0.45159313725490197 0.021037581699346407 0.00857843137254902
3 0.49499591503267976 0.48621323529411764 0.03370098039215686 0.051470588235294115
0 0.3630514705882353 0.4728860294117647 0.00428921568627451 0.012561274509803922
3 0.37796160130718953 0.44776348039215685 0.0377859477124183 0.03707107843137255
3 0.5269607843137255 0.48682598039215685 0.03145424836601307 0.058823529411764705
3 0.4599673202614379 0.4889705882352941 0.03308823529411765 0.0545343137254902
3 0.5564746732026143 0.48452818627450983 0.030841503267973858 0.06341911764705882
1 0.5725081699346405 0.4397977941176471 0.03676470588235294 0.04258578431372549
3 0.42922794117647056 0.4924938725490196 0.032066993464052285 0.05667892156862745
3 0.3718341503267974 0.4788602941176471 0.030841503267973858 0.051470588235294115
3 0.5726102941176471 0.44699754901960786 0.03656045751633987 0.05698529411764706
1 0.37203839869281047 0.4765625 0.029616013071895424 0.046262254901960786
0 0.38388480392156865 0.45879289215686275 0.0055147058823529415 0.008272058823529412
0 0.5477941176470589 0.43933823529411764 0.006535947712418301 0.00857843137254902
0 0.37714460784313725 0.4618566176470588 0.003880718954248366 0.0027573529411764708
1 0.4269812091503268 0.4954044117647059 0.014501633986928105 0.02144607843137255
3 0.39859068627450983 0.49111519607843135 0.03329248366013072 0.06495098039215687
1 0.3937908496732026 0.4928002450980392 0.021241830065359478 0.04013480392156863
3 0.41390931372549017 0.45113357843137253 0.03533496732026144 0.019301470588235295
