0 0.5882183355756294 0.39723389355742295 0.04093792043052085 0.03466386554621849
0 0.44253315394964443 0.3797268907563025 0.04939458004997117 0.03396358543417367
0 0.3869882759946185 0.38813025210084034 0.040169133192389 0.03676470588235294
3 0.3984239861618297 0.46008403361344535 0.04458965981164713 0.08753501400560224
3 0.5835095137420718 0.4635854341736695 0.04612723428791082 0.09313725490196079
3 0.6243513357678262 0.4474789915966387 0.04478185662118009 0.0896358543417367
3 0.5246011916202191 0.4842436974789916 0.06015760138381703 0.08893557422969188
3 0.4452239092831059 0.46271008403361347 0.04093792043052085 0.10189075630252101
3 0.35498750720738037 0.4485294117647059 0.04497405343071305 0.08543417366946779
3 0.3342302517778205 0.3911064425770308 0.05842783009802037 0.09103641456582633
0 0.5235441091677878 0.39810924369747897 0.049971170478570054 0.0392156862745098
3 0.6473188545070152 0.4007352941176471 0.0572746492408226 0.08648459383753501
