3 0.6629050925925926 0.5765335648148148 0.07542438271604938 0.12876157407407407
3 0.4130979938271605 0.5701678240740741 0.07542438271604938 0.1166087962962963
0 0.5596064814814815 0.42766203703703703 0.010416666666666666 0.009837962962962963
0 0.5637538580246914 0.41652199074074076 0.007523148148148148 0.009548611111111112
0 0.5077160493827161 0.38657407407407407 0.04436728395061729 0.022569444444444444
3 0.6471836419753086 0.44733796296296297 0.11304012345679013 0.13368055555555555
3 0.5818865740740741 0.5698784722222222 0.07696759259259259 0.12644675925925927
3 0.7425733024691358 0.5830439814814815 0.07002314814814815 0.1267361111111111
3 0.8147183641975309 0.5901331018518519 0.06346450617283951 0.12065972222222222
0 0.6594328703703703 0.39988425925925924 0.004822530864197531 0.00636574074074074
1 0.6739969135802469 0.4292534722222222 0.058256172839506175 0.08883101851851852
1 0.6002121913580247 0.4509548611111111 0.01832561728395062 0.0697337962962963
0 0.5993441358024691 0.4234664351851852 0.007716049382716049 0.011863425925925927
1 0.7406442901234568 0.4429976851851852 0.054205246913580245 0.08564814814814815
0 0.7238618827160493 0.45630787037037035 0.013310185185185185 0.031828703703703706
1 0.5184220679012346 0.4088541666666667 0.11361882716049383 0.06655092592592593
3 0.5170717592592593 0.44140625 0.11786265432098765 0.1328125
3 0.4939236111111111 0.5703125 0.07079475308641975 0.13020833333333334
3 0.7508680555555556 0.4497974537037037 0.07619598765432099 0.10966435185185185
