0 0.4435146443514644 0.4597156398104265 0.016736401673640166 0.02843601895734597
0 0.4456066945606695 0.490521327014218 0.0041841004184100415 0.018957345971563982
0 0.4194560669456067 0.7393364928909952 0.03556485355648536 0.023696682464454975
1 0.4602510460251046 0.28080568720379145 0.10460251046025104 0.06872037914691943
3 0.4435146443514644 0.4004739336492891 0.26359832635983266 0.3127962085308057
0 0.48640167364016734 0.43009478672985785 0.006276150627615063 0.0071090047393364926
3 0.4194560669456067 0.7049763033175356 0.2489539748953975 0.3009478672985782
3 0.4707112970711297 0.14218009478672985 0.19665271966527198 0.22274881516587677
1 0.4225941422594142 0.6860189573459715 0.1799163179916318 0.25829383886255924
0 0.3807531380753138 0.7049763033175356 0.06276150627615062 0.04028436018957346
