3 0.5528333333333333 0.6298888888888889 0.20366666666666666 0.12555555555555556
0 0.5141666666666667 0.519 0.024333333333333332 0.024666666666666667
3 0.3398333333333333 0.7908888888888889 0.123 0.06533333333333333
3 0.44916666666666666 0.7616666666666667 0.103 0.06955555555555555
3 0.508 0.4391111111111111 0.232 0.10177777777777777
3 0.21633333333333332 0.7955555555555556 0.14266666666666666 0.06577777777777778
3 0.5293333333333333 0.528 0.188 0.10488888888888889
1 0.5501666666666667 0.6166666666666667 0.207 0.10177777777777777
0 0.5345 0.5464444444444444 0.009666666666666667 0.014666666666666666
3 0.5163333333333333 0.7065555555555556 0.10933333333333334 0.07222222222222222
0 0.5525 0.5891111111111111 0.04766666666666667 0.011111111111111112
