3 0.27677459526774595 0.475478748248482 0.08405977584059776 0.17655301261092948
3 0.6058530510585305 0.6216721158337225 0.074719800747198 0.1606725829051845
3 0.45579078455790784 0.6289117234936945 0.074719800747198 0.14152265296590377
3 0.3818493150684932 0.6230733302195236 0.07440846824408469 0.1569360112097151
3 0.6741905354919053 0.6377860812704343 0.06569115815691158 0.19290051377860812
3 0.7428393524283935 0.47758056982718355 0.08032378580323786 0.19196637085474078
3 0.7285180572851806 0.6471275105091079 0.04919053549190536 0.13404950957496498
3 0.2168430884184309 0.49416160672582904 0.05136986301369863 0.14572629612330687
3 0.6723225404732254 0.44978981784212985 0.08188044831880448 0.16160672582905183
3 0.8044831880448319 0.4932274638019617 0.055417185554171855 0.14385801027557216
3 0.46201743462017436 0.46847267631947687 0.11457036114570361 0.18402615600186828
3 0.5312889165628891 0.622372723026623 0.07689912826899128 0.15179822512844465
3 0.31226650062266503 0.638253152732368 0.07160647571606475 0.18075665576833255
3 0.5753424657534246 0.4500233535730967 0.11768368617683686 0.1994395142456796
3 0.3600560398505604 0.458197104156936 0.08872976338729763 0.1662774404483886
