3 0.2916666666666667 0.8690476190476191 0.12333333333333334 0.23809523809523808
1 0.8666666666666667 0.23511904761904762 0.18666666666666668 0.3630952380952381
1 0.20166666666666666 0.5773809523809523 0.15 0.17857142857142858
1 0.8233333333333334 0.47023809523809523 0.14666666666666667 0.14285714285714285
1 0.25666666666666665 0.8303571428571429 0.04666666666666667 0.07738095238095238
0 0.12833333333333333 0.36904761904761907 0.17 0.32142857142857145
3 0.21 0.6577380952380952 0.16 0.35119047619047616
3 0.8766666666666667 0.23809523809523808 0.20666666666666667 0.39285714285714285
3 0.7716666666666666 0.8095238095238095 0.13666666666666666 0.21428571428571427
3 0.825 0.5535714285714286 0.15666666666666668 0.30952380952380953
