3 0.6212336554860717 0.5914712153518124 0.0434906196702672 0.05202558635394456
3 0.6581864695849915 0.5795309168443497 0.055997725980670834 0.06993603411513859
3 0.4556566230812962 0.42686567164179107 0.056281978396816375 0.08187633262260129
3 0.5744741330301307 0.6042643923240938 0.04604889141557703 0.03411513859275053
3 0.6651506537805572 0.3936034115138593 0.046617396247868106 0.05714285714285714
3 0.39909039226833426 0.43049040511727077 0.047754405912450254 0.07036247334754797
3 0.3514781125639568 0.428997867803838 0.04690164866401365 0.07590618336886994
3 0.47455940875497443 0.6081023454157782 0.04747015349630472 0.03837953091684435
3 0.5666571915861285 0.4068230277185501 0.04747015349630472 0.07078891257995736
1 0.47299602046617395 0.4232409381663113 0.02160318362706083 0.07206823027718551
3 0.5258669698692439 0.605543710021322 0.03922683342808414 0.039232409381663114
3 0.6195281409891984 0.40298507462686567 0.049744172825469016 0.07761194029850746
3 0.41827743035815806 0.6040511727078891 0.038374076179647526 0.04392324093816631
3 0.3804718590108016 0.594456289978678 0.05372370665150654 0.05458422174840085
