3 0.4387775753895973 0.7096533730898248 0.2610807528840316 0.3868803578084234
3 0.13367739324023478 0.2881103242638837 0.2090669904877555 0.44576966082743197
0 0.5239829993928354 0.5266492732016399 0.022667476219388787 0.07528885575847931
3 0.22201983404169195 0.6524412970555349 0.18903056061526008 0.4036526276556094
3 0.6802266747621939 0.6807677972418934 0.2675571746609998 0.3417815877748789
0 0.6922687715037442 0.5700708162504659 0.004250151791135397 0.009317927692881103
3 0.31137421574580043 0.3548266865449124 0.1855899615462457 0.37569884457696606
3 0.5153815017202995 0.3855758479314201 0.23335357215138636 0.3768169959001118
3 0.7390204412062336 0.3742079761461051 0.23942521756729407 0.3637718971300783
0 0.7134183363691561 0.6936265374580693 0.008095527221210281 0.023853894893775623
