0 0.7064887152777778 0.44603587962962965 0.006293402777777778 0.011863425925925927
1 0.7019314236111112 0.45023148148148145 0.05490451388888889 0.06712962962962964
3 0.6729600694444444 0.2728587962962963 0.11024305555555555 0.12905092592592593
3 0.6834852430555556 0.3706597222222222 0.09526909722222222 0.10069444444444445
0 0.6704644097222222 0.37037037037037035 0.015407986111111112 0.013888888888888888
0 0.7269965277777778 0.4596354166666667 0.004774305555555556 0.010127314814814815
0 0.6498480902777778 0.35691550925925924 0.013671875 0.0390625
1 0.6826171875 0.3667534722222222 0.09136284722222222 0.09635416666666667
3 0.6990017361111112 0.45167824074074076 0.06032986111111111 0.07465277777777778
0 0.6692708333333334 0.3368055555555556 0.033854166666666664 0.013888888888888888
0 0.6708984375 0.3548900462962963 0.012803819444444444 0.0078125
0 0.6824001736111112 0.3993055555555556 0.011935763888888888 0.011574074074074073
