3 0.4710344827586207 0.6423251965246173 0.11889655172413793 0.32395531650806786
3 0.07020689655172414 0.35995035167563094 0.1166896551724138 0.32105916425320646
3 0.6990344827586207 0.6644600744724866 0.12689655172413794 0.3177492759619363
3 0.584 0.6323955316508068 0.11420689655172414 0.2991311543235416
3 0.2336551724137931 0.6270169631774928 0.13627586206896553 0.3752585850227555
3 0.2692413793103448 0.26623913942904426 0.13793103448275862 0.39842780306164666
3 0.3484137931034483 0.6332230037236243 0.1329655172413793 0.3189904840711626
3 0.4267586206896552 0.30368225072403804 0.18924137931034482 0.3781547372776169
3 0.7746206896551724 0.3045097227968556 0.1373793103448276 0.36988001654944147
3 0.8191724137931035 0.6688043028547787 0.12606896551724137 0.3396772858916012
3 0.6126896551724138 0.3134050475796442 0.1936551724137931 0.3669838642945801
3 0.8900689655172414 0.33698800165494414 0.14758620689655172 0.3934629706247414
3 0.14648275862068966 0.29416632188663633 0.14951724137931036 0.439387670666115
