1 0.6666440217391304 0.44625407166123776 0.01861413043478261 0.03623778501628665
3 0.6611413043478261 0.4500203583061889 0.042391304347826085 0.044177524429967426
3 0.6423233695652174 0.37693403908794787 0.03654891304347826 0.044177524429967426
3 0.4971467391304348 0.4082858306188925 0.036684782608695655 0.04702768729641694
3 0.5998641304347826 0.3498574918566775 0.04483695652173913 0.03033387622149837
3 0.5266304347826087 0.3747964169381108 0.03179347826086956 0.03705211726384365
1 0.6546195652173913 0.4189739413680782 0.022282608695652174 0.03868078175895766
0 0.6692255434782609 0.45612785016286644 0.008559782608695651 0.009975570032573289
3 0.6259510869565217 0.35352198697068404 0.03722826086956522 0.03521986970684039
3 0.5635190217391305 0.35718648208469056 0.04524456521739131 0.028705211726384364
0 0.6722826086956522 0.43821254071661236 0.005978260869565218 0.015675895765472313
0 0.6539402173913044 0.4206026058631922 0.011956521739130435 0.031351791530944625
3 0.6517663043478261 0.41480048859934854 0.04673913043478261 0.046620521172638436
