3 0.6149887423608877 0.6644958996623251 0.09585075587005468 0.31017848528702363
3 0.7983274364747507 0.3480463096960926 0.07655194596333226 0.24843222383019778
1 0.3731103248633001 0.41341051616015434 0.030234802187198456 0.12831644958996624
3 0.7513669990350595 0.6102267245537868 0.08362817626246381 0.23540762180414856
0 0.7783853329044709 0.6770381090207429 0.02122869089739466 0.025566811384466957
3 0.4461241556770666 0.6751085383502171 0.08941781923448054 0.2725518572117704
3 0.5281440977806369 0.6538832609744332 0.08620135091669347 0.3005306319343946
3 0.7219363139273078 0.35962373371924744 0.08973946606625925 0.21177038109020743
1 0.3201994210357028 0.29064158224794984 0.07558700546799614 0.11529184756391703
1 0.6978128015439048 0.7313072841292813 0.047282084271469925 0.10902074288470816
3 0.4660662592473464 0.3429811866859624 0.1614667095529109 0.35407621804148576
3 0.24605982631071083 0.37071876507477086 0.11450627211321969 0.28895320791123974
3 0.6225474429076874 0.3516642547033285 0.15342553875844323 0.32223830197780995
3 0.6818912833708588 0.6452001929570671 0.08877452557092312 0.29667149059334297
1 0.7111611450627211 0.30125422093584175 0.06754583467352847 0.09599614085865894
3 0.3092634287552268 0.6618427399903521 0.09295593438404631 0.3135552339604438
1 0.619170151174011 0.29088277858176553 0.1376648440012866 0.19874577906415822
1 0.45802508845287876 0.27303424987940184 0.14345448697330332 0.2141823444283647
3 0.3346735284657446 0.36637723106608777 0.10968156963653908 0.2773757838880849
3 0.37777420392409133 0.6671490593342981 0.09617240270183339 0.30004823926676316
