3 0.4671814671814672 0.7577319587628866 0.06177606177606178 0.061855670103092786
3 0.2876447876447876 0.4639175257731959 0.08108108108108109 0.13402061855670103
3 0.3552123552123552 0.7654639175257731 0.0694980694980695 0.05670103092783505
3 0.47297297297297297 0.4536082474226804 0.08108108108108109 0.14432989690721648
3 0.5405405405405406 0.45103092783505155 0.06177606177606178 0.10824742268041238
3 0.2953667953667954 0.7551546391752577 0.06563706563706563 0.05670103092783505
3 0.3803088803088803 0.4536082474226804 0.10424710424710425 0.16494845360824742
0 0.30694980694980695 0.4484536082474227 0.02702702702702703 0.030927835051546393
3 0.584942084942085 0.4639175257731959 0.03474903474903475 0.12371134020618557
3 0.21428571428571427 0.4742268041237113 0.06563706563706563 0.13402061855670103
3 0.416988416988417 0.7628865979381443 0.06177606177606178 0.07216494845360824
