3 0.77015625 0.4144397562119081 0.1090625 0.18846694796061886
3 0.631875 0.5932958274730427 0.08125 0.213314580403188
3 0.5634375 0.3748241912798875 0.1325 0.2086263478668542
3 0.74640625 0.376699484294421 0.0915625 0.2058134083450539
3 0.1859375 0.6458040318799813 0.05 0.1111111111111111
3 0.4321875 0.3647444913267698 0.1325 0.2090951711204876
3 0.7015625 0.6181434599156118 0.076875 0.2273792780121894
3 0.23 0.3931082981715893 0.0825 0.1917487107360525
3 0.23234375 0.636896390060947 0.0659375 0.15142991092358182
3 0.46796875 0.590014064697609 0.0884375 0.18893577121425223
3 0.31609375 0.3762306610407876 0.0953125 0.170182841068917
3 0.76140625 0.6359587435536803 0.0684375 0.1748710736052508
3 0.66953125 0.37318330989217063 0.0890625 0.18565400843881857
3 0.306875 0.6080637599624942 0.083125 0.21659634317862167
3 0.38328125 0.583919362400375 0.0909375 0.20956399437412096
3 0.55203125 0.5834505391467417 0.0871875 0.18330989217065166
