0 0.2558320373250389 0.26734104046242774 0.16329704510108864 0.24566473988439305
0 0.6360808709175739 0.4190751445086705 0.01866251944012442 0.03468208092485549
3 0.2713841368584759 0.2702312138728324 0.2223950233281493 0.3265895953757225
3 0.6811819595645412 0.2514450867052023 0.15241057542768274 0.3352601156069364
3 0.5381026438569206 0.4523121387283237 0.18973561430793157 0.2514450867052023
0 0.5427682737169518 0.5317919075144508 0.04665629860031104 0.06936416184971098
0 0.6835147744945568 0.21820809248554912 0.09175738724727839 0.13583815028901733
3 0.31959564541213065 0.5057803468208093 0.26594090202177295 0.2832369942196532
0 0.328149300155521 0.315028901734104 0.07776049766718507 0.1329479768786127
3 0.6858475894245724 0.4436416184971098 0.15552099533437014 0.21676300578034682
3 0.48989113530326595 0.2514450867052023 0.2177293934681182 0.3815028901734104
0 0.4774494556765163 0.22254335260115607 0.18662519440124417 0.2832369942196532
