3 0.5445344129554656 0.6153846153846154 0.0931174089068826 0.1978021978021978
3 0.41700404858299595 0.38186813186813184 0.1700404858299595 0.24725274725274726
3 0.3016194331983806 0.7912087912087912 0.11740890688259109 0.24175824175824176
3 0.819838056680162 0.37637362637362637 0.10931174089068826 0.22527472527472528
3 0.6963562753036437 0.44505494505494503 0.09716599190283401 0.18681318681318682
3 0.19635627530364372 0.43956043956043955 0.13360323886639677 0.23076923076923078
3 0.4392712550607287 0.6318681318681318 0.0931174089068826 0.2087912087912088
3 0.242914979757085 0.6593406593406593 0.1214574898785425 0.1978021978021978
3 0.3360323886639676 0.5054945054945055 0.15384615384615385 0.17582417582417584
3 0.582995951417004 0.40934065934065933 0.16194331983805668 0.24725274725274726
3 0.7753036437246964 0.5686813186813187 0.13360323886639677 0.1813186813186813
3 0.17408906882591094 0.5467032967032966 0.10526315789473684 0.14835164835164835
3 0.7854251012145749 0.2802197802197802 0.12955465587044535 0.1978021978021978
3 0.728744939271255 0.6840659340659341 0.1214574898785425 0.21428571428571427
