3 0.375 0.484375 0.078125 0.13958333333333334
1 0.34140625 0.3625 0.0484375 0.058333333333333334
1 0.39765625 0.3802083333333333 0.0328125 0.10625
3 0.24453125 0.3958333333333333 0.0921875 0.17083333333333334
3 0.2546875 0.5 0.084375 0.09166666666666666
3 0.64296875 0.384375 0.0796875 0.16458333333333333
3 0.33203125 0.39895833333333336 0.0890625 0.14791666666666667
3 0.4546875 0.496875 0.08125 0.11875
3 0.71953125 0.3729166666666667 0.0796875 0.17083333333333334
3 0.546875 0.378125 0.11875 0.18958333333333333
3 0.52890625 0.49166666666666664 0.0734375 0.1125
3 0.4359375 0.38645833333333335 0.109375 0.18541666666666667
