3 0.8858024691358025 0.8275 0.08024691358024691 0.195
3 0.9012345679012346 0.3425 0.11522633744855967 0.505
3 0.6111111111111112 0.31 0.205761316872428 0.48
3 0.16563786008230452 0.87 0.09670781893004116 0.25
3 0.07921810699588477 0.4725 0.08024691358024691 0.345
3 0.24691358024691357 0.8625 0.102880658436214 0.265
3 0.7767489711934157 0.36 0.13786008230452676 0.4
3 0.1419753086419753 0.4175 0.09876543209876543 0.465
3 0.411522633744856 0.335 0.19753086419753085 0.47
3 0.7983539094650206 0.85 0.11522633744855967 0.27
3 0.25205761316872427 0.375 0.1419753086419753 0.44
3 0.12242798353909465 0.8625 0.08024691358024691 0.265
3 0.6893004115226338 0.8675 0.11934156378600823 0.255
3 0.35185185185185186 0.8675 0.11934156378600823 0.255
3 0.4619341563786008 0.87 0.12139917695473251 0.25
3 0.5751028806584362 0.865 0.12139917695473251 0.26
