1 0.5956937799043063 0.4384057971014493 0.2727272727272727 0.39855072463768115
0 0.6028708133971292 0.427536231884058 0.019138755980861243 0.043478260869565216
0 0.5861244019138756 0.5579710144927537 0.06220095693779904 0.11594202898550725
0 0.5478468899521531 0.4963768115942029 0.03349282296650718 0.09420289855072464
3 0.29904306220095694 0.3188405797101449 0.24401913875598086 0.36231884057971014
0 0.9760765550239234 0.5543478260869565 0.028708133971291867 0.12318840579710146
0 0.507177033492823 0.42028985507246375 0.019138755980861243 0.014492753623188406
1 0.9186602870813397 0.6159420289855072 0.15311004784688995 0.2898550724637681
0 0.9736842105263158 0.6920289855072463 0.023923444976076555 0.07971014492753623
3 0.5645933014354066 0.48188405797101447 0.3444976076555024 0.47101449275362317
0 0.9210526315789473 0.6231884057971014 0.08133971291866028 0.08695652173913043
3 0.10287081339712918 0.22826086956521738 0.20574162679425836 0.35507246376811596
3 0.9138755980861244 0.6231884057971014 0.16267942583732056 0.391304347826087
