3 0.1290909090909091 0.43169398907103823 0.06181818181818182 0.24043715846994534
3 0.2 0.4180327868852459 0.10181818181818182 0.2896174863387978
3 0.2781818181818182 0.6721311475409836 0.09090909090909091 0.26229508196721313
3 0.8581818181818182 0.6584699453551912 0.09454545454545454 0.2677595628415301
3 0.6818181818181818 0.6530054644808743 0.09818181818181818 0.2677595628415301
3 0.889090909090909 0.4426229508196721 0.07636363636363637 0.2185792349726776
3 0.5763636363636364 0.6830601092896175 0.09818181818181818 0.25136612021857924
3 0.20545454545454545 0.6311475409836066 0.07636363636363637 0.20218579234972678
3 0.8054545454545454 0.4098360655737705 0.09818181818181818 0.29508196721311475
3 0.2927272727272727 0.4371584699453552 0.10545454545454545 0.20765027322404372
3 0.4781818181818182 0.6775956284153005 0.10545454545454545 0.25136612021857924
3 0.3709090909090909 0.6912568306010929 0.10909090909090909 0.2677595628415301
3 0.5745454545454546 0.42896174863387976 0.16 0.2568306010928962
3 0.41818181818181815 0.4371584699453552 0.15272727272727274 0.26229508196721313
3 0.7763636363636364 0.6612021857923497 0.09818181818181818 0.28415300546448086
3 0.7072727272727273 0.44808743169398907 0.12 0.19672131147540983
3 0.96 0.40710382513661203 0.05818181818181818 0.20218579234972678
