3 0.17729083665338646 0.3805970149253731 0.10756972111553785 0.19402985074626866
3 0.5677290836653387 0.39552238805970147 0.1394422310756972 0.23383084577114427
3 0.4262948207171315 0.5497512437810945 0.08764940239043825 0.17412935323383086
3 0.4043824701195219 0.39800995024875624 0.14741035856573706 0.22885572139303484
3 0.09760956175298804 0.39303482587064675 0.05976095617529881 0.1691542288557214
3 0.23904382470119523 0.5149253731343284 0.08764940239043825 0.16417910447761194
3 0.2749003984063745 0.3880597014925373 0.09561752988047809 0.1691542288557214
3 0.7709163346613546 0.4129353233830846 0.08366533864541832 0.19900497512437812
3 0.16135458167330677 0.5373134328358209 0.07569721115537849 0.1691542288557214
3 0.848605577689243 0.42786069651741293 0.07171314741035857 0.1691542288557214
3 0.647410358565737 0.5099502487562189 0.12350597609561753 0.15422885572139303
3 0.32669322709163345 0.5422885572139303 0.11155378486055777 0.1890547263681592
3 0.9043824701195219 0.4054726368159204 0.04780876494023904 0.13432835820895522
3 0.6374501992031872 0.6666666666666666 0.12749003984063745 0.14925373134328357
3 0.7609561752988048 0.5597014925373134 0.11952191235059761 0.15422885572139303
3 0.5318725099601593 0.5398009950248757 0.08366533864541832 0.18407960199004975
3 0.6852589641434262 0.3781094527363184 0.09561752988047809 0.1890547263681592
