3 0.583044982698962 0.24 0.10726643598615918 0.16
3 0.06228373702422145 0.825 0.1245674740484429 0.23
3 0.6643598615916955 0.3425 0.11764705882352941 0.165
3 0.11591695501730104 0.4925 0.13494809688581316 0.185
3 0.6799307958477508 0.6625 0.13494809688581316 0.165
3 0.2370242214532872 0.24 0.10034602076124567 0.14
3 0.16608996539792387 0.34 0.11764705882352941 0.17
3 0.34256055363321797 0.1925 0.1314878892733564 0.165
3 0.7197231833910035 0.4975 0.1453287197231834 0.175
3 0.4740484429065744 0.1925 0.1245674740484429 0.175
3 0.08131487889273356 0.6475 0.12802768166089964 0.175
3 0.7802768166089965 0.7825 0.14878892733564014 0.235
