3 0.5181818181818182 0.09016393442622951 0.06909090909090909 0.10382513661202186
3 0.4163636363636364 0.6475409836065574 0.06909090909090909 0.09289617486338798
3 0.5327272727272727 0.825136612021858 0.06909090909090909 0.07650273224043716
3 0.72 0.6475409836065574 0.07272727272727272 0.08196721311475409
3 0.3890909090909091 0.5683060109289617 0.06545454545454546 0.08743169398907104
3 0.7290909090909091 0.12021857923497267 0.05454545454545454 0.1092896174863388
3 0.7636363636363637 0.3770491803278688 0.08727272727272728 0.13114754098360656
3 0.7327272727272728 0.5792349726775956 0.07636363636363637 0.08743169398907104
3 0.5890909090909091 0.09562841530054644 0.07272727272727272 0.10382513661202186
3 0.6636363636363637 0.7896174863387978 0.06181818181818182 0.08196721311475409
3 0.6018181818181818 0.825136612021858 0.06909090909090909 0.08743169398907104
3 0.48 0.7841530054644809 0.06545454545454546 0.08196721311475409
3 0.4618181818181818 0.11202185792349727 0.05818181818181818 0.10382513661202186
3 0.43636363636363634 0.7349726775956285 0.06545454545454546 0.09289617486338798
3 0.6981818181818182 0.73224043715847 0.06545454545454546 0.09836065573770492
3 0.6636363636363637 0.1092896174863388 0.07636363636363637 0.1092896174863388
