3 0.1310344827586207 0.5575 0.09655172413793103 0.215
0 0.11379310344827587 0.3625 0.020689655172413793 0.025
3 0.8931034482758621 0.3375 0.06206896551724138 0.205
3 0.4017241379310345 0.6125 0.11379310344827587 0.215
3 0.8310344827586207 0.5675 0.1103448275862069 0.205
3 0.1310344827586207 0.2725 0.08275862068965517 0.295
3 0.22241379310344828 0.32 0.11379310344827587 0.29
3 0.8948275862068965 0.5425 0.09310344827586207 0.185
3 0.6275862068965518 0.6 0.1103448275862069 0.25
3 0.7310344827586207 0.5975 0.09655172413793103 0.245
3 0.8155172413793104 0.3325 0.1 0.275
3 0.3603448275862069 0.3675 0.18275862068965518 0.315
3 0.7017241379310345 0.3575 0.13448275862068965 0.265
3 0.2913793103448276 0.59 0.10689655172413794 0.26
3 0.5448275862068965 0.3675 0.18620689655172415 0.315
3 0.9431034482758621 0.315 0.04482758620689655 0.19
3 0.5155172413793103 0.6225 0.11379310344827587 0.215
3 0.20517241379310344 0.575 0.08620689655172414 0.24
