3 0.7145522388059702 0.523936170212766 0.12313432835820895 0.17553191489361702
3 0.34328358208955223 0.5824468085106383 0.08955223880597014 0.09042553191489362
3 0.23134328358208955 0.42021276595744683 0.13432835820895522 0.23404255319148937
3 0.23880597014925373 0.5691489361702128 0.11940298507462686 0.1276595744680851
3 0.5802238805970149 0.5398936170212766 0.11567164179104478 0.15425531914893617
3 0.11380597014925373 0.43882978723404253 0.10820895522388059 0.22872340425531915
3 0.47201492537313433 0.5372340425531915 0.10074626865671642 0.1595744680851064
3 0.6231343283582089 0.4148936170212766 0.1865671641791045 0.26595744680851063
3 0.3880597014925373 0.43351063829787234 0.1791044776119403 0.26063829787234044
3 0.8376865671641791 0.5 0.11567164179104478 0.13829787234042554
3 0.7779850746268657 0.40691489361702127 0.12313432835820895 0.19680851063829788
