0 0.565 0.6279761904761905 0.01 0.017857142857142856
0 0.52 0.46726190476190477 0.02 0.041666666666666664
0 0.26166666666666666 0.44047619047619047 0.043333333333333335 0.05952380952380952
0 0.4166666666666667 0.47023809523809523 0.013333333333333334 0.023809523809523808
0 0.37666666666666665 0.47023809523809523 0.013333333333333334 0.023809523809523808
0 0.285 0.6934523809523809 0.07666666666666666 0.05357142857142857
3 0.6233333333333333 0.5803571428571429 0.2866666666666667 0.6964285714285714
3 0.8766666666666667 0.6398809523809523 0.24 0.6130952380952381
3 0.37833333333333335 0.46726190476190477 0.30333333333333334 0.5416666666666666
1 0.575 0.8303571428571429 0.17 0.1488095238095238
0 0.6966666666666667 0.6279761904761905 0.03333333333333333 0.08928571428571429
0 0.6583333333333333 0.5714285714285714 0.016666666666666666 0.023809523809523808
