3 0.8412698412698413 0.31666666666666665 0.1984126984126984 0.4
3 0.5555555555555556 0.7194444444444444 0.15873015873015872 0.3611111111111111
3 0.1111111111111111 0.34444444444444444 0.2222222222222222 0.4
3 0.7420634920634921 0.7 0.20634920634920634 0.3888888888888889
3 0.6428571428571429 0.3194444444444444 0.2857142857142857 0.45
3 0.1984126984126984 0.7277777777777777 0.19047619047619047 0.4222222222222222
3 0.8988095238095238 0.7027777777777777 0.17063492063492064 0.39444444444444443
3 0.9603174603174603 0.33611111111111114 0.07142857142857142 0.4388888888888889
3 0.3531746031746032 0.30833333333333335 0.2777777777777778 0.49444444444444446
3 0.38492063492063494 0.725 0.18253968253968253 0.35
