3 0.7945454545454546 0.6065573770491803 0.11272727272727273 0.16393442622950818
3 0.49454545454545457 0.8879781420765027 0.08727272727272728 0.12568306010928962
3 0.25636363636363635 0.674863387978142 0.11272727272727273 0.18032786885245902
0 0.8290909090909091 0.4672131147540984 0.12363636363636364 0.16939890710382513
3 0.5836363636363636 0.8661202185792349 0.08363636363636363 0.11475409836065574
3 0.1690909090909091 0.3743169398907104 0.15636363636363637 0.21311475409836064
3 0.8563636363636363 0.2896174863387978 0.15636363636363637 0.20765027322404372
3 0.6672727272727272 0.8333333333333334 0.08363636363636363 0.1366120218579235
3 0.11090909090909092 0.19672131147540983 0.13454545454545455 0.20765027322404372
3 0.4090909090909091 0.8688524590163934 0.08363636363636363 0.14207650273224043
3 0.32727272727272727 0.7868852459016393 0.08727272727272728 0.15300546448087432
3 0.20727272727272728 0.5573770491803278 0.13090909090909092 0.17486338797814208
3 0.8872727272727273 0.10655737704918032 0.14545454545454545 0.21311475409836064
3 0.74 0.7349726775956285 0.09090909090909091 0.16939890710382513
