3 0.6262538580246914 0.7537615740740741 0.08661265432098765 0.14525462962962962
0 0.49209104938271603 0.44777199074074076 0.015817901234567902 0.010127314814814815
1 0.8678626543209876 0.3538773148148148 0.04976851851851852 0.05439814814814815
3 0.8405671296296297 0.44936342592592593 0.10474537037037036 0.24710648148148148
3 0.44666280864197533 0.6708622685185185 0.11863425925925926 0.09577546296296297
0 0.7679398148148148 0.4678819444444444 0.018518518518518517 0.045717592592592594
3 0.43586033950617287 0.4552951388888889 0.05806327160493827 0.1814236111111111
3 0.9457947530864198 0.4263599537037037 0.1076388888888889 0.24623842592592593
3 0.5592206790123457 0.7346643518518519 0.0798611111111111 0.1550925925925926
3 0.49054783950617287 0.7275752314814815 0.06481481481481481 0.12123842592592593
3 0.5135995370370371 0.45804398148148145 0.1097608024691358 0.16550925925925927
1 0.8123070987654321 0.4934895833333333 0.031635802469135804 0.07262731481481481
3 0.8645833333333334 0.7337962962962963 0.1099537037037037 0.11284722222222222
1 0.4464699074074074 0.6549479166666666 0.09510030864197531 0.06684027777777778
3 0.761670524691358 0.7488425925925926 0.09780092592592593 0.13136574074074073
1 0.44328703703703703 0.6906828703703703 0.053626543209876545 0.061921296296296294
0 0.8091242283950617 0.4765625 0.015239197530864198 0.015625
3 0.4468557098765432 0.7083333333333334 0.05960648148148148 0.0943287037037037
0 0.5118634259259259 0.44343171296296297 0.013310185185185185 0.011863425925925927
0 0.5183256172839507 0.4622395833333333 0.010030864197530864 0.015335648148148149
1 0.5012538580246914 0.4837962962962963 0.05652006172839506 0.09722222222222222
3 0.7091049382716049 0.4544270833333333 0.1396604938271605 0.19994212962962962
