3 0.7123834886817576 0.576 0.08255659121171771 0.212
3 0.8428761651131824 0.563 0.06125166444740346 0.126
3 0.19573901464713714 0.575 0.06657789613848203 0.194
3 0.6711051930758988 0.412 0.1118508655126498 0.2
3 0.7882822902796272 0.571 0.07190412782956059 0.158
3 0.4367509986684421 0.586 0.09587217043941411 0.2
3 0.8861517976031957 0.546 0.05193075898801598 0.092
3 0.20905459387483355 0.414 0.07723035952063914 0.204
3 0.5312916111850865 0.574 0.09320905459387484 0.18
3 0.8402130492676432 0.431 0.06391478029294274 0.182
3 0.2989347536617843 0.412 0.1051930758988016 0.212
3 0.5512649800266312 0.365 0.14380825565912117 0.262
3 0.3488681757656458 0.586 0.09587217043941411 0.192
3 0.41211717709720375 0.375 0.13715046604527298 0.254
3 0.7723035952063915 0.409 0.09587217043941411 0.246
3 0.26764314247669774 0.581 0.08788282290279627 0.21
3 0.6238348868175766 0.575 0.09454061251664447 0.194
3 0.8828229027962716 0.446 0.045272969374167776 0.132
3 0.1484687083888149 0.419 0.05725699067909454 0.186
