3 0.7824561403508772 0.4322033898305085 0.11929824561403508 0.2655367231638418
3 0.9228070175438596 0.2514124293785311 0.056140350877192984 0.22033898305084745
3 0.4473684210526316 0.6440677966101694 0.12280701754385964 0.2598870056497175
3 0.3701754385964912 0.4604519774011299 0.1368421052631579 0.1977401129943503
3 0.12631578947368421 0.4350282485875706 0.13333333333333333 0.14689265536723164
3 0.5157894736842106 0.4350282485875706 0.11929824561403508 0.21468926553672316
3 0.10877192982456141 0.5451977401129944 0.1543859649122807 0.1638418079096045
3 0.656140350877193 0.4265536723163842 0.13333333333333333 0.2768361581920904
3 0.7298245614035088 0.652542372881356 0.07017543859649122 0.22033898305084745
3 0.3298245614035088 0.6242937853107344 0.11228070175438597 0.1977401129943503
3 0.5614035087719298 0.6610169491525424 0.10526315789473684 0.22598870056497175
3 0.22105263157894736 0.5932203389830508 0.11228070175438597 0.14689265536723164
3 0.6543859649122807 0.6638418079096046 0.08070175438596491 0.20903954802259886
3 0.7947368421052632 0.6610169491525424 0.05964912280701754 0.192090395480226
3 0.45263157894736844 0.2909604519774011 0.12631578947368421 0.2542372881355932
3 0.24736842105263157 0.4576271186440678 0.11578947368421053 0.1694915254237288
