3 0.41818181818181815 0.42391304347826086 0.12363636363636364 0.31521739130434784
3 0.6272727272727273 0.4483695652173913 0.09818181818181818 0.29891304347826086
3 0.17272727272727273 0.421195652173913 0.06181818181818182 0.24456521739130435
3 0.5672727272727273 0.6847826086956522 0.08727272727272728 0.21739130434782608
3 0.2727272727272727 0.654891304347826 0.08727272727272728 0.27717391304347827
3 0.8472727272727273 0.5869565217391305 0.04363636363636364 0.13043478260869565
3 0.3472727272727273 0.6847826086956522 0.09090909090909091 0.2826086956521739
3 0.7018181818181818 0.328804347826087 0.12363636363636364 0.28804347826086957
3 0.6436363636363637 0.7065217391304348 0.11636363636363636 0.30434782608695654
3 0.7418181818181818 0.6684782608695652 0.08 0.22826086956521738
3 0.42 0.6875 0.06909090909090909 0.24456521739130435
3 0.15818181818181817 0.6358695652173914 0.06181818181818182 0.1956521739130435
3 0.33090909090909093 0.41847826086956524 0.09454545454545454 0.2608695652173913
3 0.2109090909090909 0.6413043478260869 0.06545454545454546 0.1956521739130435
3 0.7181818181818181 0.5163043478260869 0.08363636363636363 0.13043478260869565
3 0.11818181818181818 0.6059782608695652 0.05454545454545454 0.16847826086956522
3 0.8036363636363636 0.6222826086956522 0.07272727272727272 0.1793478260869565
3 0.8254545454545454 0.44021739130434784 0.06545454545454546 0.18478260869565216
3 0.49272727272727274 0.6603260869565217 0.06909090909090909 0.21195652173913043
3 0.7836363636363637 0.4592391304347826 0.05454545454545454 0.1793478260869565
3 0.10727272727272727 0.4076086956521739 0.06909090909090909 0.20652173913043478
3 0.1290909090909091 0.45652173913043476 0.04 0.17391304347826086
3 0.24181818181818182 0.42391304347826086 0.11272727272727273 0.2717391304347826
3 0.5381818181818182 0.4483695652173913 0.12363636363636364 0.29891304347826086
