3 0.096 0.36944444444444446 0.136 0.29444444444444445
3 0.32 0.6166666666666667 0.112 0.3111111111111111
3 0.864 0.39444444444444443 0.112 0.2222222222222222
3 0.222 0.41944444444444445 0.148 0.2833333333333333
3 0.624 0.6333333333333333 0.12 0.2777777777777778
3 0.394 0.42777777777777776 0.188 0.4
3 0.078 0.65 0.156 0.3
3 0.43 0.6916666666666667 0.108 0.17222222222222222
3 0.572 0.425 0.184 0.37222222222222223
3 0.72 0.28888888888888886 0.184 0.34444444444444444
0 0.682 0.6861111111111111 0.02 0.03888888888888889
3 0.202 0.6305555555555555 0.14 0.2388888888888889
0 0.874 0.5527777777777778 0.028 0.03888888888888889
3 0.748 0.6166666666666667 0.136 0.23333333333333334
3 0.524 0.6472222222222223 0.08 0.20555555555555555
