3 0.32666666666666666 0.5833333333333334 0.1111111111111111 0.25
3 0.8 0.5625 0.08888888888888889 0.20833333333333334
3 0.2222222222222222 0.5625 0.09777777777777778 0.20833333333333334
3 0.5755555555555556 0.6180555555555556 0.12 0.2638888888888889
3 0.4111111111111111 0.3784722222222222 0.18222222222222223 0.2569444444444444
3 0.08 0.4479166666666667 0.06222222222222222 0.13194444444444445
3 0.1511111111111111 0.4375 0.08888888888888889 0.16666666666666666
3 0.24888888888888888 0.3819444444444444 0.1511111111111111 0.20833333333333334
3 0.4488888888888889 0.6215277777777778 0.12444444444444444 0.2847222222222222
3 0.6066666666666667 0.3715277777777778 0.17333333333333334 0.2569444444444444
3 0.9244444444444444 0.4236111111111111 0.06222222222222222 0.1388888888888889
3 0.86 0.4305555555555556 0.07555555555555556 0.19444444444444445
3 0.7622222222222222 0.3680555555555556 0.1288888888888889 0.2222222222222222
3 0.6933333333333334 0.5763888888888888 0.11555555555555555 0.2361111111111111
