3 0.3418181818181818 0.30327868852459017 0.2909090909090909 0.3442622950819672
3 0.5254545454545455 0.7213114754098361 0.18545454545454546 0.33879781420765026
3 0.6218181818181818 0.3087431693989071 0.28363636363636363 0.3442622950819672
3 0.6945454545454546 0.7021857923497268 0.16727272727272727 0.3551912568306011
3 0.2381818181818182 0.6666666666666666 0.16363636363636364 0.34972677595628415
3 0.07818181818181819 0.5983606557377049 0.15636363636363637 0.3879781420765027
3 0.11636363636363636 0.2568306010928962 0.16727272727272727 0.36065573770491804
3 0.38727272727272727 0.6366120218579235 0.1781818181818182 0.3333333333333333
3 0.8472727272727273 0.2568306010928962 0.17454545454545456 0.32786885245901637
3 0.9218181818181819 0.5300546448087432 0.12 0.30601092896174864
2 0.5854545454545454 0.46174863387978143 0.10181818181818182 0.0273224043715847
3 0.8072727272727273 0.639344262295082 0.14545454545454545 0.44808743169398907
