3 0.52647412755716 0.871 0.07340553549939831 0.198
3 0.585439229843562 0.84 0.07099879663056559 0.172
3 0.4500601684717208 0.853 0.08664259927797834 0.23
3 0.7695547533092659 0.57 0.09265944645006016 0.18
3 0.4043321299638989 0.559 0.07220216606498195 0.154
3 0.48736462093862815 0.555 0.09626955475330927 0.19
3 0.6425992779783394 0.881 0.06979542719614922 0.178
3 0.7129963898916968 0.89 0.03730445246690734 0.18
3 0.6708784596871239 0.549 0.10469314079422383 0.182
3 0.3423586040914561 0.837 0.09025270758122744 0.134
3 0.6841155234657039 0.891 0.07099879663056559 0.166
3 0.8297232250300842 0.586 0.044524669073405534 0.176
