3 0.8412408759124088 0.09510869565217392 0.14233576642335766 0.19021739130434784
3 0.6332116788321168 0.8043478260869565 0.06934306569343066 0.10869565217391304
3 0.7043795620437956 0.7527173913043478 0.08029197080291971 0.10326086956521739
3 0.32116788321167883 0.7663043478260869 0.08759124087591241 0.11956521739130435
3 0.5602189781021898 0.8260869565217391 0.07664233576642336 0.08695652173913043
3 0.2737226277372263 0.6521739130434783 0.0948905109489051 0.15217391304347827
3 0.19525547445255476 0.3342391304347826 0.14963503649635038 0.23369565217391305
3 0.23905109489051096 0.5135869565217391 0.10583941605839416 0.15760869565217392
3 0.17153284671532848 0.11956521739130435 0.15328467153284672 0.20652173913043478
3 0.7664233576642335 0.4891304347826087 0.10948905109489052 0.16304347826086957
3 0.801094890510949 0.30434782608695654 0.14233576642335766 0.2391304347826087
3 0.7591240875912408 0.6385869565217391 0.10218978102189781 0.14673913043478262
3 0.3978102189781022 0.8206521739130435 0.08759124087591241 0.10869565217391304
3 0.47992700729927007 0.8342391304347826 0.07664233576642336 0.10326086956521739
