0 0.5534420289855072 0.5768292682926829 0.030797101449275364 0.03170731707317073
3 0.14583333333333334 0.6902439024390243 0.09239130434782608 0.12195121951219512
3 0.5452898550724637 0.6829268292682927 0.08333333333333333 0.11707317073170732
3 0.12681159420289856 0.55 0.11231884057971014 0.13902439024390245
3 0.5932971014492754 0.4817073170731707 0.125 0.16341463414634147
0 0.21557971014492755 0.7792682926829269 0.014492753623188406 0.012195121951219513
3 0.5896739130434783 0.6134146341463415 0.11413043478260869 0.12926829268292683
3 0.2056159420289855 0.7365853658536585 0.09601449275362318 0.12195121951219512
0 0.11775362318840579 0.5317073170731708 0.07971014492753623 0.06829268292682927
1 0.6014492753623188 0.4682926829268293 0.09420289855072464 0.08780487804878048
