3 0.6915833333333333 0.524482109227872 0.07816666666666666 0.19720204465967178
3 0.6193333333333333 0.5242130750605327 0.089 0.17890772128060264
3 0.6798333333333333 0.30158730158730157 0.08433333333333333 0.2324455205811138
3 0.43525 0.32701103040086094 0.14016666666666666 0.24670433145009416
3 0.3586666666666667 0.5067258541834813 0.09 0.1487758945386064
3 0.57175 0.32001614205004036 0.13916666666666666 0.26338444982512776
3 0.32008333333333333 0.31019639494215767 0.09683333333333333 0.2060801721818671
3 0.5341666666666667 0.5302663438256658 0.091 0.17756255044390637
3 0.28791666666666665 0.4974441754102771 0.07916666666666666 0.16088243206887276
3 0.4488333333333333 0.5264998654829164 0.09033333333333333 0.15765402206080173
