3 0.2445054945054945 0.5475 0.027472527472527472 0.085
3 0.33379120879120877 0.545 0.04120879120879121 0.08
3 0.23763736263736263 0.4325 0.04120879120879121 0.095
3 0.49862637362637363 0.4425 0.0521978021978022 0.095
3 0.3708791208791209 0.53 0.038461538461538464 0.07
3 0.45604395604395603 0.4725 0.04945054945054945 0.075
3 0.3942307692307692 0.38 0.057692307692307696 0.09
3 0.2815934065934066 0.4225 0.06868131868131869 0.125
3 0.4052197802197802 0.5025 0.04120879120879121 0.075
3 0.3021978021978022 0.55 0.04395604395604396 0.08
3 0.2733516483516483 0.555 0.03571428571428571 0.1
3 0.3434065934065934 0.4025 0.06593406593406594 0.125
