3 0.7593091621754042 0.5731232294617564 0.08451739343459089 0.1448300283286119
3 0.37702106810387065 0.6458923512747875 0.07839294463498285 0.1388101983002833
3 0.31589906908378246 0.6081798866855525 0.05463008329250368 0.15474504249291784
3 0.6193042626163645 0.6589943342776204 0.09211170994610485 0.15509915014164305
3 0.40752082312591864 0.3868626062322946 0.12861342479176874 0.25106232294617564
3 0.3133268005879471 0.37305240793201133 0.07643312101910828 0.21777620396600567
3 0.2518373346398824 0.3562322946175637 0.05732484076433121 0.23087818696883852
3 0.3035276825085742 0.5516997167138811 0.08378245957863792 0.15155807365439095
3 0.5308672219500244 0.6620042492917847 0.08623223909848114 0.14978753541076487
3 0.7029642332190102 0.6296033994334278 0.08304752572268496 0.15722379603399433
3 0.6613179813816756 0.3967776203966006 0.09872611464968153 0.21211048158640228
3 0.45124938755512006 0.6637747875354107 0.08427241548260657 0.14341359773371104
3 0.8207986281234689 0.3909348441926346 0.06638902498775111 0.1558073654390935
3 0.7547770700636943 0.38332152974504247 0.09554140127388536 0.23477337110481586
3 0.5445859872611465 0.403328611898017 0.14698677119059284 0.24504249291784702
