3 0.44787644787644787 0.6237113402061856 0.14671814671814673 0.26804123711340205
3 0.6988416988416989 0.44329896907216493 0.16988416988416988 0.36082474226804123
3 0.7702702702702703 0.6907216494845361 0.07335907335907337 0.16494845360824742
3 0.8397683397683398 0.45103092783505155 0.11969111969111969 0.33505154639175255
3 0.10617760617760617 0.44587628865979384 0.13513513513513514 0.211340206185567
3 0.6853281853281853 0.6907216494845361 0.08108108108108109 0.17525773195876287
3 0.8301158301158301 0.6829896907216495 0.04633204633204633 0.13917525773195877
3 0.15637065637065636 0.5902061855670103 0.14285714285714285 0.17010309278350516
3 0.5540540540540541 0.422680412371134 0.11196911196911197 0.26804123711340205
3 0.39768339768339767 0.43556701030927836 0.1776061776061776 0.30412371134020616
3 0.29922779922779924 0.6030927835051546 0.15057915057915058 0.2268041237113402
3 0.23938223938223938 0.45103092783505155 0.14671814671814673 0.25257731958762886
3 0.583011583011583 0.6365979381443299 0.11583011583011583 0.23195876288659795
