3 0.47454545454545455 0.5519125683060109 0.07636363636363637 0.14207650273224043
3 0.3927272727272727 0.546448087431694 0.09454545454545454 0.20765027322404372
3 0.6018181818181818 0.38524590163934425 0.12727272727272726 0.23497267759562843
3 0.7127272727272728 0.5273224043715847 0.07272727272727272 0.1912568306010929
3 0.45636363636363636 0.39344262295081966 0.12727272727272726 0.24043715846994534
3 0.7854545454545454 0.39344262295081966 0.08 0.18579234972677597
3 0.5490909090909091 0.5382513661202186 0.08 0.16939890710382513
3 0.3563636363636364 0.3989071038251366 0.08 0.15300546448087432
3 0.6981818181818182 0.366120218579235 0.07272727272727272 0.17486338797814208
3 0.2909090909090909 0.42896174863387976 0.10181818181818182 0.15846994535519127
3 0.32 0.5573770491803278 0.06545454545454546 0.16393442622950818
3 0.24181818181818182 0.5710382513661202 0.09818181818181818 0.15846994535519127
3 0.6363636363636364 0.5355191256830601 0.08727272727272728 0.16393442622950818
3 0.16 0.5765027322404371 0.10909090909090909 0.15846994535519127
