3 0.44363636363636366 0.6284153005464481 0.10909090909090909 0.20765027322404372
3 0.7945454545454546 0.6557377049180327 0.06181818181818182 0.18579234972677597
3 0.7363636363636363 0.6530054644808743 0.08363636363636363 0.18032786885245902
3 0.3418181818181818 0.3551912568306011 0.13090909090909092 0.2185792349726776
3 0.5527272727272727 0.6530054644808743 0.10181818181818182 0.16939890710382513
3 0.22545454545454546 0.592896174863388 0.10909090909090909 0.20218579234972678
3 0.7272727272727273 0.3251366120218579 0.16 0.20218579234972678
3 0.14181818181818182 0.5819672131147541 0.08727272727272728 0.15846994535519127
3 0.5509090909090909 0.3360655737704918 0.1709090909090909 0.1912568306010929
3 0.22 0.3633879781420765 0.12 0.23497267759562843
3 0.3290909090909091 0.6202185792349727 0.11272727272727273 0.23497267759562843
3 0.9127272727272727 0.319672131147541 0.05818181818181818 0.18032786885245902
3 0.10727272727272727 0.366120218579235 0.11272727272727273 0.22950819672131148
3 0.8436363636363636 0.3087431693989071 0.08727272727272728 0.1912568306010929
3 0.6527272727272727 0.6502732240437158 0.09090909090909091 0.17486338797814208
