3 0.3894927536231884 0.3989071038251366 0.19202898550724637 0.33879781420765026
3 0.24456521739130435 0.4180327868852459 0.13405797101449277 0.2786885245901639
3 0.7373188405797102 0.42349726775956287 0.14855072463768115 0.2896174863387978
3 0.9130434782608695 0.6502732240437158 0.10144927536231885 0.19672131147540983
3 0.8677536231884058 0.4371584699453552 0.11956521739130435 0.26229508196721313
3 0.32608695652173914 0.6912568306010929 0.13043478260869565 0.2786885245901639
3 0.8152173913043478 0.6721311475409836 0.12318840579710146 0.273224043715847
3 0.10144927536231885 0.5792349726775956 0.11594202898550725 0.20765027322404372
3 0.572463768115942 0.7185792349726776 0.12318840579710146 0.2896174863387978
3 0.6992753623188406 0.7103825136612022 0.11594202898550725 0.28415300546448086
3 0.10144927536231885 0.3360655737704918 0.13768115942028986 0.3333333333333333
3 0.5760869565217391 0.39617486338797814 0.18840579710144928 0.3442622950819672
3 0.19927536231884058 0.6612021857923497 0.12318840579710146 0.28415300546448086
3 0.45108695652173914 0.7131147540983607 0.11956521739130435 0.2786885245901639
