3 0.7064348952709998 0.5937803692905733 0.09565968473331894 0.20343375445416262
3 0.621032174476355 0.5851959831551669 0.0703951630317426 0.16747651441528993
3 0.33869574605916647 0.4193391642371234 0.10084215072338588 0.23809523809523808
3 0.8282228460375729 0.5711046323291221 0.05679118980781689 0.14901198574667962
3 0.4763549989203196 0.6044703595724004 0.0665083135391924 0.10754778101716878
3 0.25253724897430363 0.41966310333657275 0.08745411358237962 0.2542921930677033
3 0.44957892463830706 0.4369938451571105 0.13085726624919025 0.27016520894071916
3 0.7815806521269704 0.5816326530612245 0.06586050529043404 0.155814706835115
3 0.32455193262794213 0.6047942986718496 0.10408119196717772 0.20537738905085845
3 0.5794644785143598 0.41431810819565923 0.13409630749298207 0.2747003563330094
3 0.5451306413301663 0.6046323291221251 0.08183977542647376 0.155814706835115
3 0.8676311811703735 0.4272756721736314 0.03757287842798532 0.16391318432134758
3 0.19272295400561434 0.4433106575963719 0.04858561865687756 0.192095885973437
3 0.7733750809760311 0.4021703919663103 0.09479594040164112 0.25170068027210885
3 0.25026992010364935 0.593942338840298 0.05614338155905852 0.1480401684483317
3 0.40466421939106023 0.5845481049562682 0.05398402072986396 0.13249109167476514
3 0.8350248326495358 0.41820537738905084 0.04707406607644137 0.184645286686103
3 0.6902396890520406 0.398607061872368 0.09177283524076874 0.23420796890184645
