0 0.3 0.46174863387978143 0.01818181818181818 0.0273224043715847
0 0.36 0.412568306010929 0.014545454545454545 0.03825136612021858
3 0.5709090909090909 0.505464480874317 0.24727272727272728 0.4207650273224044
0 0.5436363636363636 0.546448087431694 0.025454545454545455 0.13114754098360656
1 0.5836363636363636 0.5027322404371585 0.20727272727272728 0.36065573770491804
0 0.7545454545454545 0.5300546448087432 0.05454545454545454 0.03278688524590164
0 0.9418181818181818 0.6338797814207651 0.007272727272727273 0.02185792349726776
3 0.7763636363636364 0.5109289617486339 0.1781818181818182 0.3442622950819672
3 0.37636363636363634 0.4562841530054645 0.24363636363636362 0.3989071038251366
3 0.12545454545454546 0.4672131147540984 0.025454545454545455 0.060109289617486336
3 0.16363636363636364 0.4726775956284153 0.23272727272727273 0.3879781420765027
3 0.9181818181818182 0.5765027322404371 0.15636363636363637 0.366120218579235
