3 0.3532818532818533 0.5721649484536082 0.09652509652509653 0.16494845360824742
3 0.7895752895752896 0.4329896907216495 0.09652509652509653 0.18556701030927836
3 0.44015444015444016 0.6005154639175257 0.08494208494208494 0.12886597938144329
3 0.4305019305019305 0.4381443298969072 0.14285714285714285 0.1958762886597938
3 0.30694980694980695 0.4329896907216495 0.10424710424710425 0.17525773195876287
3 0.528957528957529 0.5798969072164949 0.08494208494208494 0.15979381443298968
3 0.6196911196911197 0.5721649484536082 0.09652509652509653 0.17525773195876287
3 0.7084942084942085 0.5747422680412371 0.08108108108108109 0.13917525773195877
3 0.20656370656370657 0.43041237113402064 0.09652509652509653 0.15979381443298968
3 0.7895752895752896 0.5567010309278351 0.0888030888030888 0.12371134020618557
3 0.2702702702702703 0.5567010309278351 0.0694980694980695 0.15463917525773196
3 0.20270270270270271 0.5438144329896907 0.08108108108108109 0.10824742268041238
3 0.693050193050193 0.4381443298969072 0.10424710424710425 0.17525773195876287
3 0.5694980694980695 0.4381443298969072 0.14285714285714285 0.1958762886597938
