3 0.5872727272727273 0.5983606557377049 0.06909090909090909 0.15846994535519127
3 0.37636363636363634 0.5027322404371585 0.06909090909090909 0.14207650273224043
3 0.2872727272727273 0.4562841530054645 0.10909090909090909 0.21311475409836064
3 0.4690909090909091 0.43169398907103823 0.13090909090909092 0.22950819672131148
3 0.36363636363636365 0.6092896174863388 0.08727272727272728 0.16939890710382513
3 0.44 0.6038251366120219 0.08 0.16939890710382513
3 0.3109090909090909 0.5737704918032787 0.06909090909090909 0.14207650273224043
3 0.7963636363636364 0.4371584699453552 0.06545454545454546 0.18579234972677597
3 0.5163636363636364 0.5983606557377049 0.07272727272727272 0.16939890710382513
3 0.6672727272727272 0.587431693989071 0.09090909090909091 0.18032786885245902
3 0.8418181818181818 0.4426229508196721 0.04 0.14207650273224043
3 0.7490909090909091 0.5819672131147541 0.06545454545454546 0.16939890710382513
3 0.8618181818181818 0.5628415300546448 0.08 0.12021857923497267
3 0.6 0.4180327868852459 0.13090909090909092 0.22404371584699453
3 0.8 0.5546448087431693 0.06545454545454546 0.11475409836065574
3 0.7163636363636363 0.4262295081967213 0.10181818181818182 0.16393442622950818
