3 0.5109090909090909 0.5710382513661202 0.09090909090909091 0.14754098360655737
3 0.7072727272727273 0.5710382513661202 0.04727272727272727 0.16939890710382513
3 0.7472727272727273 0.412568306010929 0.11272727272727273 0.21311475409836064
3 0.21272727272727274 0.5601092896174863 0.14181818181818182 0.11475409836065574
3 0.38727272727272727 0.4562841530054645 0.10545454545454545 0.14754098360655737
3 0.41454545454545455 0.5765027322404371 0.09454545454545454 0.15846994535519127
3 0.6327272727272727 0.42349726775956287 0.10909090909090909 0.20218579234972678
3 0.66 0.592896174863388 0.04727272727272727 0.14754098360655737
3 0.7490909090909091 0.5792349726775956 0.04363636363636364 0.15300546448087432
3 0.509090909090909 0.4426229508196721 0.10181818181818182 0.16393442622950818
3 0.3236363636363636 0.5655737704918032 0.09454545454545454 0.10382513661202186
3 0.5981818181818181 0.5683060109289617 0.08363636363636363 0.17486338797814208
3 0.19272727272727272 0.45081967213114754 0.12363636363636364 0.12568306010928962
3 0.2927272727272727 0.4781420765027322 0.09090909090909091 0.10382513661202186
