3 0.8909090909090909 0.6092896174863388 0.10181818181818182 0.18032786885245902
3 0.35454545454545455 0.6311475409836066 0.09090909090909091 0.21311475409836064
3 0.5636363636363636 0.6311475409836066 0.10181818181818182 0.22404371584699453
3 0.19818181818181818 0.40710382513661203 0.08363636363636363 0.2786885245901639
3 0.7836363636363637 0.6284153005464481 0.11272727272727273 0.20765027322404372
3 0.6054545454545455 0.43169398907103823 0.16363636363636364 0.273224043715847
3 0.4581818181818182 0.644808743169399 0.10181818181818182 0.17486338797814208
3 0.17454545454545456 0.6229508196721312 0.08727272727272728 0.19672131147540983
3 0.6709090909090909 0.6338797814207651 0.10545454545454545 0.19672131147540983
3 0.3 0.4426229508196721 0.12 0.25136612021857924
3 0.9618181818181818 0.4371584699453552 0.06909090909090909 0.25136612021857924
3 0.10181818181818182 0.6174863387978142 0.05818181818181818 0.13114754098360656
3 0.7545454545454545 0.4262295081967213 0.12727272727272726 0.22950819672131148
3 0.4381818181818182 0.42896174863387976 0.16363636363636364 0.2786885245901639
3 0.8709090909090909 0.4207650273224044 0.12 0.28415300546448086
3 0.2636363636363636 0.6475409836065574 0.09090909090909091 0.23497267759562843
3 0.12 0.43989071038251365 0.08 0.2459016393442623
