3 0.08876811594202899 0.4562841530054645 0.12681159420289856 0.3879781420765027
3 0.40942028985507245 0.726775956284153 0.10869565217391304 0.15300546448087432
3 0.8913043478260869 0.4918032786885246 0.14492753623188406 0.34972677595628415
3 0.7481884057971014 0.7459016393442623 0.11231884057971014 0.20218579234972678
3 0.161231884057971 0.7404371584699454 0.12681159420289856 0.2677595628415301
3 0.2898550724637681 0.7295081967213115 0.12318840579710146 0.22404371584699453
3 0.5942028985507246 0.48360655737704916 0.21739130434782608 0.366120218579235
3 0.7572463768115942 0.5 0.13043478260869565 0.3442622950819672
3 0.05615942028985507 0.7049180327868853 0.11231884057971014 0.22950819672131148
3 0.21739130434782608 0.47540983606557374 0.14492753623188406 0.31693989071038253
3 0.6358695652173914 0.726775956284153 0.11956521739130435 0.20765027322404372
3 0.5235507246376812 0.7459016393442623 0.11231884057971014 0.22404371584699453
3 0.38768115942028986 0.48360655737704916 0.21014492753623187 0.366120218579235
3 0.8695652173913043 0.7213114754098361 0.13043478260869565 0.24043715846994534
