3 0.4399809840741621 0.4035043169121381 0.12170192536249108 0.31945149822244795
3 0.53090087948657 0.6198577958354494 0.08248157832184455 0.15388522092432708
3 0.21416686474922747 0.6196038598273235 0.07226051818397908 0.2468257998984256
3 0.8397908248157833 0.6076688674454037 0.061801758973140004 0.22397155916708988
3 0.6608034228666508 0.41188420518029456 0.07986688851913477 0.2722194007110208
3 0.7803660565723793 0.6051295073641443 0.07939149037318755 0.21584560690705942
3 0.3472783456144521 0.40248857287963435 0.07796529593534585 0.25444388014220415
3 0.7338958878060375 0.4159471813103098 0.08105538388400285 0.2803453529710513
3 0.5621583075826004 0.41467750126968006 0.1250297123841217 0.3174200101574403
3 0.8515569289279772 0.4022346368715084 0.05823627287853577 0.2254951752158456
3 0.2739481816020918 0.3971559167089893 0.08057998573805562 0.2813610970035551
3 0.2114333254100309 0.3862366683595734 0.05776087473258854 0.2686642965972575
3 0.1712621820774899 0.4128999492127984 0.04444972664606608 0.20619603859827323
3 0.2885666745899691 0.6358557643473844 0.08414547183265986 0.2854240731335703
3 0.6118374138340861 0.5970035551041137 0.07939149037318755 0.15286947689182326
3 0.16591395293558356 0.6185881157948198 0.056572379367720464 0.23768410360589132
3 0.8009270263845971 0.4062976130015236 0.06394105062990255 0.2681564245810056
3 0.3673639172807226 0.6063991874047739 0.08438317090563346 0.18181818181818182
3 0.4509151414309484 0.6241747079735906 0.07939149037318755 0.13712544438801422
3 0.6987164250059424 0.6160487557135602 0.09341573567863086 0.22041645505332655
