3 0.5616666666666666 0.4575 0.10333333333333333 0.165
3 0.6466666666666666 0.625 0.07333333333333333 0.13
3 0.745 0.51 0.05 0.1
3 0.505 0.6325 0.07 0.155
3 0.71 0.6375 0.06 0.085
3 0.6983333333333334 0.48 0.056666666666666664 0.14
3 0.46 0.47 0.1 0.16
3 0.37166666666666665 0.6275 0.056666666666666664 0.135
2 0.5633333333333334 0.51 0.1 0.06
3 0.3233333333333333 0.48 0.05333333333333334 0.12
3 0.37833333333333335 0.4725 0.06333333333333334 0.135
3 0.575 0.6275 0.07 0.135
3 0.32 0.625 0.06666666666666667 0.13
3 0.43333333333333335 0.63 0.06666666666666667 0.15
3 0.6416666666666667 0.47 0.06333333333333334 0.14
