3 0.6510416666666666 0.3742857142857143 0.1840277777777778 0.36
3 0.5225694444444444 0.76 0.15625 0.3314285714285714
3 0.671875 0.74 0.16319444444444445 0.37142857142857144
3 0.1857638888888889 0.7685714285714286 0.12152777777777778 0.28
3 0.8038194444444444 0.3742857142857143 0.13541666666666666 0.2914285714285714
3 0.13368055555555555 0.42 0.16319444444444445 0.42857142857142855
3 0.9166666666666666 0.3171428571428571 0.1111111111111111 0.3142857142857143
3 0.8125 0.7085714285714285 0.1388888888888889 0.34285714285714286
3 0.3923611111111111 0.7657142857142857 0.13194444444444445 0.29714285714285715
3 0.2864583333333333 0.7857142857142857 0.1423611111111111 0.3142857142857143
3 0.9305555555555556 0.68 0.13194444444444445 0.34285714285714286
3 0.4756944444444444 0.38857142857142857 0.16666666666666666 0.37714285714285717
3 0.2986111111111111 0.4142857142857143 0.2013888888888889 0.42857142857142855
