3 0.325 0.5933333333333334 0.1 0.16
3 0.5541666666666667 0.6066666666666667 0.11666666666666667 0.2
0 0.2 0.42 0.058333333333333334 0.09333333333333334
3 0.8875 0.48 0.09166666666666666 0.12
3 0.13541666666666666 0.4166666666666667 0.07083333333333333 0.12666666666666668
3 0.7541666666666667 0.5633333333333334 0.075 0.12666666666666668
3 0.2916666666666667 0.43666666666666665 0.13333333333333333 0.23333333333333334
3 0.7520833333333333 0.41333333333333333 0.1375 0.21333333333333335
3 0.6666666666666666 0.5866666666666667 0.10833333333333334 0.21333333333333335
3 0.2 0.43333333333333335 0.058333333333333334 0.12
3 0.44166666666666665 0.41333333333333333 0.18333333333333332 0.32
3 0.43333333333333335 0.6366666666666667 0.1 0.14
3 0.8208333333333333 0.47333333333333333 0.06666666666666667 0.12
0 0.8291666666666667 0.45666666666666667 0.041666666666666664 0.08666666666666667
3 0.23125 0.55 0.07083333333333333 0.15333333333333332
0 0.13125 0.4 0.0625 0.09333333333333334
3 0.6083333333333333 0.44666666666666666 0.15833333333333333 0.17333333333333334
0 0.9020833333333333 0.48333333333333334 0.05416666666666667 0.11333333333333333
