3 0.6879699248120301 0.385 0.3157894736842105 0.4
3 0.9229323308270677 0.305 0.14661654135338345 0.25
3 0.33458646616541354 0.43 0.3458646616541353 0.3
3 0.12593984962406016 0.825 0.19924812030075187 0.24
3 0.9154135338345865 0.8175 0.16165413533834586 0.315
3 0.32706766917293234 0.865 0.21052631578947367 0.2
0 0.32142857142857145 0.4475 0.011278195488721804 0.045
3 0.7368421052631579 0.8775 0.21052631578947367 0.235
3 0.08082706766917293 0.3625 0.16165413533834586 0.245
3 0.5281954887218046 0.89 0.21428571428571427 0.21
0 0.3308270676691729 0.5325 0.007518796992481203 0.035
