3 0.16075949367088607 0.4125 0.06835443037974684 0.205
3 0.7860759493670886 0.39 0.08354430379746836 0.18
3 0.30632911392405066 0.615 0.0810126582278481 0.19
3 0.3949367088607595 0.6 0.09113924050632911 0.25
3 0.22784810126582278 0.4025 0.06582278481012659 0.195
3 0.6670886075949367 0.565 0.08354430379746836 0.24
3 0.5784810126582278 0.4125 0.14936708860759493 0.175
3 0.4253164556962025 0.4275 0.13670886075949368 0.195
3 0.7 0.46 0.09873417721518987 0.27
3 0.7569620253164557 0.55 0.0810126582278481 0.2
3 0.48481012658227846 0.5825 0.09367088607594937 0.255
3 0.8582278481012658 0.3875 0.060759493670886074 0.215
3 0.8177215189873418 0.5175 0.060759493670886074 0.165
3 0.30632911392405066 0.4425 0.10126582278481013 0.225
3 0.5759493670886076 0.58 0.08860759493670886 0.25
3 0.23670886075949368 0.5575 0.08354430379746836 0.185
