3 0.6988416988416989 0.5592783505154639 0.09266409266409266 0.12886597938144329
3 0.8243243243243243 0.5335051546391752 0.04247104247104247 0.08762886597938144
3 0.277992277992278 0.5128865979381443 0.0694980694980695 0.11855670103092783
3 0.21235521235521235 0.4948453608247423 0.0694980694980695 0.08247422680412371
3 0.222007722007722 0.3943298969072165 0.08108108108108109 0.13917525773195877
3 0.1525096525096525 0.3865979381443299 0.05791505791505792 0.1134020618556701
3 0.44594594594594594 0.5309278350515464 0.07335907335907337 0.08247422680412371
3 0.8841698841698842 0.45618556701030927 0.05405405405405406 0.08762886597938144
3 0.7799227799227799 0.44072164948453607 0.0694980694980695 0.11855670103092783
3 0.6872586872586872 0.4329896907216495 0.12355212355212356 0.13402061855670103
3 0.36293436293436293 0.5103092783505154 0.07722007722007722 0.13402061855670103
3 0.8706563706563707 0.5360824742268041 0.05019305019305019 0.09278350515463918
3 0.3108108108108108 0.422680412371134 0.10424710424710425 0.12371134020618557
3 0.42857142857142855 0.44072164948453607 0.13127413127413126 0.12886597938144329
3 0.525096525096525 0.5335051546391752 0.0694980694980695 0.08762886597938144
3 0.61003861003861 0.538659793814433 0.08494208494208494 0.11855670103092783
3 0.8397683397683398 0.44587628865979384 0.06563706563706563 0.10824742268041238
3 0.5598455598455598 0.4381443298969072 0.13127413127413126 0.1134020618556701
3 0.7741312741312741 0.5567010309278351 0.07335907335907337 0.12371134020618557
