3 0.55625 0.615979381443299 0.0925 0.34536082474226804
3 0.245 0.6597938144329897 0.09 0.35051546391752575
3 0.67125 0.6469072164948454 0.1075 0.29381443298969073
3 0.27875 0.38402061855670105 0.1225 0.36597938144329895
3 0.1075 0.4536082474226804 0.06 0.26804123711340205
3 0.765 0.38917525773195877 0.115 0.3247422680412371
3 0.63 0.36855670103092786 0.17 0.4072164948453608
3 0.44375 0.6907216494845361 0.0875 0.20618556701030927
3 0.17 0.39690721649484534 0.09 0.3402061855670103
3 0.9225 0.4381443298969072 0.055 0.29896907216494845
3 0.86375 0.40463917525773196 0.0875 0.33505154639175255
3 0.77375 0.6855670103092784 0.0975 0.32989690721649484
3 0.43625 0.38917525773195877 0.1625 0.4072164948453608
3 0.17125 0.6469072164948454 0.0725 0.26288659793814434
3 0.86 0.6443298969072165 0.08 0.30927835051546393
3 0.33625 0.6237113402061856 0.0975 0.32989690721649484
