0 0.34115523465703973 0.3021978021978022 0.018050541516245487 0.02197802197802198
3 0.796028880866426 0.7005494505494505 0.148014440433213 0.21428571428571427
3 0.20938628158844766 0.8791208791208791 0.1371841155234657 0.18681318681318682
3 0.723826714801444 0.27197802197802196 0.10469314079422383 0.17032967032967034
3 0.3862815884476534 0.17582417582417584 0.09386281588447654 0.15384615384615385
3 0.2870036101083033 0.41208791208791207 0.11913357400722022 0.16483516483516483
3 0.2563176895306859 0.5439560439560439 0.11552346570397112 0.14285714285714285
3 0.7906137184115524 0.5274725274725275 0.11552346570397112 0.14285714285714285
3 0.23465703971119134 0.7060439560439561 0.1371841155234657 0.21428571428571427
3 0.4711191335740072 0.14560439560439561 0.11191335740072202 0.17032967032967034
3 0.3212996389891697 0.27472527472527475 0.09386281588447654 0.16483516483516483
3 0.759927797833935 0.40934065934065933 0.11191335740072202 0.15934065934065933
3 0.5812274368231047 0.14285714285714285 0.10830324909747292 0.16483516483516483
3 0.8267148014440433 0.8846153846153846 0.15162454873646208 0.18681318681318682
3 0.6606498194945848 0.17582417582417584 0.07942238267148015 0.18681318681318682
0 0.2527075812274368 0.7527472527472527 0.02888086642599278 0.01098901098901099
