3 0.5483636363636364 0.6305704099821747 0.116 0.22430184194890077
3 0.7512727272727273 0.6669637551990493 0.10327272727272727 0.3006535947712418
3 0.3230909090909091 0.6194295900178253 0.11090909090909092 0.20974450386215093
3 0.8700909090909091 0.38636363636363635 0.05327272727272727 0.2617349970291147
3 0.8123636363636364 0.6458704693998811 0.09490909090909092 0.28104575163398693
3 0.6494545454545455 0.6293820558526441 0.11345454545454546 0.22964943553178846
3 0.15345454545454545 0.37329174093879974 0.11636363636363636 0.3282828282828283
3 0.7173636363636363 0.37448009506833035 0.10927272727272727 0.3175876411170529
3 0.21736363636363637 0.6632501485442662 0.11654545454545455 0.27837195484254307
3 0.4354545454545454 0.6498811645870469 0.11418181818181818 0.20291146761734996
3 0.05472727272727273 0.6400772430184195 0.09454545454545454 0.2629233511586453
3 0.41245454545454546 0.39928698752228164 0.18381818181818183 0.31016042780748665
3 0.5912727272727273 0.39869281045751637 0.1789090909090909 0.3077837195484254
3 0.8089090909090909 0.3738859180035651 0.08181818181818182 0.31283422459893045
3 0.05809090909090909 0.3746286393345217 0.08636363636363636 0.29708853238265004
3 0.13245454545454546 0.6457219251336899 0.10927272727272727 0.26232917409387996
3 0.26481818181818184 0.38547237076648844 0.12272727272727273 0.3015448603683898
