3 0.28804347826086957 0.42896174863387976 0.11231884057971014 0.2568306010928962
3 0.4148550724637681 0.42896174863387976 0.16304347826086957 0.3333333333333333
3 0.07789855072463768 0.6420765027322405 0.06884057971014493 0.23497267759562843
3 0.8858695652173914 0.4672131147540984 0.09782608695652174 0.2677595628415301
3 0.8369565217391305 0.6693989071038251 0.10144927536231885 0.22404371584699453
3 0.17753623188405798 0.3797814207650273 0.13043478260869565 0.3224043715846995
3 0.05253623188405797 0.40710382513661203 0.06159420289855073 0.2459016393442623
3 0.5760869565217391 0.40710382513661203 0.16666666666666666 0.3224043715846995
3 0.8170289855072463 0.43989071038251365 0.13405797101449277 0.3224043715846995
3 0.10507246376811594 0.41530054644808745 0.06521739130434782 0.26229508196721313
3 0.7336956521739131 0.6721311475409836 0.11956521739130435 0.24043715846994534
3 0.6322463768115942 0.6120218579234973 0.08333333333333333 0.17486338797814208
3 0.1503623188405797 0.6530054644808743 0.09782608695652174 0.23497267759562843
3 0.9202898550724637 0.6584699453551912 0.07971014492753623 0.21311475409836064
3 0.463768115942029 0.6229508196721312 0.07246376811594203 0.1092896174863388
3 0.3641304347826087 0.6174863387978142 0.09057971014492754 0.14207650273224043
3 0.5452898550724637 0.6229508196721312 0.08333333333333333 0.12021857923497267
3 0.9510869565217391 0.46994535519125685 0.07608695652173914 0.22950819672131148
3 0.7047101449275363 0.43169398907103823 0.11956521739130435 0.33879781420765026
3 0.2554347826086957 0.6092896174863388 0.12681159420289856 0.2896174863387978
