3 0.7688888888888888 0.4826388888888889 0.09777777777777778 0.1597222222222222
3 0.6355555555555555 0.5833333333333334 0.07111111111111111 0.16666666666666666
3 0.6777777777777778 0.4652777777777778 0.08444444444444445 0.125
3 0.7133333333333334 0.5902777777777778 0.08444444444444445 0.1527777777777778
3 0.45555555555555555 0.5868055555555556 0.07555555555555556 0.13194444444444445
3 0.38222222222222224 0.5729166666666666 0.07111111111111111 0.13194444444444445
3 0.5666666666666667 0.4479166666666667 0.12 0.14583333333333334
3 0.4488888888888889 0.4618055555555556 0.11555555555555555 0.14583333333333334
3 0.3 0.5659722222222222 0.08444444444444445 0.14583333333333334
3 0.8533333333333334 0.4861111111111111 0.08 0.125
3 0.18444444444444444 0.4479166666666667 0.06666666666666667 0.11805555555555555
3 0.3466666666666667 0.4409722222222222 0.08888888888888889 0.13194444444444445
3 0.8044444444444444 0.6041666666666666 0.09777777777777778 0.125
3 0.5444444444444444 0.5798611111111112 0.07555555555555556 0.13194444444444445
3 0.25555555555555554 0.4583333333333333 0.08444444444444445 0.1388888888888889
