3 0.2149321266968326 0.6524390243902439 0.07692307692307693 0.1951219512195122
3 0.12895927601809956 0.4603658536585366 0.07692307692307693 0.21341463414634146
3 0.5226244343891403 0.6463414634146342 0.11312217194570136 0.23170731707317074
3 0.7307692307692307 0.39634146341463417 0.12217194570135746 0.2682926829268293
3 0.5904977375565611 0.375 0.19457013574660634 0.27439024390243905
3 0.21945701357466063 0.43902439024390244 0.12217194570135746 0.24390243902439024
3 0.34615384615384615 0.39939024390243905 0.18552036199095023 0.27439024390243905
3 0.3054298642533937 0.6371951219512195 0.10407239819004525 0.21341463414634146
3 0.416289592760181 0.6432926829268293 0.11764705882352941 0.23780487804878048
3 0.832579185520362 0.42378048780487804 0.09049773755656108 0.2621951219512195
3 0.744343891402715 0.625 0.10407239819004525 0.21341463414634146
3 0.6334841628959276 0.6310975609756098 0.1085972850678733 0.23780487804878048
