3 0.6457627118644068 0.46 0.030508474576271188 0.04
3 0.5423728813559322 0.535 0.03389830508474576 0.06
3 0.5135593220338983 0.5275 0.030508474576271188 0.075
3 0.4694915254237288 0.4925 0.023728813559322035 0.055
3 0.4559322033898305 0.43 0.030508474576271188 0.05
3 0.488135593220339 0.5175 0.02711864406779661 0.075
3 0.5796610169491525 0.4575 0.04067796610169491 0.065
3 0.6406779661016949 0.515 0.04067796610169491 0.04
3 0.6169491525423729 0.46 0.03389830508474576 0.05
3 0.49322033898305084 0.44 0.04406779661016949 0.07
3 0.576271186440678 0.53 0.03389830508474576 0.07
3 0.5372881355932203 0.45 0.05084745762711865 0.07
3 0.6779661016949152 0.5075 0.03389830508474576 0.045
