3 0.14074074074074075 0.5614973262032086 0.05925925925925926 0.10695187165775401
3 0.4444444444444444 0.4090909090909091 0.13333333333333333 0.25133689839572193
3 0.5425925925925926 0.6096256684491979 0.07777777777777778 0.1925133689839572
3 0.7796296296296297 0.42513368983957217 0.07777777777777778 0.19786096256684493
3 0.18333333333333332 0.4358288770053476 0.05555555555555555 0.17647058823529413
3 0.29444444444444445 0.5909090909090909 0.08518518518518518 0.19786096256684493
3 0.6944444444444444 0.4090909090909091 0.1 0.20855614973262032
3 0.9037037037037037 0.45454545454545453 0.037037037037037035 0.13903743315508021
3 0.8388888888888889 0.4625668449197861 0.05555555555555555 0.15508021390374332
3 0.37777777777777777 0.6042780748663101 0.08888888888888889 0.20320855614973263
3 0.8703703703703703 0.5775401069518716 0.05185185185185185 0.10695187165775401
3 0.8333333333333334 0.5802139037433155 0.05185185185185185 0.12299465240641712
3 0.8759259259259259 0.4679144385026738 0.03333333333333333 0.12299465240641712
3 0.3314814814814815 0.40641711229946526 0.1 0.21390374331550802
3 0.14814814814814814 0.446524064171123 0.037037037037037035 0.1443850267379679
3 0.6296296296296297 0.6176470588235294 0.0962962962962963 0.20855614973262032
3 0.24259259259259258 0.4144385026737968 0.07777777777777778 0.20855614973262032
3 0.18703703703703703 0.56951871657754 0.07037037037037037 0.12299465240641712
3 0.46296296296296297 0.6203208556149733 0.08148148148148149 0.1925133689839572
3 0.7166666666666667 0.6016042780748663 0.08518518518518518 0.19786096256684493
3 0.23333333333333334 0.5721925133689839 0.05925925925925926 0.12834224598930483
3 0.7833333333333333 0.5882352941176471 0.07037037037037037 0.1497326203208556
3 0.5796296296296296 0.4144385026737968 0.13703703703703704 0.2620320855614973
