3 0.7854545454545454 0.4207650273224044 0.07272727272727272 0.20765027322404372
3 0.48 0.38524590163934425 0.11636363636363636 0.20218579234972678
3 0.24363636363636362 0.5081967213114754 0.05818181818181818 0.15300546448087432
3 0.30363636363636365 0.36885245901639346 0.09090909090909091 0.22404371584699453
3 0.6454545454545455 0.5628415300546448 0.07636363636363637 0.18579234972677597
3 0.7036363636363636 0.5710382513661202 0.06909090909090909 0.18032786885245902
3 0.19454545454545455 0.5027322404371585 0.06909090909090909 0.13114754098360656
3 0.7090909090909091 0.39344262295081966 0.08 0.19672131147540983
3 0.41818181818181815 0.5655737704918032 0.08 0.2677595628415301
3 0.1890909090909091 0.36065573770491804 0.04363636363636364 0.16393442622950818
3 0.8690909090909091 0.4972677595628415 0.05818181818181818 0.13114754098360656
3 0.8454545454545455 0.40710382513661203 0.05454545454545454 0.16939890710382513
3 0.3054545454545455 0.5245901639344263 0.08 0.15300546448087432
3 0.5709090909090909 0.5655737704918032 0.08727272727272728 0.2677595628415301
3 0.23636363636363636 0.35792349726775957 0.05818181818181818 0.16939890710382513
3 0.49818181818181817 0.5491803278688525 0.07272727272727272 0.3114754098360656
3 0.36 0.5355191256830601 0.05090909090909091 0.18579234972677597
3 0.6054545454545455 0.3825136612021858 0.12 0.20765027322404372
3 0.8163636363636364 0.5136612021857924 0.04727272727272727 0.1092896174863388
3 0.38181818181818183 0.3551912568306011 0.08 0.18579234972677597
3 0.7618181818181818 0.546448087431694 0.06181818181818182 0.12021857923497267
