3 0.29635499207606975 0.3465686274509804 0.11537242472266244 0.2774509803921569
3 0.3492868462757528 0.6120098039215687 0.10776545166402536 0.2897058823529412
3 0.8394611727416799 0.24019607843137256 0.0630744849445325 0.23627450980392156
3 0.7711568938193344 0.2889705882352941 0.07733755942947702 0.2622549019607843
3 0.20618066561014264 0.5747549019607843 0.07892234548335975 0.26715686274509803
3 0.8234548335974643 0.48284313725490197 0.07480190174326466 0.2
1 0.5683042789223455 0.358578431372549 0.12107765451664025 0.0642156862745098
3 0.1549920760697306 0.5433823529411764 0.07797147385103011 0.26323529411764707
0 0.14263074484944532 0.36887254901960786 0.03423137876386688 0.027941176470588237
3 0.6066561014263074 0.5705882352941176 0.09381933438985737 0.25882352941176473
3 0.12868462757527735 0.29240196078431374 0.1648177496038035 0.2338235294117647
3 0.684310618066561 0.333578431372549 0.098256735340729 0.23186274509803922
3 0.2782884310618067 0.6267156862745098 0.08177496038034865 0.30637254901960786
3 0.5660855784469097 0.3090686274509804 0.12551505546751188 0.16127450980392158
3 0.5134706814580031 0.5892156862745098 0.09952456418383518 0.3029411764705882
3 0.7629160063391442 0.5134803921568627 0.10269413629160064 0.19754901960784313
0 0.15071315372424723 0.30245098039215684 0.02757527733755943 0.09313725490196079
3 0.4266244057052298 0.6365196078431372 0.11283676703645008 0.27009803921568626
3 0.6892234548335975 0.5801470588235295 0.11251980982567353 0.3397058823529412
3 0.4266244057052298 0.3762254901960784 0.14199683042789224 0.2769607843137255
