1 0.62421875 0.479108635097493 0.0359375 0.08913649025069638
3 0.45078125 0.5153203342618384 0.1140625 0.20055710306406685
3 0.221875 0.5306406685236769 0.1 0.20891364902506965
3 0.2953125 0.5933147632311978 0.078125 0.15598885793871867
3 0.33046875 0.5111420612813371 0.0984375 0.17548746518105848
3 0.5953125 0.5167130919220055 0.125 0.21448467966573817
3 0.70390625 0.5055710306406686 0.0828125 0.15877437325905291
3 0.67578125 0.6044568245125348 0.0734375 0.1671309192200557
1 0.71328125 0.4763231197771588 0.0578125 0.08356545961002786
3 0.1296875 0.5167130919220055 0.0875 0.1532033426183844
3 0.8625 0.5027855153203342 0.059375 0.14763231197771587
3 0.7515625 0.5974930362116991 0.08125 0.181058495821727
3 0.796875 0.49442896935933145 0.08125 0.17548746518105848
1 0.43359375 0.4805013927576602 0.0359375 0.04735376044568245
1 0.34140625 0.5069637883008357 0.0484375 0.10027855153203342
3 0.81953125 0.6239554317548747 0.0609375 0.12813370473537605
3 0.38828125 0.5988857938718662 0.0828125 0.15598885793871867
