3 0.6580756013745704 0.6184971098265896 0.10652920962199312 0.20809248554913296
3 0.24742268041237114 0.3988439306358382 0.09621993127147767 0.19653179190751446
3 0.359106529209622 0.3959537572254335 0.13402061855670103 0.2254335260115607
3 0.738831615120275 0.3930635838150289 0.12371134020618557 0.28901734104046245
3 0.9020618556701031 0.630057803468208 0.044673539518900345 0.19653179190751446
3 0.5481099656357389 0.630057803468208 0.1134020618556701 0.2774566473988439
3 0.7457044673539519 0.630057803468208 0.08247422680412371 0.19653179190751446
3 0.8109965635738832 0.6242774566473989 0.061855670103092786 0.20809248554913296
3 0.4329896907216495 0.5895953757225434 0.11683848797250859 0.24277456647398843
3 0.8625429553264605 0.6271676300578035 0.054982817869415807 0.1791907514450867
3 0.852233676975945 0.41040462427745666 0.10309278350515463 0.2658959537572254
3 0.14604810996563575 0.3670520231213873 0.12027491408934708 0.1907514450867052
3 0.32646048109965636 0.5578034682080925 0.10309278350515463 0.1676300578034682
3 0.9175257731958762 0.4190751445086705 0.041237113402061855 0.2138728323699422
3 0.49312714776632305 0.4046242774566474 0.13402061855670103 0.28901734104046245
3 0.19759450171821305 0.5375722543352601 0.15463917525773196 0.15028901734104047
3 0.6185567010309279 0.41040462427745666 0.11683848797250859 0.23121387283236994
