3 0.6127272727272727 0.6147540983606558 0.04727272727272727 0.08196721311475409
3 0.6854545454545454 0.5327868852459017 0.03272727272727273 0.09289617486338798
3 0.5181818181818182 0.6338797814207651 0.05454545454545454 0.07650273224043716
3 0.5327272727272727 0.5218579234972678 0.08363636363636363 0.15846994535519127
3 0.3890909090909091 0.5136612021857924 0.05818181818181818 0.14207650273224043
3 0.45454545454545453 0.5163934426229508 0.08 0.14754098360655737
3 0.6472727272727272 0.5245901639344263 0.05090909090909091 0.12021857923497267
3 0.34 0.5136612021857924 0.04727272727272727 0.14207650273224043
3 0.30363636363636365 0.5273224043715847 0.03272727272727273 0.11475409836065574
3 0.5963636363636363 0.5218579234972678 0.05090909090909091 0.11475409836065574
3 0.4672727272727273 0.6338797814207651 0.05454545454545454 0.07650273224043716
3 0.4163636363636364 0.6229508196721312 0.04727272727272727 0.07650273224043716
3 0.37454545454545457 0.6256830601092896 0.04363636363636364 0.07103825136612021
3 0.5690909090909091 0.6229508196721312 0.04727272727272727 0.07650273224043716
3 0.6545454545454545 0.6120218579234973 0.03636363636363636 0.0546448087431694
