3 0.7136363636363636 0.7533783783783784 0.2 0.42567567567567566
3 0.8704545454545455 0.7466216216216216 0.1590909090909091 0.42567567567567566
3 0.16363636363636364 0.27702702702702703 0.22727272727272727 0.47297297297297297
3 0.884090909090909 0.2939189189189189 0.18636363636363637 0.5202702702702703
3 0.07045454545454545 0.6722972972972973 0.1409090909090909 0.41216216216216217
3 0.22727272727272727 0.706081081081081 0.19090909090909092 0.42567567567567566
3 0.5477272727272727 0.6756756756756757 0.1409090909090909 0.28378378378378377
3 0.3977272727272727 0.668918918918919 0.15 0.2702702702702703
3 0.6659090909090909 0.31756756756756754 0.2681818181818182 0.4864864864864865
3 0.4 0.31756756756756754 0.2636363636363636 0.4594594594594595
