3 0.45631825273010923 0.9113573407202216 0.09828393135725429 0.10526315789473684
3 0.3673946957878315 0.8850415512465374 0.08580343213728549 0.11911357340720222
3 0.7753510140405616 0.6703601108033241 0.13416536661466458 0.26038781163434904
0 0.7862714508580343 0.574792243767313 0.0655226209048362 0.05817174515235457
3 0.29017160686427457 0.8060941828254847 0.0904836193447738 0.19390581717451524
0 0.87597503900156 0.4930747922437673 0.0171606864274571 0.0332409972299169
0 0.7464898595943837 0.7285318559556787 0.0483619344773791 0.07202216066481995
3 0.8361934477379095 0.4445983379501385 0.1622464898595944 0.31301939058171746
3 0.6443057722308893 0.8836565096952909 0.078003120124805 0.11634349030470914
3 0.8822152886115444 0.1731301939058172 0.1731669266770671 0.3074792243767313
3 0.23244929797191888 0.6537396121883656 0.1310452418096724 0.28254847645429365
3 0.719188767550702 0.814404432132964 0.0811232449297972 0.1772853185595568
3 0.1684867394695788 0.4279778393351801 0.15912636505460218 0.3185595567867036
3 0.5592823712948518 0.9238227146814404 0.09828393135725429 0.11357340720221606
0 0.1918876755070203 0.3961218836565097 0.0842433697347894 0.12742382271468145
0 0.8213728549141965 0.4473684210526316 0.09828393135725429 0.2520775623268698
0 0.7067082683307332 0.8753462603878116 0.015600624024960999 0.0221606648199446
3 0.11076443057722309 0.16204986149584488 0.1809672386895476 0.30193905817174516
0 0.21762870514820593 0.556786703601108 0.0265210608424337 0.0332409972299169
