3 0.8654545454545455 0.48633879781420764 0.08727272727272728 0.2185792349726776
3 0.08727272727272728 0.5519125683060109 0.12363636363636364 0.20765027322404372
3 0.41454545454545455 0.5792349726775956 0.13090909090909092 0.19672131147540983
3 0.43454545454545457 0.3825136612021858 0.15636363636363637 0.29508196721311475
3 0.5654545454545454 0.2896174863387978 0.1781818181818182 0.3825136612021858
3 0.24363636363636362 0.5737704918032787 0.2109090909090909 0.2185792349726776
3 0.9363636363636364 0.23770491803278687 0.12 0.2896174863387978
3 0.7890909090909091 0.4890710382513661 0.08 0.2568306010928962
3 0.5490909090909091 0.5846994535519126 0.12363636363636364 0.26229508196721313
3 0.6981818181818182 0.27595628415300544 0.13818181818181818 0.2459016393442623
3 0.6890909090909091 0.5983606557377049 0.13454545454545455 0.4098360655737705
3 0.8327272727272728 0.23497267759562843 0.1890909090909091 0.30601092896174864
