3 0.6078431372549019 0.29393939393939394 0.1830065359477124 0.41818181818181815
3 0.9395424836601307 0.4 0.08823529411764706 0.3151515151515151
3 0.4395424836601307 0.7606060606060606 0.12091503267973856 0.3575757575757576
3 0.7761437908496732 0.7151515151515152 0.11437908496732026 0.36363636363636365
3 0.5588235294117647 0.7575757575757576 0.11764705882352941 0.36363636363636365
3 0.7565359477124183 0.3212121212121212 0.12745098039215685 0.4121212121212121
3 0.07026143790849673 0.38484848484848483 0.09477124183006536 0.3333333333333333
3 0.8529411764705882 0.3696969696969697 0.11764705882352941 0.4
3 0.43137254901960786 0.28484848484848485 0.1830065359477124 0.42424242424242425
3 0.12091503267973856 0.6909090909090909 0.09803921568627451 0.3515151515151515
3 0.6666666666666666 0.7242424242424242 0.1111111111111111 0.3696969696969697
3 0.32189542483660133 0.7424242424242424 0.12091503267973856 0.3696969696969697
3 0.2173202614379085 0.7121212121212122 0.11437908496732026 0.34545454545454546
3 0.8725490196078431 0.703030303030303 0.10457516339869281 0.3151515151515151
3 0.16666666666666666 0.33636363636363636 0.13071895424836602 0.4303030303030303
3 0.27941176470588236 0.3090909090909091 0.14052287581699346 0.4121212121212121
