3 0.275 0.6852941176470588 0.1576923076923077 0.3
3 0.6480769230769231 0.6323529411764706 0.10384615384615385 0.22941176470588234
3 0.8423076923076923 0.7058823529411765 0.09230769230769231 0.29411764705882354
3 0.1423076923076923 0.4264705882352941 0.07692307692307693 0.27647058823529413
3 0.7269230769230769 0.4147058823529412 0.09230769230769231 0.2529411764705882
3 0.47307692307692306 0.40588235294117647 0.16153846153846155 0.3058823529411765
3 0.23846153846153847 0.4294117647058823 0.13076923076923078 0.3411764705882353
3 0.35192307692307695 0.4264705882352941 0.10384615384615385 0.28823529411764703
3 0.5538461538461539 0.6176470588235294 0.09230769230769231 0.2
3 0.16346153846153846 0.6735294117647059 0.11153846153846154 0.21764705882352942
3 0.8211538461538461 0.4117647058823529 0.09615384615384616 0.27058823529411763
3 0.7442307692307693 0.6441176470588236 0.11153846153846154 0.31176470588235294
3 0.6192307692307693 0.4117647058823529 0.14615384615384616 0.3058823529411765
3 0.9115384615384615 0.45 0.08461538461538462 0.28823529411764703
3 0.4673076923076923 0.6470588235294118 0.09615384615384616 0.18823529411764706
3 0.38269230769230766 0.6470588235294118 0.08846153846153847 0.2
