3 0.44545454545454544 0.6420765027322405 0.12 0.2786885245901639
3 0.3236363636363636 0.6666666666666666 0.13090909090909092 0.30601092896174864
3 0.5581818181818182 0.6147540983606558 0.12 0.2896174863387978
3 0.8327272727272728 0.3087431693989071 0.10181818181818182 0.22404371584699453
3 0.7818181818181819 0.5382513661202186 0.13090909090909092 0.2677595628415301
3 0.2309090909090909 0.39617486338797814 0.1709090909090909 0.3114754098360656
3 0.2 0.6584699453551912 0.12363636363636364 0.2459016393442623
3 0.8581818181818182 0.4972677595628415 0.10181818181818182 0.17486338797814208
3 0.11454545454545455 0.6584699453551912 0.09818181818181818 0.18032786885245902
3 0.10727272727272727 0.4672131147540984 0.12727272727272726 0.23497267759562843
3 0.48363636363636364 0.36065573770491804 0.2690909090909091 0.30601092896174864
3 0.7072727272727273 0.2923497267759563 0.15636363636363637 0.3333333333333333
3 0.6745454545454546 0.592896174863388 0.13454545454545455 0.3005464480874317
