3 0.8131147540983606 0.35 0.07213114754098361 0.15
3 0.22950819672131148 0.44 0.10491803278688525 0.13
3 0.28852459016393445 0.6025 0.09180327868852459 0.175
3 0.6098360655737705 0.6225 0.10491803278688525 0.085
3 0.45081967213114754 0.5275 0.14754098360655737 0.155
3 0.19344262295081968 0.5325 0.09836065573770492 0.165
3 0.3262295081967213 0.49 0.11475409836065574 0.15
3 0.7245901639344262 0.4275 0.08524590163934426 0.155
3 0.3704918032786885 0.64 0.09836065573770492 0.15
3 0.7098360655737705 0.5875 0.08196721311475409 0.155
3 0.13934426229508196 0.405 0.08196721311475409 0.1
3 0.6081967213114754 0.4975 0.13442622950819672 0.165
3 0.7852459016393443 0.5125 0.07540983606557378 0.165
3 0.48688524590163934 0.64 0.10819672131147541 0.16
