3 0.59375 0.3853211009174312 0.15416666666666667 0.3486238532110092
3 0.70625 0.3853211009174312 0.09583333333333334 0.23853211009174313
3 0.15416666666666667 0.41743119266055045 0.058333333333333334 0.21100917431192662
3 0.46041666666666664 0.6559633027522935 0.09583333333333334 0.26605504587155965
3 0.5541666666666667 0.6559633027522935 0.09166666666666666 0.24770642201834864
3 0.8020833333333334 0.573394495412844 0.05416666666666667 0.1743119266055046
3 0.8520833333333333 0.38990825688073394 0.05416666666666667 0.21100917431192662
3 0.65 0.6192660550458715 0.11666666666666667 0.26605504587155965
3 0.22291666666666668 0.41284403669724773 0.0875 0.27522935779816515
3 0.19375 0.5825688073394495 0.0625 0.21100917431192662
3 0.44166666666666665 0.3944954128440367 0.15 0.3119266055045872
3 0.35208333333333336 0.6100917431192661 0.09583333333333334 0.28440366972477066
3 0.7375 0.6146788990825688 0.075 0.27522935779816515
3 0.8416666666666667 0.536697247706422 0.05 0.13761467889908258
3 0.2625 0.6009174311926605 0.08333333333333333 0.26605504587155965
3 0.31666666666666665 0.3944954128440367 0.10833333333333334 0.23853211009174313
3 0.7854166666666667 0.3944954128440367 0.0875 0.23853211009174313
