3 0.4763636363636364 0.5956284153005464 0.08727272727272728 0.22950819672131148
3 0.8690909090909091 0.4098360655737705 0.07272727272727272 0.18579234972677597
3 0.4509090909090909 0.3989071038251366 0.14545454545454545 0.26229508196721313
3 0.8781818181818182 0.5327868852459017 0.07636363636363637 0.10382513661202186
3 0.7127272727272728 0.40437158469945356 0.08727272727272728 0.18579234972677597
3 0.5690909090909091 0.5983606557377049 0.09818181818181818 0.21311475409836064
3 0.7981818181818182 0.41530054644808745 0.08363636363636363 0.20765027322404372
3 0.5963636363636363 0.4016393442622951 0.15272727272727274 0.2459016393442623
3 0.9036363636363637 0.4890710382513661 0.05454545454545454 0.08196721311475409
3 0.8236363636363636 0.5683060109289617 0.09090909090909091 0.16393442622950818
3 0.28909090909090907 0.592896174863388 0.08363636363636363 0.22404371584699453
3 0.9272727272727272 0.39617486338797814 0.05090909090909091 0.12568306010928962
3 0.7418181818181818 0.5710382513661202 0.08727272727272728 0.21311475409836064
3 0.15454545454545454 0.5437158469945356 0.06909090909090909 0.09289617486338798
3 0.38181818181818183 0.592896174863388 0.08727272727272728 0.20218579234972678
3 0.32545454545454544 0.4180327868852459 0.10545454545454545 0.22404371584699453
3 0.14545454545454545 0.43989071038251365 0.08 0.16939890710382513
3 0.6581818181818182 0.5819672131147541 0.08 0.18032786885245902
3 0.20909090909090908 0.592896174863388 0.07636363636363637 0.1366120218579235
3 0.22727272727272727 0.4371584699453552 0.08363636363636363 0.2185792349726776
