3 0.26545454545454544 0.680327868852459 0.07272727272727272 0.16939890710382513
3 0.5309090909090909 0.4918032786885246 0.10181818181818182 0.16393442622950818
3 0.3472727272727273 0.5136612021857924 0.10545454545454545 0.18579234972677597
3 0.056363636363636366 0.44808743169398907 0.09090909090909091 0.2185792349726776
3 0.23272727272727273 0.4808743169398907 0.13818181818181818 0.25136612021857924
3 0.44181818181818183 0.4262295081967213 0.12727272727272726 0.25136612021857924
3 0.7327272727272728 0.453551912568306 0.11272727272727273 0.14207650273224043
3 0.5127272727272727 0.6256830601092896 0.09454545454545454 0.16939890710382513
3 0.4309090909090909 0.6639344262295082 0.11272727272727273 0.23497267759562843
3 0.12727272727272726 0.6967213114754098 0.09454545454545454 0.18032786885245902
3 0.2018181818181818 0.6912568306010929 0.10545454545454545 0.18032786885245902
3 0.1290909090909091 0.4918032786885246 0.09818181818181818 0.24043715846994534
3 0.6254545454545455 0.4781420765027322 0.10181818181818182 0.14754098360655737
3 0.7363636363636363 0.5737704918032787 0.15636363636363637 0.13114754098360656
3 0.34 0.6885245901639344 0.08363636363636363 0.19672131147540983
3 0.6218181818181818 0.6311475409836066 0.11636363636363636 0.15846994535519127
