3 0.6018181818181818 0.5491803278688525 0.07636363636363637 0.14754098360655737
3 0.24363636363636362 0.42896174863387976 0.03636363636363636 0.1366120218579235
3 0.5254545454545455 0.5382513661202186 0.06909090909090909 0.18032786885245902
3 0.7272727272727273 0.4262295081967213 0.09454545454545454 0.16393442622950818
3 0.3290909090909091 0.5300546448087432 0.05454545454545454 0.08743169398907104
3 0.28363636363636363 0.43169398907103823 0.06545454545454546 0.16393442622950818
3 0.5636363636363636 0.3989071038251366 0.12363636363636364 0.2185792349726776
3 0.4309090909090909 0.5601092896174863 0.07636363636363637 0.11475409836065574
3 0.2872727272727273 0.5273224043715847 0.05818181818181818 0.07103825136612021
3 0.7654545454545455 0.5273224043715847 0.04 0.08196721311475409
3 0.7290909090909091 0.546448087431694 0.05454545454545454 0.08743169398907104
3 0.3490909090909091 0.39617486338797814 0.07272727272727272 0.1912568306010929
3 0.7836363636363637 0.43989071038251365 0.03272727272727273 0.09289617486338798
3 0.22 0.5191256830601093 0.07636363636363637 0.1092896174863388
3 0.6545454545454545 0.412568306010929 0.06545454545454546 0.16939890710382513
3 0.8090909090909091 0.5109289617486339 0.06181818181818182 0.08196721311475409
3 0.6727272727272727 0.5327868852459017 0.07272727272727272 0.1366120218579235
3 0.21818181818181817 0.4098360655737705 0.02909090909090909 0.1092896174863388
3 0.38 0.5300546448087432 0.05454545454545454 0.12021857923497267
3 0.8618181818181818 0.3879781420765027 0.04363636363636364 0.12021857923497267
3 0.8181818181818182 0.41530054644808745 0.05090909090909091 0.13114754098360656
3 0.44181818181818183 0.412568306010929 0.12 0.21311475409836064
