3 0.25 0.485 0.05970149253731343 0.14
3 0.2126865671641791 0.4575 0.029850746268656716 0.115
3 0.5652985074626866 0.5 0.11567164179104478 0.19
3 0.3619402985074627 0.505 0.07462686567164178 0.15
3 0.7854477611940298 0.435 0.026119402985074626 0.11
3 0.710820895522388 0.46 0.055970149253731345 0.16
3 0.4552238805970149 0.505 0.11194029850746269 0.19
3 0.6492537313432836 0.475 0.07462686567164178 0.15
3 0.753731343283582 0.44 0.04477611940298507 0.15
3 0.2966417910447761 0.4875 0.0708955223880597 0.165
