3 0.41327433628318583 0.6127320954907162 0.033628318584070796 0.07427055702917772
3 0.731858407079646 0.5623342175066313 0.03716814159292035 0.07427055702917772
3 0.7035398230088495 0.5557029177718833 0.04424778761061947 0.08222811671087533
3 0.6221238938053097 0.5185676392572944 0.04070796460176991 0.0610079575596817
3 0.5902654867256637 0.6445623342175066 0.047787610619469026 0.07957559681697612
3 0.7513274336283186 0.553050397877984 0.02654867256637168 0.09283819628647215
3 0.5504424778761062 0.6326259946949602 0.035398230088495575 0.07161803713527852
3 0.6610619469026549 0.5464190981432361 0.0584070796460177 0.07957559681697612
3 0.4150442477876106 0.5 0.047787610619469026 0.06631299734748011
3 0.5663716814159292 0.5145888594164456 0.03893805309734513 0.07427055702917772
3 0.384070796460177 0.5026525198938993 0.02831858407079646 0.06631299734748011
3 0.5141592920353982 0.6273209549071618 0.04070796460176991 0.07161803713527852
3 0.47699115044247786 0.6193633952254642 0.03716814159292035 0.07692307692307693
3 0.4415929203539823 0.623342175066313 0.04070796460176991 0.08488063660477453
3 0.631858407079646 0.6657824933687002 0.05309734513274336 0.10079575596816977
