3 0.19182583692750052 0.39632 0.17334154857260217 0.24992
3 0.7874306839186691 0.54544 0.12322858903265557 0.1776
3 0.8309714520435407 0.3592 0.17087697679194908 0.25248
3 0.4820291640994044 0.89136 0.09406448962826042 0.13856
3 0.2245841035120148 0.57392 0.12138016019716574 0.17504
0 0.8140275210515506 0.28576 0.005545286506469501 0.01344
3 0.6281577325939618 0.8128 0.10002053809817212 0.15168
3 0.31495173546929556 0.84192 0.11809406448962827 0.15936
3 0.8732799342780858 0.12944 0.15773259396179914 0.2576
3 0.7094886013555145 0.80736 0.09509139453686588 0.18752
3 0.11881289792565208 0.16272 0.17149311973711234 0.27744
3 0.3939207229410557 0.8768 0.10227972889710413 0.14976
3 0.27408092010679813 0.70864 0.11562949270897514 0.17824
3 0.5662353666050524 0.90528 0.09036763195728076 0.1376
3 0.7669952762374204 0.70032 0.1168617785993017 0.17632
