3 0.7727272727272727 0.345 0.05454545454545454 0.13
3 0.2084848484848485 0.596 0.06060606060606061 0.14
3 0.5503030303030303 0.596 0.09696969696969697 0.204
3 0.3321212121212121 0.614 0.06787878787878789 0.204
2 0.5430303030303031 0.354 0.12606060606060607 0.108
3 0.6424242424242425 0.358 0.09696969696969697 0.24
3 0.7187878787878788 0.355 0.06545454545454546 0.206
3 0.41333333333333333 0.346 0.12606060606060607 0.236
3 0.24787878787878787 0.362 0.06424242424242424 0.224
3 0.38727272727272727 0.618 0.09333333333333334 0.22
3 0.3151515151515151 0.355 0.07757575757575758 0.234
3 0.1987878787878788 0.369 0.04606060606060606 0.162
3 0.2678787878787879 0.632 0.07515151515151515 0.216
3 0.6466666666666666 0.612 0.09090909090909091 0.224
3 0.1618181818181818 0.362 0.03272727272727273 0.14
3 0.7175757575757575 0.555 0.08242424242424243 0.174
3 0.5357575757575758 0.361 0.1406060606060606 0.306
3 0.46484848484848484 0.59 0.08848484848484849 0.216
