3 0.4010416666666667 0.6171428571428571 0.0798611111111111 0.17142857142857143
3 0.2777777777777778 0.47714285714285715 0.06944444444444445 0.18857142857142858
3 0.2309027777777778 0.5114285714285715 0.04513888888888889 0.13142857142857142
3 0.5763888888888888 0.45714285714285713 0.125 0.22857142857142856
3 0.328125 0.6057142857142858 0.07291666666666667 0.16
3 0.8090277777777778 0.6257142857142857 0.04861111111111111 0.10857142857142857
3 0.625 0.6371428571428571 0.0763888888888889 0.1657142857142857
3 0.21180555555555555 0.6257142857142857 0.0625 0.09714285714285714
3 0.2604166666666667 0.62 0.06944444444444445 0.10857142857142857
3 0.7690972222222222 0.6285714285714286 0.059027777777777776 0.12571428571428572
3 0.7621527777777778 0.48 0.0798611111111111 0.21714285714285714
3 0.6788194444444444 0.47714285714285715 0.08680555555555555 0.2
3 0.8159722222222222 0.4942857142857143 0.0625 0.15428571428571428
3 0.4756944444444444 0.6371428571428571 0.0763888888888889 0.15428571428571428
3 0.3524305555555556 0.46 0.08680555555555555 0.17714285714285713
3 0.5538194444444444 0.6342857142857142 0.0798611111111111 0.16
3 0.703125 0.6285714285714286 0.0798611111111111 0.16
3 0.4548611111111111 0.4542857142857143 0.125 0.24571428571428572
