3 0.17414924149241492 0.6887488472179527 0.16502665026650268 0.23578235474946205
3 0.744669946699467 0.26944359053181677 0.13509635096350964 0.1952044266830618
3 0.34050840508405084 0.15047648324623425 0.12423124231242312 0.16938210882262528
3 0.5742107421074211 0.1180448816477098 0.13284132841328414 0.20227482324008608
3 0.1448339483394834 0.8444512757454657 0.17117671176711768 0.261297264063941
3 0.44300943009430094 0.1166615431909007 0.13243132431324314 0.18782662158007993
3 0.27337023370233704 0.25484168459883183 0.13099630996309963 0.19674146941284967
3 0.808630586305863 0.5438057177989548 0.15231652316523164 0.16907470027666768
3 0.7753177531775318 0.42114970796188134 0.15416154161541615 0.1838303104826314
3 0.23605986059860598 0.4050107592991085 0.15682656826568267 0.17798954810943743
3 0.2033620336203362 0.5332001229634183 0.15539155391553916 0.1865969873962496
3 0.8428659286592866 0.8588994774054719 0.16666666666666666 0.233630494927759
3 0.6754817548175481 0.1635413464494313 0.11644116441164412 0.17337841992007377
3 0.8223657236572366 0.7036581616968952 0.17650676506765067 0.24531201967414695
0 0.7047970479704797 0.285275130648632 0.0024600246002460025 0.004918536735321242
0 0.34460844608446084 0.21533968644328313 0.003280032800328003 0.00768521364893944
0 0.6306888068880688 0.20934521979711035 0.003895038950389504 0.0036889025514909315
0 0.3148831488314883 0.2705195204426683 0.006560065600656006 0.008607439286812173
