3 0.11594202898550725 0.8879781420765027 0.18840579710144928 0.21311475409836064
3 0.21739130434782608 0.33879781420765026 0.08695652173913043 0.17486338797814208
3 0.1539855072463768 0.5655737704918032 0.13405797101449277 0.12568306010928962
3 0.2971014492753623 0.24316939890710382 0.08695652173913043 0.20218579234972678
3 0.8496376811594203 0.587431693989071 0.16304347826086957 0.22404371584699453
3 0.20471014492753623 0.45901639344262296 0.14130434782608695 0.16393442622950818
3 0.6503623188405797 0.1721311475409836 0.09782608695652174 0.1912568306010929
3 0.1105072463768116 0.7158469945355191 0.16304347826086957 0.2185792349726776
3 0.7644927536231884 0.3251366120218579 0.13768115942028986 0.18032786885245902
0 0.09601449275362318 0.9234972677595629 0.14130434782608695 0.14207650273224043
3 0.39492753623188404 0.07923497267759563 0.13043478260869565 0.15846994535519127
3 0.9094202898550725 0.7540983606557377 0.17391304347826086 0.24043715846994534
3 0.5362318840579711 0.07650273224043716 0.13043478260869565 0.15300546448087432
3 0.7445652173913043 0.21584699453551912 0.09782608695652174 0.18032786885245902
0 0.1068840579710145 0.7021857923497268 0.13405797101449277 0.1366120218579235
0 0.8351449275362319 0.6202185792349727 0.11956521739130435 0.12568306010928962
3 0.8115942028985508 0.42349726775956287 0.13768115942028986 0.14754098360655737
