3 0.7062043795620438 0.6059782608695652 0.10583941605839416 0.1793478260869565
3 0.8923357664233577 0.5163043478260869 0.06934306569343066 0.10869565217391304
3 0.8266423357664233 0.5217391304347826 0.06204379562043796 0.13043478260869565
3 0.12226277372262774 0.5407608695652174 0.11313868613138686 0.1358695652173913
3 0.1551094890510949 0.6141304347826086 0.12043795620437957 0.13043478260869565
3 0.7992700729927007 0.6277173913043478 0.06569343065693431 0.125
3 0.40145985401459855 0.391304347826087 0.16058394160583941 0.2608695652173913
3 0.22627737226277372 0.48641304347826086 0.145985401459854 0.2554347826086957
3 0.5711678832116789 0.3804347826086957 0.16423357664233576 0.2826086956521739
3 0.2956204379562044 0.625 0.12408759124087591 0.21739130434782608
3 0.7591240875912408 0.5163043478260869 0.12408759124087591 0.21739130434782608
3 0.6313868613138686 0.5027173913043478 0.1386861313868613 0.1793478260869565
3 0.864963503649635 0.6086956521739131 0.08759124087591241 0.13043478260869565
