3 0.201 0.37910798122065725 0.078 0.1572769953051643
3 0.577 0.3744131455399061 0.162 0.24178403755868544
3 0.537 0.57981220657277 0.114 0.1784037558685446
3 0.715 0.3767605633802817 0.118 0.21830985915492956
3 0.812 0.3744131455399061 0.084 0.17136150234741784
3 0.234 0.5762910798122066 0.088 0.1807511737089202
3 0.412 0.37089201877934275 0.16 0.2347417840375587
3 0.745 0.57981220657277 0.098 0.18779342723004694
3 0.323 0.5880281690140845 0.106 0.14788732394366197
3 0.286 0.3779342723004695 0.1 0.19718309859154928
3 0.427 0.5868544600938967 0.114 0.18309859154929578
3 0.645 0.5762910798122066 0.114 0.17136150234741784
3 0.809 0.5481220657276995 0.07 0.1431924882629108
