3 0.7545454545454545 0.5655737704918032 0.05454545454545454 0.18032786885245902
3 0.37272727272727274 0.5737704918032787 0.08363636363636363 0.19672131147540983
3 0.5763636363636364 0.40710382513661203 0.12 0.22404371584699453
3 0.8018181818181818 0.4344262295081967 0.08363636363636363 0.16939890710382513
3 0.2727272727272727 0.38524590163934425 0.08727272727272728 0.20218579234972678
3 0.54 0.5792349726775956 0.08363636363636363 0.18579234972677597
3 0.7509090909090909 0.36885245901639346 0.10545454545454545 0.22404371584699453
3 0.1690909090909091 0.5437158469945356 0.04727272727272727 0.12568306010928962
3 0.45636363636363636 0.5683060109289617 0.09090909090909091 0.16393442622950818
3 0.4527272727272727 0.39617486338797814 0.12 0.21311475409836064
3 0.62 0.5983606557377049 0.08363636363636363 0.20218579234972678
3 0.24 0.546448087431694 0.05818181818181818 0.15300546448087432
3 0.8363636363636363 0.5437158469945356 0.05818181818181818 0.10382513661202186
3 0.20363636363636364 0.4207650273224044 0.06545454545454546 0.15300546448087432
3 0.8018181818181818 0.5628415300546448 0.04 0.12021857923497267
3 0.3 0.5765027322404371 0.08363636363636363 0.21311475409836064
3 0.6709090909090909 0.40710382513661203 0.09090909090909091 0.1912568306010929
3 0.8636363636363636 0.4180327868852459 0.04727272727272727 0.12568306010928962
3 0.6981818181818182 0.5846994535519126 0.08 0.2185792349726776
3 0.2 0.5491803278688525 0.02909090909090909 0.12568306010928962
3 0.3563636363636364 0.4016393442622951 0.08727272727272728 0.1912568306010929
