3 0.5346715328467153 0.421195652173913 0.13503649635036497 0.16847826086956522
3 0.7755474452554745 0.6956521739130435 0.09124087591240876 0.17391304347826086
3 0.7463503649635036 0.48641304347826086 0.09124087591240876 0.24456521739130435
3 0.8102189781021898 0.5869565217391305 0.0948905109489051 0.15217391304347827
3 0.25 0.657608695652174 0.09124087591240876 0.1956521739130435
3 0.4215328467153285 0.6086956521739131 0.09124087591240876 0.1956521739130435
3 0.2846715328467153 0.45652173913043476 0.10218978102189781 0.1956521739130435
3 0.6916058394160584 0.6657608695652174 0.09854014598540146 0.21195652173913043
3 0.2062043795620438 0.5135869565217391 0.07664233576642336 0.20108695652173914
3 0.6478102189781022 0.4483695652173913 0.12043795620437957 0.19021739130434784
3 0.39963503649635035 0.4320652173913043 0.13503649635036497 0.1793478260869565
3 0.5967153284671532 0.6222826086956522 0.09854014598540146 0.19021739130434784
3 0.5109489051094891 0.6032608695652174 0.08029197080291971 0.1956521739130435
3 0.3357664233576642 0.625 0.08759124087591241 0.20652173913043478
