3 0.48991666666666667 0.8855 0.04783333333333333 0.054
3 0.38858333333333334 0.743625 0.07683333333333334 0.09025
3 0.5924166666666667 0.885 0.0695 0.113
3 0.44483333333333336 0.831875 0.05566666666666667 0.06925
0 0.72375 0.87925 0.0195 0.021
3 0.6454166666666666 0.915375 0.07483333333333334 0.05725
0 0.7486666666666667 0.8345 0.005333333333333333 0.0075
3 0.7391666666666666 0.889125 0.065 0.07125
3 0.7651666666666667 0.831375 0.08166666666666667 0.08375
0 0.37066666666666664 0.508 0.004666666666666667 0.006
3 0.36566666666666664 0.561 0.092 0.1565
3 0.40608333333333335 0.79675 0.06816666666666667 0.0755
3 0.5308333333333334 0.853125 0.07033333333333333 0.12425
3 0.8075833333333333 0.76425 0.1075 0.1355
3 0.7026666666666667 0.9075 0.06133333333333333 0.056
