3 0.5963636363636363 0.3005464480874317 0.14545454545454545 0.25136612021857924
3 0.5490909090909091 0.73224043715847 0.10909090909090909 0.22950819672131148
3 0.44 0.2459016393442623 0.18181818181818182 0.28415300546448086
3 0.2963636363636364 0.20218579234972678 0.14909090909090908 0.273224043715847
3 0.44363636363636366 0.7377049180327869 0.10909090909090909 0.24043715846994534
3 0.8454545454545455 0.4453551912568306 0.11272727272727273 0.23497267759562843
3 0.9327272727272727 0.5136612021857924 0.11272727272727273 0.18579234972677597
3 0.7581818181818182 0.8224043715846995 0.09818181818181818 0.21311475409836064
3 0.6509090909090909 0.8224043715846995 0.12363636363636364 0.2786885245901639
3 0.3527272727272727 0.6939890710382514 0.08727272727272728 0.24043715846994534
3 0.20545454545454545 0.2103825136612022 0.08363636363636363 0.2459016393442623
3 0.7381818181818182 0.3442622950819672 0.14545454545454545 0.29508196721311475
3 0.27090909090909093 0.6830601092896175 0.06181818181818182 0.20765027322404372
3 0.8472727272727273 0.8060109289617486 0.09454545454545454 0.12568306010928962
