3 0.656651376146789 0.4282765737874097 0.08119266055045872 0.1823185414516684
3 0.7310779816513762 0.41142070863433094 0.07224770642201835 0.21052631578947367
1 0.2239678899082569 0.3615411076711386 0.029587155963302754 0.05503955968352253
3 0.36158256880733947 0.4195046439628483 0.09105504587155963 0.17922256621947025
1 0.49644495412844036 0.5113519091847265 0.029587155963302754 0.04712762297901617
1 0.7964449541284404 0.35775713794289643 0.017201834862385322 0.044031647746818024
3 0.6821100917431193 0.7371861025111799 0.07431192660550459 0.19057447540419675
3 0.43302752293577984 0.738734090127279 0.07614678899082569 0.16339869281045752
3 0.25194954128440367 0.6761265909872721 0.06582568807339449 0.10698314413484693
3 0.23153669724770642 0.4115927072583419 0.04839449541284404 0.15720674234606122
1 0.2646788990825688 0.35104919160646714 0.02522935779816514 0.04437564499484004
3 0.5607798165137615 0.7667698658410733 0.06743119266055046 0.16167870657034744
3 0.45860091743119263 0.4451324389404885 0.11123853211009174 0.19883040935672514
3 0.7805045871559633 0.4109047127622979 0.04954128440366973 0.17440660474716202
3 0.6204128440366973 0.7643618851049192 0.05825688073394496 0.13140694874441006
3 0.7446100917431193 0.7036463708290334 0.06628440366972477 0.14688682490540075
3 0.2974770642201835 0.6962504299965601 0.07431192660550459 0.13553491572067425
3 0.5040137614678899 0.7263501891984864 0.07041284403669724 0.17027863777089783
3 0.5680045871559632 0.4377364981080151 0.10986238532110092 0.19642242862057105
3 0.2845183486238532 0.40677674578603373 0.06811926605504587 0.18403852769177848
3 0.35894495412844035 0.7265221878224974 0.07935779816513762 0.15961472308221533
