3 0.4421875 0.4987684729064039 0.046875 0.10098522167487685
3 0.4171875 0.46921182266009853 0.04375 0.08620689655172414
3 0.63828125 0.2524630541871921 0.0421875 0.08620689655172414
3 0.48671875 0.5135467980295566 0.0453125 0.11083743842364532
3 0.67109375 0.2672413793103448 0.0296875 0.07142857142857142
3 0.51796875 0.25492610837438423 0.0703125 0.0960591133004926
3 0.61171875 0.5086206896551724 0.0390625 0.10591133004926108
3 0.41875 0.27216748768472904 0.0375 0.06157635467980296
3 0.4578125 0.25985221674876846 0.05 0.07142857142857142
3 0.53046875 0.5123152709359606 0.0421875 0.10837438423645321
3 0.57265625 0.5184729064039408 0.0421875 0.10591133004926108
3 0.58515625 0.24753694581280788 0.0671875 0.10098522167487685
3 0.39140625 0.45197044334975367 0.0359375 0.07635467980295567
3 0.6671875 0.45935960591133007 0.065625 0.11576354679802955
3 0.64375 0.5 0.0375 0.10837438423645321
