0 0.4622395833333333 0.47718631178707227 0.0078125 0.0076045627376425855
0 0.3444010416666667 0.4838403041825095 0.04296875 0.043726235741444866
0 0.458984375 0.4011406844106464 0.07421875 0.060836501901140684
0 0.3951822916666667 0.5807984790874525 0.01953125 0.051330798479087454
3 0.65234375 0.4524714828897338 0.1796875 0.33840304182509506
3 0.4440104166666667 0.47338403041825095 0.24739583333333334 0.39923954372623577
3 0.837890625 0.44201520912547526 0.19921875 0.3365019011406844
1 0.4244791666666667 0.48098859315589354 0.20833333333333334 0.2585551330798479
0 0.49609375 0.470532319391635 0.0234375 0.009505703422053232
0 0.4759114583333333 0.47718631178707227 0.009114583333333334 0.0076045627376425855
0 0.4498697916666667 0.535171102661597 0.02734375 0.039923954372623575
