3 0.5892857142857143 0.44166666666666665 0.15 0.2611111111111111
3 0.17142857142857143 0.45 0.06428571428571428 0.26666666666666666
3 0.18214285714285713 0.6722222222222223 0.05 0.18888888888888888
3 0.7107142857142857 0.4361111111111111 0.11428571428571428 0.2833333333333333
3 0.225 0.6722222222222223 0.05714285714285714 0.16666666666666666
3 0.44642857142857145 0.42777777777777776 0.14285714285714285 0.32222222222222224
3 0.6964285714285714 0.6833333333333333 0.1 0.25555555555555554
3 0.8732142857142857 0.46944444444444444 0.08214285714285714 0.22777777777777777
3 0.3767857142857143 0.6944444444444444 0.08214285714285714 0.2222222222222222
3 0.4517857142857143 0.6805555555555556 0.075 0.18333333333333332
3 0.6160714285714286 0.6666666666666666 0.09642857142857143 0.2222222222222222
3 0.775 0.6638888888888889 0.07142857142857142 0.20555555555555555
3 0.8 0.45 0.07142857142857142 0.28888888888888886
3 0.29464285714285715 0.7027777777777777 0.09642857142857143 0.2611111111111111
3 0.5303571428571429 0.6527777777777778 0.075 0.22777777777777777
3 0.23392857142857143 0.4527777777777778 0.08214285714285714 0.2722222222222222
3 0.8482142857142857 0.6888888888888889 0.08928571428571429 0.2222222222222222
3 0.3267857142857143 0.4638888888888889 0.11071428571428571 0.2388888888888889
