3 0.5902255639097744 0.6455026455026455 0.09774436090225563 0.20105820105820105
3 0.650375939849624 0.43915343915343913 0.10526315789473684 0.21164021164021163
3 0.693609022556391 0.6216931216931217 0.12406015037593984 0.1746031746031746
3 0.32142857142857145 0.6481481481481481 0.07142857142857142 0.164021164021164
3 0.40225563909774437 0.6481481481481481 0.09022556390977443 0.164021164021164
3 0.7875939849624061 0.5873015873015873 0.10902255639097744 0.13756613756613756
3 0.2894736842105263 0.4603174603174603 0.12030075187969924 0.2328042328042328
3 0.8270676691729323 0.455026455026455 0.07518796992481203 0.13756613756613756
3 0.5394736842105263 0.4708994708994709 0.12406015037593984 0.19047619047619047
3 0.15977443609022557 0.42328042328042326 0.041353383458646614 0.15873015873015872
3 0.4943609022556391 0.6481481481481481 0.09398496240601503 0.21693121693121692
3 0.7462406015037594 0.46825396825396826 0.09398496240601503 0.164021164021164
3 0.20676691729323307 0.4417989417989418 0.06766917293233082 0.20634920634920634
3 0.4116541353383459 0.455026455026455 0.12406015037593984 0.2222222222222222
3 0.2556390977443609 0.6375661375661376 0.06015037593984962 0.164021164021164
