3 0.5836298932384342 0.6145251396648045 0.08540925266903915 0.1340782122905028
3 0.501779359430605 0.6256983240223464 0.08540925266903915 0.11173184357541899
3 0.7295373665480427 0.4441340782122905 0.11387900355871886 0.15083798882681565
3 0.5640569395017794 0.1005586592178771 0.14590747330960854 0.2011173184357542
3 0.8185053380782918 0.20391061452513967 0.099644128113879 0.15083798882681565
3 0.4234875444839858 0.10614525139664804 0.13523131672597866 0.2122905027932961
3 0.7722419928825622 0.33519553072625696 0.11387900355871886 0.1452513966480447
3 0.297153024911032 0.5139664804469274 0.08896797153024912 0.12290502793296089
3 0.42704626334519574 0.6145251396648045 0.07829181494661921 0.1005586592178771
3 0.22597864768683273 0.055865921787709494 0.08896797153024912 0.11173184357541899
3 0.24733096085409254 0.41620111731843573 0.1103202846975089 0.13966480446927373
3 0.6814946619217082 0.07262569832402235 0.08896797153024912 0.1452513966480447
3 0.3113879003558719 0.0782122905027933 0.09608540925266904 0.1564245810055866
3 0.6654804270462633 0.553072625698324 0.09252669039145907 0.1340782122905028
3 0.7651245551601423 0.055865921787709494 0.08540925266903915 0.11173184357541899
3 0.35765124555160144 0.5754189944134078 0.07473309608540925 0.12290502793296089
