3 0.5106382978723404 0.36524822695035464 0.0425531914893617 0.06382978723404255
3 0.5141843971631206 0.4787234042553192 0.04964539007092199 0.06382978723404255
3 0.5921985815602837 0.524822695035461 0.04964539007092199 0.07092198581560284
3 0.6347517730496454 0.5390070921985816 0.04964539007092199 0.07092198581560284
3 0.6134751773049646 0.4078014184397163 0.09219858156028368 0.09219858156028368
3 0.5531914893617021 0.3829787234042553 0.07092198581560284 0.07092198581560284
3 0.74822695035461 0.4574468085106383 0.04964539007092199 0.07801418439716312
3 0.6843971631205674 0.4326241134751773 0.09219858156028368 0.09929078014184398
3 0.7978723404255319 0.46808510638297873 0.06382978723404255 0.0851063829787234
3 0.5567375886524822 0.5 0.04964539007092199 0.04964539007092199
3 0.7198581560283688 0.5602836879432624 0.03546099290780142 0.0425531914893617
3 0.6808510638297872 0.549645390070922 0.05673758865248227 0.04964539007092199
