3 0.4203286888174348 0.4951785714285714 0.021078956770275097 0.010357142857142856
3 0.4835655591282601 0.4657142857142857 0.0632368703108253 0.07785714285714286
0 0.42461593426223654 0.45553571428571427 0.055376920328688815 0.0425
0 0.36245087531261166 0.4496428571428571 0.03894247945694891 0.055714285714285716
0 0.5546623794212219 0.46910714285714283 0.05251875669882101 0.046785714285714285
0 0.612540192926045 0.44035714285714284 0.051089674883887104 0.035
0 0.4796355841371919 0.4548214285714286 0.010360843158270811 0.006071428571428571
0 0.6686316541622008 0.4326785714285714 0.05609146123615577 0.031785714285714285
3 0.36959628438728115 0.45089285714285715 0.05466237942122187 0.05892857142857143
1 0.47856377277599144 0.45589285714285716 0.01321900678813862 0.0125
3 0.5507324044301536 0.4616071428571429 0.06037870668095748 0.08107142857142857
