3 0.7090909090909091 0.595108695652174 0.07272727272727272 0.16847826086956522
3 0.7636363636363637 0.47282608695652173 0.07272727272727272 0.17391304347826086
3 0.14727272727272728 0.5978260869565217 0.06909090909090909 0.16304347826086957
3 0.54 0.5815217391304348 0.08363636363636363 0.22826086956521738
3 0.07272727272727272 0.4375 0.03636363636363636 0.1358695652173913
3 0.6309090909090909 0.5869565217391305 0.08363636363636363 0.1956521739130435
3 0.2109090909090909 0.6086956521739131 0.08 0.16304347826086957
3 0.8381818181818181 0.6304347826086957 0.07636363636363637 0.14130434782608695
3 0.28545454545454546 0.5896739130434783 0.07636363636363637 0.1793478260869565
3 0.41818181818181815 0.42391304347826086 0.14545454545454545 0.2391304347826087
3 0.3109090909090909 0.4429347826086957 0.09090909090909091 0.19021739130434784
3 0.11818181818181818 0.453804347826087 0.05454545454545454 0.15760869565217392
3 0.45454545454545453 0.5760869565217391 0.08727272727272728 0.20652173913043478
3 0.5763636363636364 0.4157608695652174 0.14181818181818182 0.24456521739130435
3 0.09454545454545454 0.5597826086956522 0.07272727272727272 0.11956521739130435
3 0.7836363636363637 0.6440217391304348 0.08363636363636363 0.1793478260869565
3 0.1709090909090909 0.46467391304347827 0.06545454545454546 0.15760869565217392
3 0.36363636363636365 0.5978260869565217 0.08727272727272728 0.1956521739130435
3 0.8818181818181818 0.47554347826086957 0.04727272727272727 0.15760869565217392
3 0.8254545454545454 0.483695652173913 0.06545454545454546 0.18478260869565216
3 0.23272727272727273 0.45108695652173914 0.07272727272727272 0.20652173913043478
3 0.6872727272727273 0.41304347826086957 0.08727272727272728 0.1956521739130435
