3 0.21923076923076923 0.5824742268041238 0.11538461538461539 0.20618556701030927
3 0.6211538461538462 0.6597938144329897 0.12692307692307692 0.25773195876288657
3 0.6942307692307692 0.39948453608247425 0.08846153846153847 0.28350515463917525
3 0.5134615384615384 0.6365979381443299 0.10384615384615385 0.26288659793814434
3 0.2326923076923077 0.37628865979381443 0.10384615384615385 0.25773195876288657
3 0.4423076923076923 0.38144329896907214 0.15384615384615385 0.31958762886597936
3 0.16153846153846155 0.38402061855670105 0.09230769230769231 0.25257731958762886
3 0.3076923076923077 0.6185567010309279 0.11538461538461539 0.2268041237113402
3 0.9557692307692308 0.6262886597938144 0.06538461538461539 0.2422680412371134
3 0.7884615384615384 0.6649484536082474 0.16153846153846155 0.30927835051546393
3 0.08846153846153847 0.32989690721649484 0.07692307692307693 0.21649484536082475
3 0.8769230769230769 0.39690721649484534 0.1 0.2268041237113402
3 0.4096153846153846 0.6417525773195877 0.10384615384615385 0.211340206185567
3 0.9557692307692308 0.3479381443298969 0.08076923076923077 0.2422680412371134
3 0.1326923076923077 0.5798969072164949 0.06538461538461539 0.20103092783505155
3 0.3384615384615385 0.3917525773195876 0.12307692307692308 0.30927835051546393
3 0.7923076923076923 0.38917525773195877 0.11538461538461539 0.2422680412371134
3 0.5961538461538461 0.36855670103092786 0.16153846153846155 0.34536082474226804
3 0.8961538461538462 0.6443298969072165 0.1 0.29896907216494845
3 0.08269230769230769 0.520618556701031 0.07307692307692308 0.1958762886597938
