3 0.7046332046332047 0.7603092783505154 0.06563706563706563 0.05670103092783505
3 0.5888030888030888 0.7783505154639175 0.06563706563706563 0.07216494845360824
3 0.7374517374517374 0.7268041237113402 0.0694980694980695 0.061855670103092786
3 0.6486486486486487 0.7731958762886598 0.05405405405405406 0.07216494845360824
3 0.3108108108108108 0.770618556701031 0.05791505791505792 0.06701030927835051
3 0.29343629343629346 0.7345360824742269 0.08494208494208494 0.07731958762886598
3 0.7606177606177607 0.6804123711340206 0.06177606177606178 0.041237113402061855
3 0.46525096525096526 0.788659793814433 0.05791505791505792 0.07216494845360824
3 0.35135135135135137 0.7809278350515464 0.06177606177606178 0.07731958762886598
3 0.45366795366795365 0.18041237113402062 0.0888030888030888 0.07216494845360824
3 0.4034749034749035 0.788659793814433 0.06563706563706563 0.07216494845360824
3 0.525096525096525 0.7860824742268041 0.05405405405405406 0.06701030927835051
3 0.5405405405405406 0.18298969072164947 0.08494208494208494 0.06701030927835051
