3 0.2950138504155125 0.4425 0.11911357340720222 0.225
3 0.24238227146814403 0.7275 0.10249307479224377 0.235
3 0.8628808864265928 0.71 0.08033240997229917 0.23
3 0.5789473684210527 0.365 0.16066481994459833 0.26
3 0.34349030470914127 0.675 0.11080332409972299 0.22
3 0.7590027700831025 0.725 0.08310249307479224 0.21
3 0.1481994459833795 0.825 0.08587257617728532 0.14
3 0.10110803324099724 0.7125 0.09695290858725762 0.255
3 0.6662049861495845 0.6725 0.10803324099722991 0.205
3 0.45429362880886426 0.645 0.11080332409972299 0.21
3 0.4279778393351801 0.365 0.1523545706371191 0.25
3 0.18421052631578946 0.54 0.10803324099722991 0.28
3 0.796398891966759 0.545 0.09141274238227147 0.25
3 0.703601108033241 0.445 0.10526315789473684 0.22
3 0.5623268698060941 0.645 0.10526315789473684 0.2
