3 0.6023603082851637 0.752528901734104 0.06117533718689788 0.0888728323699422
3 0.4717003853564547 0.7615606936416185 0.06719653179190752 0.07153179190751445
3 0.40402215799614644 0.2630057803468208 0.06671483622350674 0.10982658959537572
1 0.6688342967244701 0.24566473988439305 0.03998073217726397 0.07225433526011561
0 0.6789499036608864 0.2651734104046243 0.012524084778420038 0.013728323699421965
3 0.35946531791907516 0.7292268786127167 0.05515414258188825 0.0921242774566474
0 0.6571531791907514 0.2563222543352601 0.005539499036608863 0.006864161849710983
0 0.6820809248554913 0.28215317919075145 0.010115606936416185 0.014450867052023121
3 0.4179913294797688 0.740606936416185 0.06478805394990365 0.08959537572254335
1 0.39041425818882464 0.24223265895953758 0.03709055876685934 0.0625
3 0.5403420038535646 0.7619219653179191 0.07105009633911367 0.07153179190751445
0 0.6604046242774566 0.2519869942196532 0.009152215799614644 0.010476878612716763
3 0.6576348747591522 0.2658959537572254 0.06189788053949904 0.1119942196531792
0 0.671242774566474 0.2749277456647399 0.003371868978805395 0.005780346820809248
3 0.5751445086705202 0.22109826589595374 0.09344894026974952 0.07297687861271676
0 0.38391136801541426 0.24295520231213874 0.0197495183044316 0.04804913294797688
3 0.6552263969171483 0.7285043352601156 0.05178227360308285 0.08706647398843931
3 0.7111030828516378 0.2966040462427746 0.046483622350674374 0.08453757225433527
