3 0.126 0.3566666666666667 0.084 0.24666666666666667
3 0.064 0.3466666666666667 0.064 0.2
3 0.14 0.5466666666666666 0.064 0.14666666666666667
3 0.222 0.37 0.124 0.3
3 0.326 0.38 0.1 0.29333333333333333
3 0.932 0.32666666666666666 0.08 0.29333333333333333
3 0.848 0.37333333333333335 0.104 0.29333333333333333
3 0.206 0.5933333333333334 0.1 0.18666666666666668
3 0.548 0.6 0.112 0.25333333333333335
3 0.756 0.38333333333333336 0.112 0.31333333333333335
3 0.63 0.36666666666666664 0.156 0.3466666666666667
3 0.862 0.58 0.1 0.2
3 0.31 0.62 0.124 0.26666666666666666
3 0.434 0.6266666666666667 0.124 0.22666666666666666
3 0.654 0.63 0.116 0.20666666666666667
3 0.77 0.6266666666666667 0.124 0.24
3 0.456 0.37 0.168 0.34
