3 0.29464285714285715 0.5892857142857143 0.13392857142857142 0.17857142857142858
3 0.09375 0.5691964285714286 0.10714285714285714 0.14732142857142858
3 0.9263392857142857 0.3861607142857143 0.08482142857142858 0.16517857142857142
3 0.84375 0.5267857142857143 0.14285714285714285 0.15178571428571427
3 0.36160714285714285 0.390625 0.19642857142857142 0.21875
3 0.171875 0.6183035714285714 0.14732142857142858 0.19196428571428573
3 0.8236607142857143 0.3638392857142857 0.13839285714285715 0.20089285714285715
3 0.6272321428571429 0.609375 0.13839285714285715 0.20089285714285715
3 0.7008928571428571 0.3861607142857143 0.13392857142857142 0.20982142857142858
3 0.5133928571428571 0.5825892857142857 0.11607142857142858 0.16517857142857142
3 0.39732142857142855 0.6004464285714286 0.13392857142857142 0.20089285714285715
3 0.08928571428571429 0.40848214285714285 0.13392857142857142 0.20089285714285715
3 0.22767857142857142 0.421875 0.15178571428571427 0.20982142857142858
3 0.5491071428571429 0.3861607142857143 0.19642857142857142 0.2544642857142857
3 0.7566964285714286 0.5915178571428571 0.13839285714285715 0.20089285714285715
3 0.9308035714285714 0.5133928571428571 0.11160714285714286 0.10714285714285714
