3 0.6578073089700996 0.6437125748502994 0.11960132890365449 0.23353293413173654
3 0.6810631229235881 0.38023952095808383 0.11295681063122924 0.30538922155688625
3 0.09136212624584718 0.36227544910179643 0.04983388704318937 0.23353293413173654
3 0.47674418604651164 0.592814371257485 0.07641196013289037 0.19161676646706588
3 0.30066445182724255 0.39221556886227543 0.10963455149501661 0.30538922155688625
3 0.8571428571428571 0.6047904191616766 0.0664451827242525 0.2155688622754491
3 0.7873754152823921 0.6137724550898204 0.08637873754152824 0.23353293413173654
3 0.21096345514950166 0.38023952095808383 0.08970099667774087 0.31736526946107785
3 0.840531561461794 0.4041916167664671 0.07308970099667775 0.2934131736526946
3 0.9019933554817275 0.4221556886227545 0.06312292358803986 0.20958083832335328
3 0.1378737541528239 0.5778443113772455 0.06976744186046512 0.17365269461077845
0 0.813953488372093 0.45209580838323354 0.013289036544850499 0.10179640718562874
3 0.7192691029900332 0.6377245508982036 0.05647840531561462 0.19760479041916168
3 0.2009966777408638 0.6047904191616766 0.08970099667774087 0.2275449101796407
3 0.3803986710963455 0.6467065868263473 0.11627906976744186 0.25149700598802394
3 0.5681063122923588 0.6347305389221557 0.10631229235880399 0.20359281437125748
3 0.41362126245847175 0.3772455089820359 0.15614617940199335 0.38323353293413176
3 0.7691029900332226 0.41317365269461076 0.09634551495016612 0.33532934131736525
3 0.5647840531561462 0.3652694610778443 0.1461794019933555 0.3473053892215569
3 0.287375415282392 0.6137724550898204 0.08305647840531562 0.18562874251497005
3 0.14119601328903655 0.38622754491017963 0.05647840531561462 0.2694610778443114
3 0.08139534883720931 0.5479041916167665 0.06312292358803986 0.1497005988023952
