0 0.38223938223938225 0.18814432989690721 0.10810810810810811 0.04639175257731959
3 0.9015444015444015 0.13659793814432988 0.1891891891891892 0.27319587628865977
3 0.305019305019305 0.4690721649484536 0.2084942084942085 0.28865979381443296
0 0.30115830115830117 0.4793814432989691 0.19305019305019305 0.25773195876288657
3 0.5 0.5798969072164949 0.25868725868725867 0.33505154639175255
0 0.7606177606177607 0.6443298969072165 0.16216216216216217 0.29896907216494845
0 0.6061776061776062 0.6005154639175257 0.03861003861003861 0.12886597938144329
3 0.416988416988417 0.2654639175257732 0.19305019305019305 0.30412371134020616
3 0.5868725868725869 0.24742268041237114 0.16216216216216217 0.3402061855670103
3 0.722007722007722 0.6134020618556701 0.2471042471042471 0.41237113402061853
0 0.528957528957529 0.12371134020618557 0.04633204633204633 0.08247422680412371
0 0.43243243243243246 0.6056701030927835 0.11583011583011583 0.07731958762886598
3 0.7760617760617761 0.2268041237113402 0.2625482625482625 0.36082474226804123
