3 0.8227926807603482 0.42206235011990406 0.05524960028424231 0.11510791366906475
3 0.3446438088470421 0.47215560884625635 0.07674542547521762 0.1641353583799627
3 0.2251732101616628 0.4625632827071676 0.05098596553561911 0.15134559019451105
3 0.4856102327233967 0.5798028244071409 0.057736720554272515 0.0506261657340794
3 0.3442885059513235 0.5758060218491873 0.06715224729081543 0.10604849453770317
3 0.7398294546100551 0.5660804689581668 0.06448747557292592 0.13029576338928858
3 0.6401669923609877 0.4724220623501199 0.08616095221176052 0.16839861444177992
3 0.5542725173210161 0.5802025046629363 0.05826967489785042 0.045563549160671464
3 0.6801385681293303 0.5586197708499867 0.05560490317996092 0.11697308819610978
3 0.5456564220998401 0.47228883559818813 0.11245336649493694 0.2070343725019984
3 0.24649138390477882 0.5522248867572609 0.05134126843133772 0.09778843591793232
3 0.76905311778291 0.4596322941646683 0.055071948836383014 0.14814814814814814
3 0.7153135548054717 0.46522781774580335 0.07265944217445372 0.19024780175859313
3 0.6192929472375199 0.5612843058886224 0.05862497779356902 0.06741273647748468
3 0.4348019186356369 0.4708233413269384 0.11422988097352993 0.2014388489208633
3 0.27669213004085985 0.4661604050093259 0.06484277846864452 0.18731681321609378
3 0.7986320838514834 0.5319744204636291 0.06271096109433291 0.1345590194511058
3 0.40815420145674186 0.5675459632294164 0.06732989873867472 0.10285105249134026
