0 0.339041095890411 0.8063583815028902 0.0684931506849315 0.05202312138728324
1 0.4400684931506849 0.2398843930635838 0.09931506849315068 0.1676300578034682
1 0.3476027397260274 0.24277456647398843 0.09931506849315068 0.15028901734104047
3 0.4058219178082192 0.6589595375722543 0.11301369863013698 0.3352601156069364
3 0.2482876712328767 0.6936416184971098 0.08561643835616438 0.30057803468208094
3 0.6472602739726028 0.3265895953757225 0.10273972602739725 0.2832369942196532
3 0.2551369863013699 0.3786127167630058 0.09931506849315068 0.35260115606936415
3 0.7705479452054794 0.7283236994219653 0.1095890410958904 0.30057803468208094
3 0.5136986301369864 0.6589595375722543 0.1232876712328767 0.31213872832369943
3 0.5547945205479452 0.3439306358381503 0.1232876712328767 0.35260115606936415
3 0.3373287671232877 0.3352601156069364 0.11301369863013698 0.3352601156069364
3 0.4349315068493151 0.3265895953757225 0.1232876712328767 0.35260115606936415
3 0.1934931506849315 0.42196531791907516 0.07876712328767123 0.23121387283236994
3 0.7243150684931506 0.37283236994219654 0.11986301369863013 0.36416184971098264
3 0.6883561643835616 0.6676300578034682 0.10273972602739725 0.36416184971098264
3 0.6198630136986302 0.6676300578034682 0.0958904109589041 0.34104046242774566
3 0.7876712328767124 0.4479768786127168 0.07534246575342465 0.2947976878612717
1 0.547945205479452 0.25722543352601157 0.10273972602739725 0.1791907514450867
3 0.3287671232876712 0.7052023121387283 0.11643835616438356 0.31213872832369943
