3 0.4727272727272727 0.5765027322404371 0.08727272727272728 0.1912568306010929
3 0.7418181818181818 0.4644808743169399 0.08 0.13114754098360656
3 0.8 0.4562841530054645 0.05090909090909091 0.10382513661202186
3 0.6927272727272727 0.5327868852459017 0.06909090909090909 0.11475409836065574
3 0.18181818181818182 0.5683060109289617 0.05818181818181818 0.07650273224043716
3 0.24 0.587431693989071 0.05818181818181818 0.060109289617486336
3 0.6290909090909091 0.587431693989071 0.08727272727272728 0.1366120218579235
3 0.5545454545454546 0.5765027322404371 0.08363636363636363 0.1912568306010929
3 0.7490909090909091 0.5409836065573771 0.05818181818181818 0.0546448087431694
3 0.14545454545454545 0.505464480874317 0.05818181818181818 0.09289617486338798
3 0.2545454545454545 0.5109289617486339 0.08727272727272728 0.12568306010928962
3 0.5854545454545454 0.3989071038251366 0.10181818181818182 0.17486338797814208
3 0.30727272727272725 0.5710382513661202 0.07636363636363637 0.1366120218579235
3 0.42 0.4262295081967213 0.14181818181818182 0.16393442622950818
3 0.38727272727272727 0.5846994535519126 0.09090909090909091 0.15300546448087432
3 0.19454545454545455 0.505464480874317 0.06181818181818182 0.11475409836065574
