3 0.16913987359164606 0.38320987654320987 0.060181368507831824 0.26567901234567903
3 0.3129980763946139 0.648641975308642 0.11211871393239901 0.29975308641975307
0 0.8385545479527343 0.4854320987654321 0.04259411926353394 0.03259259259259259
3 0.8834844737565265 0.5849382716049383 0.05386095081066227 0.24938271604938272
3 0.8781258587524045 0.3449382716049383 0.0343500961802693 0.24641975308641975
3 0.8402033525693872 0.3545679012345679 0.054685353118988735 0.2577777777777778
3 0.4097279472382523 0.6424691358024691 0.08903544929925804 0.29432098765432096
3 0.15856004396812312 0.6061728395061728 0.06430338004946413 0.21580246913580248
3 0.49780159384446276 0.6476543209876543 0.08876064852981588 0.277037037037037
0 0.8786754602912888 0.47333333333333333 0.029403682330310526 0.018271604938271607
3 0.8338829348722177 0.5908641975308642 0.071173399285518 0.25037037037037035
3 0.572822203902171 0.41259259259259257 0.12833195932948613 0.28
3 0.6876889255289915 0.39358024691358023 0.10085188238527068 0.2617283950617284
3 0.7764495740588073 0.37679012345679014 0.09205825776312174 0.27555555555555555
3 0.6661170651277823 0.639753086419753 0.09618026930475405 0.29975308641975307
3 0.7547403132728772 0.6153086419753087 0.09810387469084914 0.2874074074074074
3 0.23536685902720528 0.3933333333333333 0.08161582852431987 0.28987654320987655
3 0.32412750755702113 0.397037037037037 0.10744710085188239 0.26765432098765435
3 0.5829898323715307 0.6528395061728395 0.0838142346798571 0.23209876543209876
3 0.43981863149216816 0.4059259259259259 0.13053036548502336 0.2874074074074074
3 0.22588623248145095 0.6296296296296297 0.0807914262159934 0.2814814814814815
