3 0.284452296819788 0.4157303370786517 0.08833922261484099 0.23595505617977527
3 0.12897526501766785 0.4241573033707865 0.07420494699646643 0.19662921348314608
3 0.044169611307420496 0.5140449438202247 0.06713780918727916 0.12921348314606743
3 0.254416961130742 0.6067415730337079 0.09187279151943463 0.20224719101123595
3 0.508833922261484 0.6376404494382022 0.0706713780918728 0.17415730337078653
3 0.8710247349823321 0.42134831460674155 0.038869257950530034 0.15730337078651685
3 0.8215547703180212 0.5589887640449438 0.06713780918727916 0.1404494382022472
3 0.09540636042402827 0.550561797752809 0.0706713780918728 0.14606741573033707
3 0.6007067137809188 0.6123595505617978 0.0706713780918728 0.1797752808988764
3 0.8303886925795053 0.4157303370786517 0.0706713780918728 0.20224719101123595
3 0.6590106007067138 0.41853932584269665 0.10247349823321555 0.24157303370786518
3 0.39752650176678445 0.4297752808988764 0.14487632508833923 0.29775280898876405
3 0.7491166077738516 0.4157303370786517 0.09187279151943463 0.24719101123595505
3 0.061837455830388695 0.4044943820224719 0.06713780918727916 0.15730337078651685
3 0.19964664310954064 0.40168539325842695 0.09540636042402827 0.24157303370786518
3 0.6855123674911661 0.5926966292134831 0.07773851590106007 0.1853932584269663
3 0.8674911660777385 0.5533707865168539 0.0812720848056537 0.11797752808988764
3 0.17314487632508835 0.5842696629213483 0.0989399293286219 0.1797752808988764
3 0.5406360424028268 0.42696629213483145 0.1413427561837456 0.30337078651685395
3 0.7632508833922261 0.5898876404494382 0.0989399293286219 0.15730337078651685
3 0.42226148409893993 0.6235955056179775 0.0812720848056537 0.1797752808988764
3 0.3409893992932862 0.6123595505617978 0.08833922261484099 0.19101123595505617
