3 0.41454545454545455 0.3442622950819672 0.08727272727272728 0.24043715846994534
3 0.5036363636363637 0.3442622950819672 0.09090909090909091 0.24043715846994534
1 0.6963636363636364 0.6284153005464481 0.06909090909090909 0.09836065573770492
3 0.5909090909090909 0.3469945355191257 0.08363636363636363 0.20218579234972678
3 0.769090909090909 0.42349726775956287 0.07636363636363637 0.1366120218579235
3 0.14727272727272728 0.4016393442622951 0.06909090909090909 0.21311475409836064
3 0.24 0.2814207650273224 0.10909090909090909 0.14754098360655737
3 0.30363636363636365 0.5327868852459017 0.07636363636363637 0.21311475409836064
3 0.5545454545454546 0.5683060109289617 0.08363636363636363 0.24043715846994534
3 0.8109090909090909 0.39344262295081966 0.04363636363636364 0.18579234972677597
3 0.08545454545454545 0.36065573770491804 0.08363636363636363 0.20765027322404372
3 0.6236363636363637 0.5628415300546448 0.09090909090909091 0.273224043715847
3 0.7018181818181818 0.546448087431694 0.07272727272727272 0.26229508196721313
3 0.38 0.5245901639344263 0.09818181818181818 0.28415300546448086
3 0.72 0.37158469945355194 0.10909090909090909 0.13114754098360656
3 0.48727272727272725 0.5710382513661202 0.06545454545454546 0.21311475409836064
3 0.22545454545454546 0.4890710382513661 0.11636363636363636 0.3005464480874317
