3 0.5431893687707641 0.5775 0.06976744186046512 0.145
3 0.5980066445182725 0.445 0.07973421926910298 0.15
3 0.3023255813953488 0.4425 0.07308970099667775 0.135
3 0.39368770764119604 0.4425 0.10963455149501661 0.165
3 0.23588039867109634 0.4325 0.059800664451827246 0.155
3 0.3438538205980066 0.56 0.06312292358803986 0.14
3 0.6146179401993356 0.575 0.0664451827242525 0.14
3 0.2807308970099668 0.5525 0.05647840531561462 0.115
3 0.22757475083056478 0.5475 0.06976744186046512 0.115
3 0.4750830564784053 0.58 0.0664451827242525 0.13
3 0.6710963455149501 0.4375 0.07308970099667775 0.175
3 0.4069767441860465 0.575 0.06312292358803986 0.12
3 0.6677740863787376 0.5725 0.053156146179401995 0.125
3 0.5049833887043189 0.435 0.11295681063122924 0.17
