3 0.858 0.1264705882352941 0.164 0.21764705882352942
3 0.19 0.5029411764705882 0.124 0.14705882352941177
3 0.23 0.65 0.108 0.17058823529411765
3 0.818 0.3382352941176471 0.18 0.22941176470588234
3 0.154 0.13823529411764707 0.148 0.17058823529411765
3 0.506 0.8735294117647059 0.084 0.1
3 0.584 0.8382352941176471 0.088 0.11176470588235295
3 0.426 0.8735294117647059 0.076 0.1
3 0.164 0.32941176470588235 0.16 0.2235294117647059
3 0.736 0.6705882352941176 0.128 0.18823529411764706
3 0.278 0.7735294117647059 0.084 0.11176470588235295
3 0.342 0.8323529411764706 0.1 0.12352941176470589
3 0.66 0.7735294117647059 0.096 0.14705882352941177
3 0.762 0.5235294117647059 0.132 0.15294117647058825
