3 0.28708133971291866 0.43309859154929575 0.11483253588516747 0.19014084507042253
3 0.46172248803827753 0.5845070422535211 0.07177033492822966 0.09859154929577464
3 0.7368421052631579 0.39436619718309857 0.09569377990430622 0.2112676056338028
3 0.35645933014354064 0.36619718309859156 0.11004784688995216 0.23943661971830985
3 0.5334928229665071 0.545774647887324 0.08133971291866028 0.14788732394366197
3 0.7894736842105263 0.5598591549295775 0.10526315789473684 0.176056338028169
3 0.5933014354066986 0.426056338028169 0.14354066985645933 0.21830985915492956
3 0.19617224880382775 0.5880281690140845 0.09569377990430622 0.1619718309859155
3 0.44976076555023925 0.44366197183098594 0.1339712918660287 0.22535211267605634
3 0.15789473684210525 0.44366197183098594 0.05741626794258373 0.1267605633802817
3 0.2822966507177033 0.573943661971831 0.07655502392344497 0.13380281690140844
3 0.6220095693779905 0.5669014084507042 0.0861244019138756 0.11971830985915492
3 0.6985645933014354 0.5246478873239436 0.07655502392344497 0.14788732394366197
3 0.8181818181818182 0.3908450704225352 0.07655502392344497 0.176056338028169
3 0.21291866028708134 0.4471830985915493 0.07177033492822966 0.14788732394366197
3 0.6722488038277512 0.3380281690140845 0.11004784688995216 0.22535211267605634
3 0.361244019138756 0.5563380281690141 0.08133971291866028 0.15492957746478872
