3 0.4797794117647059 0.4225 0.04044117647058824 0.035
3 0.4264705882352941 0.36 0.04411764705882353 0.06
3 0.3952205882352941 0.355 0.03308823529411765 0.05
3 0.6213235294117647 0.3775 0.029411764705882353 0.055
3 0.5551470588235294 0.4225 0.03676470588235294 0.035
3 0.53125 0.385 0.0625 0.08
3 0.4430147058823529 0.4075 0.03308823529411765 0.045
3 0.4742647058823529 0.38 0.058823529411764705 0.08
3 0.5863970588235294 0.3775 0.04779411764705882 0.065
3 0.5147058823529411 0.4275 0.03676470588235294 0.045
