3 0.5886850152905199 0.405 0.0581039755351682 0.14
3 0.3409785932721712 0.6475 0.05198776758409786 0.075
3 0.3211009174311927 0.545 0.05504587155963303 0.12
3 0.39908256880733944 0.4975 0.08256880733944955 0.155
3 0.2981651376146789 0.555 0.045871559633027525 0.1
3 0.6712538226299695 0.3625 0.039755351681957186 0.095
3 0.35015290519877673 0.5375 0.05198776758409786 0.105
3 0.4892966360856269 0.5825 0.05504587155963303 0.065
3 0.44495412844036697 0.6025 0.05198776758409786 0.085
3 0.39602446483180426 0.635 0.06422018348623854 0.09
3 0.5351681957186545 0.4325 0.0672782874617737 0.125
3 0.4709480122324159 0.46 0.07951070336391437 0.16
3 0.6345565749235474 0.3825 0.039755351681957186 0.115
3 0.5412844036697247 0.55 0.06116207951070336 0.07
