3 0.7509090909090909 0.5546448087431693 0.05454545454545454 0.1366120218579235
3 0.3781818181818182 0.42349726775956287 0.08727272727272728 0.16939890710382513
3 0.4763636363636364 0.5846994535519126 0.06545454545454546 0.13114754098360656
3 0.30363636363636365 0.42349726775956287 0.06909090909090909 0.14754098360655737
3 0.6890909090909091 0.5737704918032787 0.08363636363636363 0.17486338797814208
3 0.7490909090909091 0.4098360655737705 0.08 0.18579234972677597
3 0.4109090909090909 0.5765027322404371 0.06545454545454546 0.15846994535519127
3 0.2872727272727273 0.546448087431694 0.06545454545454546 0.12021857923497267
3 0.6127272727272727 0.5765027322404371 0.07636363636363637 0.14754098360655737
3 0.34 0.5683060109289617 0.07636363636363637 0.17486338797814208
3 0.6727272727272727 0.42349726775956287 0.08727272727272728 0.18032786885245902
3 0.5418181818181819 0.5655737704918032 0.06545454545454546 0.15846994535519127
3 0.4690909090909091 0.4098360655737705 0.10909090909090909 0.22950819672131148
3 0.58 0.4262295081967213 0.11272727272727273 0.20765027322404372
