3 0.4490909090909091 0.3224043715846995 0.14181818181818182 0.19672131147540983
3 0.6890909090909091 0.30327868852459017 0.09090909090909091 0.20218579234972678
3 0.18181818181818182 0.2923497267759563 0.08 0.22404371584699453
0 0.509090909090909 0.37158469945355194 0.014545454545454545 0.0546448087431694
0 0.21636363636363637 0.6038251366120219 0.08363636363636363 0.18032786885245902
3 0.7218181818181818 0.592896174863388 0.09090909090909091 0.21311475409836064
3 0.29818181818181816 0.5601092896174863 0.09454545454545454 0.22404371584699453
3 0.3418181818181818 0.29508196721311475 0.10181818181818182 0.19672131147540983
3 0.39454545454545453 0.5819672131147541 0.09090909090909091 0.21311475409836064
3 0.7727272727272727 0.2650273224043716 0.09090909090909091 0.23497267759562843
3 0.21636363636363637 0.6038251366120219 0.08363636363636363 0.18032786885245902
3 0.8527272727272728 0.2568306010928962 0.07636363636363637 0.22950819672131148
3 0.6418181818181818 0.5846994535519126 0.08363636363636363 0.20765027322404372
3 0.5818181818181818 0.3251366120218579 0.13090909090909092 0.21311475409836064
3 0.56 0.5737704918032787 0.08 0.17486338797814208
0 0.23272727272727273 0.27049180327868855 0.04363636363636364 0.01639344262295082
3 0.24363636363636362 0.23497267759562843 0.10181818181818182 0.28415300546448086
3 0.48363636363636364 0.5956284153005464 0.08 0.17486338797814208
