0 0.53125 0.5969230769230769 0.03125 0.03076923076923077
2 0.53984375 0.5984615384615385 0.0765625 0.04
3 0.69375 0.6246153846153846 0.0625 0.10461538461538461
3 0.62421875 0.5969230769230769 0.0890625 0.17846153846153845
3 0.74453125 0.676923076923077 0.0546875 0.07384615384615385
3 0.47890625 0.5938461538461538 0.0578125 0.1476923076923077
3 0.43671875 0.6061538461538462 0.0421875 0.10461538461538461
3 0.56484375 0.6569230769230769 0.0484375 0.07692307692307693
3 0.51796875 0.6569230769230769 0.0515625 0.07076923076923076
3 0.54375 0.5507692307692308 0.084375 0.15384615384615385
