0 0.09956942949407965 0.42597926267281105 0.01776103336921421 0.043202764976958526
0 0.29157696447793324 0.06048387096774194 0.05247578040904198 0.05069124423963134
0 0.19577502691065662 0.5924539170506913 0.11167922497308934 0.11290322580645161
3 0.2691065662002153 0.08712557603686635 0.11733046286329386 0.10397465437788019
3 0.2539020452099031 0.7033410138248848 0.19079655543595264 0.1975806451612903
0 0.21192142088266955 0.1265841013824885 0.015339074273412271 0.01238479262672811
3 0.1781485468245425 0.5866935483870968 0.1743810548977395 0.15841013824884792
3 0.1284983853606028 0.30544354838709675 0.10306781485468246 0.12759216589861752
0 0.6476049515608181 0.07430875576036866 0.07508073196986007 0.06797235023041474
1 0.1902583423035522 0.5992223502304147 0.14908503767491926 0.13392857142857142
0 0.151237890204521 0.21831797235023043 0.038751345532831 0.02534562211981567
0 0.11934876210979548 0.30601958525345624 0.07185145317545748 0.11376728110599078
3 0.6361679224973089 0.08366935483870967 0.11517761033369214 0.08842165898617511
3 0.746232508073197 0.12860023041474655 0.14101184068891282 0.13277649769585254
3 0.185010764262648 0.1758352534562212 0.11006458557588805 0.11376728110599078
3 0.13132400430570507 0.4447004608294931 0.1178686759956943 0.15149769585253456
