3 0.9021739130434783 0.39617486338797814 0.08695652173913043 0.2568306010928962
3 0.6865942028985508 0.42349726775956287 0.09782608695652174 0.23497267759562843
3 0.4166666666666667 0.6502732240437158 0.09420289855072464 0.19672131147540983
3 0.322463768115942 0.6311475409836066 0.10144927536231885 0.1912568306010929
3 0.1213768115942029 0.5901639344262295 0.09057971014492754 0.14207650273224043
3 0.5742753623188406 0.4207650273224044 0.14130434782608695 0.273224043715847
3 0.14492753623188406 0.43989071038251365 0.07246376811594203 0.21311475409836064
3 0.5960144927536232 0.6693989071038251 0.09782608695652174 0.23497267759562843
3 0.8351449275362319 0.639344262295082 0.09057971014492754 0.20765027322404372
3 0.18659420289855072 0.6256830601092896 0.09057971014492754 0.20218579234972678
3 0.25181159420289856 0.6256830601092896 0.08333333333333333 0.16939890710382513
3 0.8460144927536232 0.4344262295081967 0.06884057971014493 0.1912568306010929
3 0.21739130434782608 0.42896174863387976 0.08695652173913043 0.22404371584699453
3 0.6847826086956522 0.6666666666666666 0.09420289855072464 0.25136612021857924
3 0.3061594202898551 0.4262295081967213 0.09782608695652174 0.22950819672131148
3 0.4257246376811594 0.4371584699453552 0.14130434782608695 0.25136612021857924
3 0.5054347826086957 0.6612021857923497 0.08333333333333333 0.22950819672131148
3 0.7644927536231884 0.6475409836065574 0.10869565217391304 0.23497267759562843
3 0.9130434782608695 0.6174863387978142 0.09420289855072464 0.17486338797814208
3 0.7735507246376812 0.4016393442622951 0.09782608695652174 0.2786885245901639
