3 0.653 0.49333333333333335 0.018 0.07333333333333333
3 0.54 0.6416666666666667 0.04 0.06333333333333334
3 0.602 0.61 0.032 0.08
3 0.388 0.49 0.024 0.08666666666666667
3 0.642 0.575 0.02 0.07
3 0.549 0.5283333333333333 0.058 0.11666666666666667
3 0.574 0.6316666666666667 0.04 0.07666666666666666
3 0.446 0.5133333333333333 0.04 0.1
3 0.412 0.5816666666666667 0.032 0.06333333333333334
3 0.433 0.6066666666666667 0.034 0.07333333333333333
3 0.597 0.5183333333333333 0.046 0.11
3 0.503 0.64 0.034 0.06666666666666667
3 0.398 0.555 0.036 0.06333333333333334
3 0.467 0.6266666666666667 0.038 0.06666666666666667
3 0.633 0.505 0.03 0.11
3 0.494 0.53 0.056 0.10666666666666667
3 0.413 0.5016666666666667 0.034 0.09
3 0.627 0.5916666666666667 0.03 0.07666666666666666
