3 0.35818181818181816 0.4180327868852459 0.09090909090909091 0.15846994535519127
3 0.3890909090909091 0.5437158469945356 0.06545454545454546 0.14754098360655737
3 0.32727272727272727 0.5491803278688525 0.07272727272727272 0.18032786885245902
3 0.8254545454545454 0.4426229508196721 0.08 0.1092896174863388
3 0.8090909090909091 0.319672131147541 0.10545454545454545 0.18032786885245902
3 0.7872727272727272 0.5273224043715847 0.09090909090909091 0.15846994535519127
3 0.27090909090909093 0.34972677595628415 0.08363636363636363 0.17486338797814208
3 0.4618181818181818 0.5710382513661202 0.08727272727272728 0.14754098360655737
3 0.6363636363636364 0.5628415300546448 0.09454545454545454 0.15300546448087432
3 0.27090909090909093 0.5327868852459017 0.05454545454545454 0.14754098360655737
3 0.23636363636363636 0.44808743169398907 0.07272727272727272 0.1092896174863388
3 0.46545454545454545 0.43169398907103823 0.13090909090909092 0.17486338797814208
3 0.5472727272727272 0.5655737704918032 0.08363636363636363 0.15846994535519127
3 0.7127272727272728 0.5519125683060109 0.06545454545454546 0.14207650273224043
3 0.7181818181818181 0.4262295081967213 0.09090909090909091 0.14207650273224043
3 0.6036363636363636 0.42896174863387976 0.14545454545454545 0.1912568306010929
