3 0.06563706563706563 0.6030927835051546 0.13127413127413126 0.30927835051546393
3 0.42084942084942084 0.2860824742268041 0.277992277992278 0.33505154639175255
3 0.20077220077220076 0.6237113402061856 0.15444015444015444 0.32989690721649484
3 0.14285714285714285 0.2706185567010309 0.2857142857142857 0.4072164948453608
3 0.3552123552123552 0.6365979381443299 0.16216216216216217 0.39690721649484534
3 0.7934362934362934 0.6469072164948454 0.07335907335907337 0.211340206185567
3 0.752895752895753 0.3788659793814433 0.13127413127413126 0.3247422680412371
3 0.6795366795366795 0.6572164948453608 0.14671814671814673 0.4072164948453608
3 0.6061776061776062 0.34536082474226804 0.2084942084942085 0.28865979381443296
3 0.5193050193050193 0.654639175257732 0.18146718146718147 0.4020618556701031
