3 0.5116666666666667 0.49 0.07 0.06
3 0.45166666666666666 0.5425 0.05 0.065
3 0.5966666666666667 0.4875 0.04 0.085
3 0.43166666666666664 0.4925 0.07 0.045
3 0.5016666666666667 0.53 0.05 0.06
3 0.6366666666666667 0.4625 0.05333333333333334 0.095
3 0.3616666666666667 0.485 0.056666666666666664 0.04
3 0.28833333333333333 0.505 0.056666666666666664 0.06
3 0.5533333333333333 0.52 0.04666666666666667 0.08
3 0.395 0.54 0.05 0.07
3 0.3283333333333333 0.5275 0.07 0.095
3 0.58 0.475 0.04666666666666667 0.07
