3 0.7381818181818182 0.5815217391304348 0.10909090909090909 0.21739130434782608
3 0.24909090909090909 0.5733695652173914 0.09818181818181818 0.20108695652173914
3 0.8345454545454546 0.5597826086956522 0.08363636363636363 0.17391304347826086
3 0.17454545454545456 0.5380434782608695 0.07272727272727272 0.15217391304347827
3 0.44727272727272727 0.5760869565217391 0.08727272727272728 0.18478260869565216
3 0.12363636363636364 0.391304347826087 0.07272727272727272 0.16304347826086957
3 0.2818181818181818 0.375 0.10545454545454545 0.22826086956521738
3 0.8909090909090909 0.41847826086956524 0.08727272727272728 0.16304347826086957
3 0.4072727272727273 0.36141304347826086 0.15272727272727274 0.24456521739130435
3 0.9163636363636364 0.5434782608695652 0.08 0.13043478260869565
3 0.5581818181818182 0.35597826086956524 0.14909090909090908 0.266304347826087
3 0.1890909090909091 0.37771739130434784 0.08727272727272728 0.22282608695652173
3 0.35818181818181816 0.5815217391304348 0.09090909090909091 0.20652173913043478
3 0.7927272727272727 0.38858695652173914 0.10909090909090909 0.21195652173913043
3 0.6363636363636364 0.5733695652173914 0.09454545454545454 0.19021739130434784
3 0.6890909090909091 0.37228260869565216 0.11272727272727273 0.23369565217391305
3 0.5436363636363636 0.5706521739130435 0.09090909090909091 0.18478260869565216
