3 0.6196911196911197 0.3118556701030928 0.2277992277992278 0.37628865979381443
3 0.9420849420849421 0.211340206185567 0.10810810810810811 0.3402061855670103
3 0.20463320463320464 0.30670103092783507 0.16216216216216217 0.3247422680412371
3 0.44015444015444016 0.5541237113402062 0.14671814671814673 0.2422680412371134
3 0.7123552123552124 0.538659793814433 0.11969111969111969 0.19072164948453607
3 0.8474903474903475 0.5025773195876289 0.14285714285714285 0.26288659793814434
3 0.07335907335907337 0.34536082474226804 0.138996138996139 0.27835051546391754
3 0.8088803088803089 0.26804123711340205 0.18146718146718147 0.32989690721649484
3 0.583011583011583 0.595360824742268 0.138996138996139 0.20103092783505155
3 0.3918918918918919 0.3324742268041237 0.2277992277992278 0.36597938144329895
3 0.18146718146718147 0.6030927835051546 0.14671814671814673 0.27835051546391754
3 0.3166023166023166 0.5876288659793815 0.12355212355212356 0.21649484536082475
