3 0.125 0.43333333333333335 0.14 0.3333333333333333
3 0.21 0.7148148148148148 0.14 0.31851851851851853
3 0.6375 0.4074074074074074 0.185 0.34074074074074073
3 0.905 0.6703703703703704 0.1 0.22962962962962963
3 0.335 0.6777777777777778 0.13 0.25925925925925924
3 0.4475 0.4111111111111111 0.195 0.34814814814814815
3 0.5825 0.7037037037037037 0.115 0.3111111111111111
3 0.0175 0.6703703703703704 0.035 0.18518518518518517
3 0.97 0.6703703703703704 0.05 0.21481481481481482
3 0.785 0.4 0.13 0.3111111111111111
3 0.8925 0.4222222222222222 0.095 0.3111111111111111
3 0.275 0.4222222222222222 0.16 0.3111111111111111
3 0.6975 0.6851851851851852 0.125 0.2740740740740741
3 0.8075 0.6925925925925925 0.105 0.28888888888888886
3 0.0825 0.6962962962962963 0.115 0.23703703703703705
3 0.4575 0.6925925925925925 0.125 0.24444444444444444
3 0.03 0.4777777777777778 0.06 0.21481481481481482
3 0.965 0.45185185185185184 0.06 0.2222222222222222
