3 0.5945454545454546 0.76775956284153 0.07636363636363637 0.10382513661202186
3 0.6981818181818182 0.6420765027322405 0.08727272727272728 0.14754098360655737
3 0.7818181818181819 0.3879781420765027 0.13818181818181818 0.20765027322404372
3 0.34 0.7131147540983607 0.08363636363636363 0.11475409836065574
3 0.3054545454545455 0.6202185792349727 0.08727272727272728 0.12568306010928962
3 0.5290909090909091 0.7896174863387978 0.06909090909090909 0.10382513661202186
3 0.46545454545454545 0.7896174863387978 0.06545454545454546 0.08196721311475409
3 0.2727272727272727 0.5109289617486339 0.10181818181818182 0.11475409836065574
3 0.22363636363636363 0.16120218579234974 0.12 0.20218579234972678
3 0.24181818181818182 0.36065573770491804 0.12727272727272726 0.20765027322404372
3 0.6563636363636364 0.726775956284153 0.07636363636363637 0.12021857923497267
3 0.4072727272727273 0.7595628415300546 0.07272727272727272 0.09836065573770492
3 0.8254545454545454 0.1994535519125683 0.13818181818181818 0.21311475409836064
3 0.7454545454545455 0.5382513661202186 0.09454545454545454 0.12568306010928962
