3 0.3296943231441048 0.8627450980392157 0.10043668122270742 0.05228758169934641
3 0.7117903930131004 0.8921568627450981 0.11353711790393013 0.1503267973856209
3 0.8384279475982532 0.5816993464052288 0.13973799126637554 0.19607843137254902
3 0.23799126637554585 0.3562091503267974 0.11790393013100436 0.2679738562091503
3 0.7707423580786026 0.3300653594771242 0.10043668122270742 0.2549019607843137
3 0.3296943231441048 0.2875816993464052 0.1091703056768559 0.26143790849673204
3 0.13755458515283842 0.7058823529411765 0.15283842794759825 0.23529411764705882
3 0.8471615720524017 0.7254901960784313 0.14847161572052403 0.19607843137254902
3 0.5262008733624454 0.8823529411764706 0.1091703056768559 0.1830065359477124
3 0.6899563318777293 0.2875816993464052 0.10480349344978165 0.24836601307189543
3 0.8122270742358079 0.477124183006536 0.13100436681222707 0.2222222222222222
3 0.574235807860262 0.24836601307189543 0.14410480349344978 0.24836601307189543
3 0.44759825327510916 0.2581699346405229 0.12663755458515283 0.2549019607843137
3 0.1572052401746725 0.5816993464052288 0.13973799126637554 0.23529411764705882
3 0.6222707423580786 0.8856209150326797 0.10043668122270742 0.1895424836601307
3 0.43013100436681223 0.8725490196078431 0.10043668122270742 0.12418300653594772
3 0.18995633187772926 0.46078431372549017 0.14410480349344978 0.29411764705882354
