1 0.553816247186413 0.36529610309911015 0.032535297728667895 0.051856397667996317
3 0.49877225291589933 0.5119668610003069 0.07100470636382239 0.10340595274624118
1 0.53939021894823 0.4708499539736115 0.014323715981174545 0.02117213869285057
3 0.4852670349907919 0.4232893525621356 0.07141395539185594 0.12181650813132863
3 0.43472478002864745 0.5239337220006137 0.06077348066298342 0.09788278613071494
3 0.4038264784121138 0.44476833384473763 0.09637814610190301 0.13961337833691317
3 0.38131778187026805 0.5530837680270021 0.0570902394106814 0.07824486038662166
1 0.37538367096378145 0.5273089904878797 0.03662778800900348 0.025467934949370972
1 0.5606711684059751 0.46854863455047563 0.011458972784939635 0.009205277692543725
3 0.5555555555555556 0.4024240564590365 0.06998158379373849 0.12672598956735195
3 0.2900552486187845 0.5802393372200061 0.0403110292613055 0.08714329548941394
0 0.4518109269490485 0.4492175513961338 0.0040924902803355845 0.028843203436637006
3 0.3333333333333333 0.5655108929119361 0.05688561489666462 0.09389383246394599
3 0.3149171270718232 0.47729364835839216 0.08348680171884591 0.13347652654188402
1 0.4831184775936157 0.3884627186253452 0.04910988336402701 0.05032218471923903
3 0.6185799058727236 0.4054924823565511 0.063024350317168 0.09420067505369745
1 0.39809699201964394 0.41116907026695304 0.07837118886842644 0.07118748082233814
3 0.617659095559648 0.4791347038969009 0.05258850010231226 0.05247008284749923
3 0.5665029670554532 0.4831236575636698 0.07264170247595662 0.057379564283522554
0 0.4506854921219562 0.4510586069346425 0.0022508696541845715 0.0245474071801166
