3 0.35438829787234044 0.491 0.07313829787234043 0.126
3 0.2759308510638298 0.592 0.08377659574468085 0.156
3 0.4421542553191489 0.493 0.1077127659574468 0.126
3 0.7393617021276596 0.518 0.0797872340425532 0.104
3 0.2845744680851064 0.487 0.06382978723404255 0.102
3 0.535904255319149 0.62 0.09840425531914894 0.132
3 0.6522606382978723 0.5 0.07313829787234043 0.12
3 0.6988031914893617 0.615 0.08643617021276596 0.15
3 0.7632978723404256 0.616 0.06648936170212766 0.104
3 0.2247340425531915 0.575 0.06914893617021277 0.118
3 0.7845744680851063 0.597 0.04521276595744681 0.09
3 0.43882978723404253 0.618 0.09308510638297872 0.14
3 0.5631648936170213 0.488 0.11303191489361702 0.128
