3 0.34901960784313724 0.4217171717171717 0.3058823529411765 0.4797979797979798
3 0.21372549019607842 0.7474747474747475 0.21568627450980393 0.3838383838383838
3 0.06274509803921569 0.7550505050505051 0.12549019607843137 0.35858585858585856
3 0.09803921568627451 0.4065656565656566 0.19607843137254902 0.3888888888888889
3 0.8156862745098039 0.7626262626262627 0.20392156862745098 0.3434343434343434
3 0.9549019607843138 0.7702020202020202 0.08235294117647059 0.2474747474747475
3 0.6196078431372549 0.7777777777777778 0.18823529411764706 0.24242424242424243
3 0.6627450980392157 0.43686868686868685 0.3058823529411765 0.4595959595959596
3 0.4196078431372549 0.7727272727272727 0.17254901960784313 0.26262626262626265
3 0.9019607843137255 0.4166666666666667 0.18823529411764706 0.3888888888888889
