3 0.6090909090909091 0.22404371584699453 0.13454545454545455 0.16393442622950818
3 0.2309090909090909 0.2677595628415301 0.12727272727272726 0.16393442622950818
3 0.12545454545454546 0.6530054644808743 0.16363636363636364 0.21311475409836064
3 0.7090909090909091 0.2568306010928962 0.12363636363636364 0.16393442622950818
0 0.5854545454545454 0.2677595628415301 0.02909090909090909 0.04371584699453552
3 0.3327272727272727 0.1721311475409836 0.14909090909090908 0.18032786885245902
3 0.7763636363636364 0.6311475409836066 0.15636363636363637 0.21311475409836064
3 0.7363636363636363 0.44808743169398907 0.15636363636363637 0.2185792349726776
3 0.48 0.17486338797814208 0.14545454545454545 0.2185792349726776
3 0.16363636363636364 0.4644808743169399 0.15272727272727274 0.20765027322404372
3 0.10363636363636364 0.8524590163934426 0.1781818181818182 0.28415300546448086
3 0.14727272727272728 0.2978142076502732 0.10545454545454545 0.12568306010928962
