3 0.8265625 0.3911637931034483 0.0625 0.17025862068965517
3 0.3359375 0.7887931034482759 0.078125 0.15517241379310345
3 0.2875 0.7747844827586207 0.075 0.11853448275862069
3 0.32734375 0.3275862068965517 0.0609375 0.1939655172413793
3 0.7671875 0.7316810344827587 0.13125 0.15301724137931033
3 0.50390625 0.2952586206896552 0.1328125 0.19827586206896552
3 0.68671875 0.78125 0.0734375 0.1314655172413793
3 0.396875 0.30280172413793105 0.0875 0.17025862068965517
3 0.7796875 0.3448275862068966 0.0625 0.1896551724137931
3 0.21796875 0.4051724137931034 0.0296875 0.11206896551724138
3 0.24453125 0.3890086206896552 0.0328125 0.11853448275862069
3 0.61484375 0.7984913793103449 0.0890625 0.14439655172413793
3 0.28125 0.36637931034482757 0.040625 0.15948275862068967
3 0.56328125 0.8157327586206896 0.0953125 0.1400862068965517
3 0.26171875 0.7273706896551724 0.1140625 0.15732758620689655
3 0.4109375 0.8060344827586207 0.075 0.14655172413793102
3 0.7328125 0.7704741379310345 0.06875 0.1271551724137931
3 0.7171875 0.32004310344827586 0.071875 0.17456896551724138
3 0.4875 0.8114224137931034 0.078125 0.14439655172413793
3 0.6234375 0.29094827586206895 0.121875 0.21120689655172414
