3 0.3861003861003861 0.3865979381443299 0.23166023166023167 0.36082474226804123
3 0.9613899613899614 0.41237113402061853 0.0694980694980695 0.31958762886597936
3 0.42857142857142855 0.6726804123711341 0.16216216216216217 0.28350515463917525
3 0.13320463320463322 0.6469072164948454 0.1274131274131274 0.28350515463917525
3 0.6235521235521235 0.39690721649484534 0.24324324324324326 0.36082474226804123
3 0.9806949806949807 0.6417525773195877 0.03088803088803089 0.12886597938144329
3 0.584942084942085 0.6932989690721649 0.1583011583011583 0.26288659793814434
3 0.88996138996139 0.6752577319587629 0.14285714285714285 0.28865979381443296
3 0.26833976833976836 0.6675257731958762 0.16602316602316602 0.28350515463917525
3 0.747104247104247 0.6804123711340206 0.17374517374517376 0.29896907216494845
3 0.832046332046332 0.39690721649484534 0.1891891891891892 0.32989690721649484
3 0.1776061776061776 0.3711340206185567 0.18532818532818532 0.32989690721649484
3 0.0444015444015444 0.39690721649484534 0.0888030888030888 0.28865979381443296
3 0.03667953667953668 0.6134020618556701 0.07335907335907337 0.1958762886597938
