3 0.6068840579710145 0.4207650273224044 0.22826086956521738 0.39344262295081966
3 0.3713768115942029 0.4371584699453552 0.25 0.37158469945355194
3 0.9221014492753623 0.36885245901639346 0.08333333333333333 0.3224043715846995
3 0.411231884057971 0.7486338797814208 0.14855072463768115 0.28415300546448086
3 0.161231884057971 0.39344262295081966 0.19202898550724637 0.34972677595628415
3 0.7952898550724637 0.38524590163934425 0.18478260869565216 0.3005464480874317
3 0.717391304347826 0.674863387978142 0.15217391304347827 0.3224043715846995
3 0.2572463768115942 0.6912568306010929 0.15942028985507245 0.3442622950819672
3 0.5615942028985508 0.7459016393442623 0.15217391304347827 0.2677595628415301
3 0.8731884057971014 0.6912568306010929 0.15942028985507245 0.3770491803278688
3 0.09420289855072464 0.6830601092896175 0.15942028985507245 0.37158469945355194
