3 0.3854166666666667 0.41875 0.22083333333333333 0.3125
3 0.43333333333333335 0.678125 0.14166666666666666 0.24375
3 0.8 0.69375 0.14166666666666666 0.2375
3 0.6020833333333333 0.440625 0.22916666666666666 0.30625
3 0.30833333333333335 0.759375 0.14166666666666666 0.24375
3 0.13541666666666666 0.765625 0.1375 0.20625
3 0.5708333333333333 0.665625 0.14166666666666666 0.20625
3 0.25833333333333336 0.628125 0.19166666666666668 0.24375
3 0.6895833333333333 0.7 0.12083333333333333 0.175
3 0.7291666666666666 0.534375 0.175 0.24375
