3 0.14492753623188406 0.4781420765027322 0.057971014492753624 0.12568306010928962
3 0.8405797101449275 0.5355191256830601 0.043478260869565216 0.1092896174863388
3 0.7518115942028986 0.5819672131147541 0.05434782608695652 0.1366120218579235
3 0.8677536231884058 0.41530054644808745 0.025362318840579712 0.12021857923497267
3 0.3278985507246377 0.3797814207650273 0.09057971014492754 0.22404371584699453
3 0.5579710144927537 0.5819672131147541 0.07971014492753623 0.12568306010928962
3 0.2554347826086957 0.5300546448087432 0.06884057971014493 0.1092896174863388
3 0.6539855072463768 0.4098360655737705 0.06159420289855073 0.18579234972677597
3 0.5615942028985508 0.40437158469945356 0.13043478260869565 0.24043715846994534
3 0.730072463768116 0.39344262295081966 0.09057971014492754 0.25136612021857924
3 0.8007246376811594 0.38524590163934425 0.057971014492753624 0.21311475409836064
3 0.4329710144927536 0.412568306010929 0.12681159420289856 0.23497267759562843
3 0.4003623188405797 0.5655737704918032 0.06884057971014493 0.09289617486338798
3 0.8369565217391305 0.41530054644808745 0.036231884057971016 0.16393442622950818
3 0.7989130434782609 0.546448087431694 0.06884057971014493 0.13114754098360656
3 0.20108695652173914 0.5027322404371585 0.05434782608695652 0.13114754098360656
3 0.16847826086956522 0.32786885245901637 0.07608695652173914 0.2185792349726776
3 0.24456521739130435 0.3524590163934426 0.08333333333333333 0.2677595628415301
3 0.4855072463768116 0.5710382513661202 0.06521739130434782 0.10382513661202186
3 0.6865942028985508 0.5819672131147541 0.09057971014492754 0.21311475409836064
3 0.6304347826086957 0.5491803278688525 0.06521739130434782 0.12568306010928962
3 0.32608695652173914 0.5546448087431693 0.07971014492753623 0.1366120218579235
