3 0.4541984732824427 0.3854166666666667 0.16793893129770993 0.3229166666666667
3 0.7175572519083969 0.6510416666666666 0.09923664122137404 0.21875
3 0.8893129770992366 0.5807291666666666 0.09923664122137404 0.234375
3 0.2958015267175573 0.5364583333333334 0.14122137404580154 0.25
3 0.25190839694656486 0.2760416666666667 0.1450381679389313 0.2916666666666667
3 0.3473282442748092 0.4270833333333333 0.061068702290076333 0.19791666666666666
3 0.9293893129770993 0.3359375 0.08015267175572519 0.2552083333333333
3 0.4179389312977099 0.6197916666666666 0.10305343511450382 0.19791666666666666
3 0.6564885496183206 0.3776041666666667 0.21374045801526717 0.328125
3 0.8282442748091603 0.375 0.1297709923664122 0.28125
3 0.517175572519084 0.5989583333333334 0.09541984732824428 0.23958333333333334
3 0.6297709923664122 0.6432291666666666 0.11450381679389313 0.22395833333333334
3 0.32061068702290074 0.640625 0.0916030534351145 0.2604166666666667
3 0.7881679389312977 0.6197916666666666 0.1183206106870229 0.2604166666666667
