3 0.11346153846153846 0.6030927835051546 0.07307692307692308 0.1958762886597938
3 0.07692307692307693 0.6108247422680413 0.06923076923076923 0.20103092783505155
3 0.9557692307692308 0.4329896907216495 0.04230769230769231 0.20618556701030927
3 0.823076923076923 0.3917525773195876 0.1 0.27835051546391754
3 0.1673076923076923 0.5979381443298969 0.11923076923076924 0.20618556701030927
3 0.6365384615384615 0.6417525773195877 0.09615384615384616 0.20103092783505155
3 0.2403846153846154 0.615979381443299 0.11153846153846154 0.22164948453608246
3 0.04807692307692308 0.4020618556701031 0.06538461538461539 0.1958762886597938
3 0.8192307692307692 0.6134020618556701 0.1 0.1958762886597938
3 0.7346153846153847 0.6365979381443299 0.1 0.19072164948453607
3 0.4442307692307692 0.6365979381443299 0.11153846153846154 0.211340206185567
3 0.225 0.37371134020618557 0.10384615384615385 0.29381443298969073
3 0.4653846153846154 0.4252577319587629 0.14615384615384616 0.26288659793814434
3 0.9057692307692308 0.4329896907216495 0.08076923076923077 0.20618556701030927
3 0.125 0.4175257731958763 0.10384615384615385 0.17525773195876287
3 0.3384615384615385 0.4097938144329897 0.12307692307692308 0.25257731958762886
3 0.6096153846153847 0.43041237113402064 0.1423076923076923 0.27319587628865977
3 0.5403846153846154 0.6469072164948454 0.09615384615384616 0.20103092783505155
3 0.9365384615384615 0.5927835051546392 0.03461538461538462 0.13402061855670103
3 0.3384615384615385 0.634020618556701 0.1 0.21649484536082475
3 0.8923076923076924 0.6056701030927835 0.06153846153846154 0.19072164948453607
3 0.7269230769230769 0.42783505154639173 0.1 0.23711340206185566
