3 0.3109090909090909 0.29508196721311475 0.01818181818181818 0.06557377049180328
3 0.5381818181818182 0.45081967213114754 0.04363636363636364 0.060109289617486336
3 0.42 0.35792349726775957 0.05454545454545454 0.11475409836065574
3 0.3327272727272727 0.31420765027322406 0.03272727272727273 0.09289617486338798
3 0.5527272727272727 0.3743169398907104 0.07272727272727272 0.10382513661202186
3 0.6163636363636363 0.3524590163934426 0.05454545454545454 0.10382513661202186
3 0.5781818181818181 0.453551912568306 0.05090909090909091 0.0546448087431694
3 0.4818181818181818 0.3743169398907104 0.06909090909090909 0.10382513661202186
3 0.6581818181818182 0.3442622950819672 0.03636363636363636 0.09836065573770492
3 0.45454545454545453 0.4562841530054645 0.04363636363636364 0.03825136612021858
3 0.6872727272727273 0.319672131147541 0.02909090909090909 0.07103825136612021
3 0.49454545454545457 0.453551912568306 0.04363636363636364 0.0546448087431694
3 0.3709090909090909 0.3469945355191257 0.04363636363636364 0.10382513661202186
