3 0.9490909090909091 0.6612021857923497 0.09454545454545454 0.6666666666666666
3 0.32545454545454544 0.76775956284153 0.12727272727272726 0.3879781420765027
3 0.39636363636363636 0.7704918032786885 0.13818181818181818 0.37158469945355194
3 0.6581818181818182 0.7814207650273224 0.2109090909090909 0.41530054644808745
3 0.27454545454545454 0.3251366120218579 0.12 0.47540983606557374
3 0.21272727272727274 0.2923497267759563 0.09090909090909091 0.5519125683060109
3 0.8672727272727273 0.2923497267759563 0.24363636363636362 0.5737704918032787
3 0.40545454545454546 0.3224043715846995 0.23636363636363636 0.5355191256830601
3 0.8218181818181818 0.7540983606557377 0.21818181818181817 0.45901639344262296
3 0.6327272727272727 0.3360655737704918 0.29818181818181816 0.5519125683060109
3 0.5054545454545455 0.7759562841530054 0.1890909090909091 0.3825136612021858
