3 0.1782006920415225 0.4714285714285714 0.07958477508650519 0.2
3 0.08996539792387544 0.49142857142857144 0.04152249134948097 0.16
3 0.1314878892733564 0.5057142857142857 0.04844290657439446 0.14285714285714285
3 0.04844290657439446 0.4714285714285714 0.04152249134948097 0.12
3 0.8944636678200693 0.5285714285714286 0.05190311418685121 0.14285714285714285
3 0.856401384083045 0.6685714285714286 0.058823529411764705 0.13714285714285715
3 0.4619377162629758 0.6285714285714286 0.07958477508650519 0.18285714285714286
3 0.43944636678200694 0.4257142857142857 0.1384083044982699 0.26857142857142857
3 0.8512110726643599 0.5285714285714286 0.05536332179930796 0.15428571428571428
3 0.3217993079584775 0.43714285714285717 0.08996539792387544 0.21142857142857144
3 0.9446366782006921 0.5114285714285715 0.06228373702422145 0.13142857142857142
3 0.5692041522491349 0.43142857142857144 0.13494809688581316 0.28
3 0.6764705882352942 0.43142857142857144 0.08650519031141868 0.2342857142857143
3 0.16782006920415224 0.6257142857142857 0.04498269896193772 0.14285714285714285
3 0.8062283737024222 0.5028571428571429 0.06920415224913495 0.19428571428571428
3 0.3771626297577855 0.6342857142857142 0.08304498269896193 0.2057142857142857
3 0.7577854671280276 0.6371428571428571 0.06920415224913495 0.18857142857142858
3 0.8096885813148789 0.6542857142857142 0.03460207612456748 0.13142857142857142
3 0.22491349480968859 0.6228571428571429 0.08304498269896193 0.21714285714285714
3 0.24048442906574394 0.44 0.0726643598615917 0.21714285714285714
3 0.6211072664359861 0.6371428571428571 0.08650519031141868 0.18857142857142858
3 0.6937716262975778 0.6485714285714286 0.07958477508650519 0.24571428571428572
3 0.754325259515571 0.44571428571428573 0.09688581314878893 0.22857142857142856
3 0.0726643598615917 0.5885714285714285 0.04152249134948097 0.10285714285714286
3 0.29411764705882354 0.6285714285714286 0.08304498269896193 0.2057142857142857
3 0.11764705882352941 0.6228571428571429 0.06920415224913495 0.13714285714285715
3 0.9013840830449827 0.6342857142857142 0.03806228373702422 0.10285714285714286
3 0.5432525951557093 0.6371428571428571 0.07612456747404844 0.17714285714285713
