3 0.9174917491749175 0.2710843373493976 0.0594059405940594 0.2289156626506024
3 0.5792079207920792 0.7560240963855421 0.0891089108910891 0.29518072289156627
3 0.31683168316831684 0.6656626506024096 0.0924092409240924 0.3313253012048193
3 0.4884488448844885 0.7078313253012049 0.0924092409240924 0.25903614457831325
3 0.04785478547854786 0.24397590361445784 0.056105610561056105 0.1746987951807229
3 0.7112211221122112 0.43373493975903615 0.10891089108910891 0.2891566265060241
3 0.24752475247524752 0.40963855421686746 0.0858085808580858 0.3253012048192771
3 0.834983498349835 0.5572289156626506 0.0594059405940594 0.13855421686746988
3 0.11056105610561057 0.3132530120481928 0.08250825082508251 0.21686746987951808
3 0.5957095709570958 0.4457831325301205 0.1419141914191419 0.3614457831325301
3 0.16831683168316833 0.5391566265060241 0.07920792079207921 0.19879518072289157
3 0.7937293729372937 0.3855421686746988 0.09570957095709572 0.3132530120481928
3 0.8696369636963697 0.3614457831325301 0.0627062706270627 0.27710843373493976
3 0.7706270627062707 0.6596385542168675 0.10231023102310231 0.3433734939759036
3 0.33993399339933994 0.4307228915662651 0.11221122112211221 0.29518072289156627
3 0.23432343234323433 0.6024096385542169 0.07260726072607261 0.1566265060240964
3 0.17326732673267325 0.37349397590361444 0.0627062706270627 0.20481927710843373
3 0.4521452145214521 0.4457831325301205 0.14521452145214522 0.3614457831325301
3 0.8943894389438944 0.49096385542168675 0.0858085808580858 0.21084337349397592
3 0.6732673267326733 0.7018072289156626 0.09900990099009901 0.2469879518072289
3 0.40594059405940597 0.6807228915662651 0.0924092409240924 0.2891566265060241
3 0.12376237623762376 0.49096385542168675 0.06930693069306931 0.16265060240963855
3 0.9422442244224423 0.4186746987951807 0.06930693069306931 0.1746987951807229
