3 0.8626760563380281 0.35 0.176056338028169 0.26
3 0.7834507042253521 0.6825 0.13028169014084506 0.185
3 0.2869718309859155 0.815 0.11619718309859155 0.17
3 0.21830985915492956 0.7075 0.1267605633802817 0.225
3 0.08626760563380281 0.1375 0.15845070422535212 0.245
3 0.721830985915493 0.81 0.1056338028169014 0.17
3 0.36619718309859156 0.8775 0.09859154929577464 0.165
3 0.5369718309859155 0.9025 0.09507042253521127 0.145
3 0.9102112676056338 0.13 0.15140845070422534 0.26
3 0.1637323943661972 0.5475 0.13028169014084506 0.165
3 0.45598591549295775 0.8975 0.0880281690140845 0.155
3 0.8063380281690141 0.54 0.11267605633802817 0.21
3 0.14612676056338028 0.355 0.16549295774647887 0.26
3 0.6338028169014085 0.855 0.09859154929577464 0.14
