3 0.1890909090909091 0.5191256830601093 0.08 0.1092896174863388
3 0.8309090909090909 0.36885245901639346 0.09818181818181818 0.21311475409836064
3 0.649090909090909 0.5491803278688525 0.07636363636363637 0.1366120218579235
3 0.43272727272727274 0.5983606557377049 0.06545454545454546 0.08196721311475409
3 0.12181818181818181 0.4726775956284153 0.05454545454545454 0.09289617486338798
3 0.7218181818181818 0.38524590163934425 0.11272727272727273 0.23497267759562843
3 0.2909090909090909 0.3989071038251366 0.11636363636363636 0.24043715846994534
3 0.5890909090909091 0.40710382513661203 0.15272727272727274 0.3005464480874317
3 0.18545454545454546 0.40437158469945356 0.11636363636363636 0.2185792349726776
3 0.04909090909090909 0.32786885245901637 0.07636363636363637 0.18579234972677597
3 0.96 0.453551912568306 0.05818181818181818 0.1092896174863388
3 0.9018181818181819 0.49453551912568305 0.05818181818181818 0.1366120218579235
3 0.9054545454545454 0.3633879781420765 0.08 0.20218579234972678
3 0.30727272727272725 0.5655737704918032 0.07636363636363637 0.10382513661202186
3 0.7454545454545455 0.5300546448087432 0.10181818181818182 0.15300546448087432
3 0.056363636363636366 0.4371584699453552 0.06909090909090909 0.07650273224043716
3 0.5345454545454545 0.5901639344262295 0.07272727272727272 0.09836065573770492
3 0.96 0.3442622950819672 0.05090909090909091 0.17486338797814208
3 0.43454545454545457 0.42349726775956287 0.1709090909090909 0.2896174863387978
3 0.8327272727272728 0.5136612021857924 0.09454545454545454 0.15300546448087432
3 0.09454545454545454 0.3442622950819672 0.08 0.18579234972677597
