3 0.9067524115755627 0.4012345679012346 0.12218649517684887 0.37037037037037035
3 0.1157556270096463 0.33024691358024694 0.1157556270096463 0.35185185185185186
3 0.24115755627009647 0.3333333333333333 0.14790996784565916 0.38271604938271603
3 0.31189710610932475 0.6759259259259259 0.12218649517684887 0.35185185185185186
3 0.07395498392282958 0.6419753086419753 0.10289389067524116 0.32098765432098764
3 0.815112540192926 0.6790123456790124 0.1189710610932476 0.3333333333333333
3 0.5594855305466238 0.7098765432098766 0.12218649517684887 0.2962962962962963
3 0.43890675241157556 0.6944444444444444 0.11254019292604502 0.2654320987654321
3 0.5980707395498392 0.39197530864197533 0.19935691318327975 0.4012345679012346
3 0.40353697749196143 0.37037037037037035 0.20257234726688103 0.4074074074074074
3 0.1864951768488746 0.6574074074074074 0.12861736334405144 0.3765432098765432
3 0.03536977491961415 0.3611111111111111 0.06430868167202572 0.3271604938271605
3 0.9292604501607717 0.6635802469135802 0.10932475884244373 0.29012345679012347
3 0.9742765273311897 0.42901234567901236 0.04501607717041801 0.30246913580246915
3 0.770096463022508 0.39197530864197533 0.15755627009646303 0.35185185185185186
3 0.6864951768488746 0.6944444444444444 0.11254019292604502 0.2777777777777778
