0 0.6148325358851675 0.717391304347826 0.03349282296650718 0.057971014492753624
0 0.39952153110047844 0.644927536231884 0.07177033492822966 0.043478260869565216
0 0.3492822966507177 0.6884057971014492 0.028708133971291867 0.043478260869565216
0 0.5287081339712919 0.5434782608695652 0.023923444976076555 0.043478260869565216
0 0.4784688995215311 0.1956521739130435 0.20095693779904306 0.18840579710144928
0 0.2583732057416268 0.3695652173913043 0.04784688995215311 0.15942028985507245
3 0.5119617224880383 0.5036231884057971 0.6602870813397129 0.8478260869565217
3 0.9114832535885168 0.7789855072463768 0.1674641148325359 0.427536231884058
0 0.7296650717703349 0.6376811594202898 0.05263157894736842 0.13043478260869565
0 0.65311004784689 0.644927536231884 0.07177033492822966 0.014492753623188406
