3 0.3552123552123552 0.7794871794871795 0.0694980694980695 0.08205128205128205
3 0.30115830115830117 0.6846153846153846 0.0694980694980695 0.09743589743589744
3 0.6235521235521235 0.2794871794871795 0.05791505791505792 0.1076923076923077
3 0.5135135135135135 0.24358974358974358 0.08494208494208494 0.09743589743589744
3 0.5598455598455598 0.2692307692307692 0.07722007722007722 0.13846153846153847
3 0.5868725868725869 0.7487179487179487 0.05405405405405406 0.07179487179487179
3 0.667953667953668 0.3333333333333333 0.04633204633204633 0.09230769230769231
3 0.528957528957529 0.7717948717948718 0.06177606177606178 0.06666666666666667
3 0.3204633204633205 0.29743589743589743 0.05405405405405406 0.10256410256410256
3 0.333976833976834 0.735897435897436 0.06563706563706563 0.05641025641025641
3 0.43822393822393824 0.26666666666666666 0.08108108108108109 0.12307692307692308
3 0.37258687258687256 0.2846153846153846 0.06563706563706563 0.1076923076923077
3 0.4806949806949807 0.7692307692307693 0.05019305019305019 0.09230769230769231
3 0.42277992277992277 0.7794871794871795 0.08108108108108109 0.08205128205128205
3 0.6505791505791506 0.6923076923076923 0.06563706563706563 0.10256410256410256
