3 0.5984848484848485 0.31675392670157065 0.18181818181818182 0.17277486910994763
3 0.19696969696969696 0.6780104712041884 0.09090909090909091 0.14136125654450263
3 0.9507575757575758 0.33507853403141363 0.06060606060606061 0.07329842931937172
3 0.08901515151515152 0.4083769633507853 0.07196969696969698 0.09424083769633508
3 0.8541666666666666 0.3586387434554974 0.06439393939393939 0.13089005235602094
3 0.23863636363636365 0.3769633507853403 0.12121212121212122 0.2094240837696335
3 0.865530303030303 0.6308900523560209 0.0946969696969697 0.12041884816753927
3 0.36742424242424243 0.7722513089005235 0.12121212121212122 0.20418848167539266
3 0.3939393939393939 0.36387434554973824 0.1893939393939394 0.2774869109947644
3 0.6041666666666666 0.7696335078534031 0.125 0.2094240837696335
3 0.48484848484848486 0.7853403141361257 0.12121212121212122 0.2198952879581152
3 0.26325757575757575 0.7120418848167539 0.0946969696969697 0.17801047120418848
3 0.14583333333333334 0.39528795811518325 0.07196969696969698 0.14136125654450263
3 0.8958333333333334 0.5654450261780105 0.1553030303030303 0.13612565445026178
3 0.7613636363636364 0.3586387434554974 0.12878787878787878 0.20418848167539266
3 0.821969696969697 0.6727748691099477 0.09090909090909091 0.18324607329842932
3 0.7253787878787878 0.7486910994764397 0.125 0.2198952879581152
3 0.9109848484848485 0.3324607329842932 0.04924242424242424 0.07853403141361257
