3 0.39100346020761245 0.4166666666666667 0.22145328719723184 0.4540229885057471
3 0.4273356401384083 0.7212643678160919 0.14186851211072665 0.22413793103448276
3 0.07093425605536333 0.3275862068965517 0.12110726643598616 0.3333333333333333
3 0.05536332179930796 0.5459770114942529 0.11072664359861592 0.26436781609195403
3 0.8269896193771626 0.632183908045977 0.11764705882352941 0.3563218390804598
3 0.7093425605536332 0.6666666666666666 0.1245674740484429 0.27586206896551724
3 0.3027681660899654 0.6781609195402298 0.10726643598615918 0.21839080459770116
3 0.615916955017301 0.4051724137931034 0.22145328719723184 0.43103448275862066
3 0.17647058823529413 0.646551724137931 0.1453287197231834 0.39655172413793105
3 0.7975778546712803 0.3735632183908046 0.15570934256055363 0.3448275862068966
3 0.9186851211072664 0.5431034482758621 0.058823529411764705 0.1896551724137931
3 0.9307958477508651 0.33045977011494254 0.11764705882352941 0.3275862068965517
3 0.21107266435986158 0.4051724137931034 0.15916955017301038 0.3275862068965517
3 0.5709342560553633 0.6810344827586207 0.1384083044982699 0.23563218390804597
