3 0.2262357414448669 0.4175 0.11026615969581749 0.175
3 0.5133079847908745 0.395 0.12167300380228137 0.2
3 0.26045627376425856 0.58 0.07984790874524715 0.19
3 0.16730038022813687 0.4525 0.045627376425855515 0.115
3 0.6730038022813688 0.4125 0.09885931558935361 0.185
3 0.7281368821292775 0.435 0.057034220532319393 0.16
3 0.7376425855513308 0.5625 0.045627376425855515 0.105
3 0.6958174904942965 0.5675 0.060836501901140684 0.145
3 0.39543726235741444 0.395 0.12167300380228137 0.21
3 0.32509505703422054 0.445 0.08745247148288973 0.15
3 0.1311787072243346 0.475 0.04182509505703422 0.11
3 0.5608365019011406 0.5625 0.08745247148288973 0.145
3 0.41254752851711024 0.5475 0.07984790874524715 0.115
3 0.5988593155893536 0.4325 0.06463878326996197 0.125
3 0.4847908745247148 0.5425 0.07224334600760456 0.135
3 0.6368821292775665 0.5725 0.06463878326996197 0.185
3 0.155893536121673 0.5675 0.03802281368821293 0.125
3 0.33840304182509506 0.5875 0.07604562737642585 0.145
3 0.19961977186311788 0.5775 0.049429657794676805 0.135
3 0.12547528517110265 0.5725 0.03802281368821293 0.075
3 0.7699619771863118 0.4525 0.034220532319391636 0.115
