3 0.5436363636363636 0.47554347826086957 0.05454545454545454 0.04891304347826087
3 0.6327272727272727 0.2798913043478261 0.05090909090909091 0.09239130434782608
3 0.4618181818181818 0.529891304347826 0.04363636363636364 0.07065217391304347
3 0.43272727272727274 0.5027173913043478 0.07272727272727272 0.11413043478260869
3 0.39454545454545453 0.453804347826087 0.07636363636363637 0.15760869565217392
3 0.5036363636363637 0.5271739130434783 0.04 0.06521739130434782
3 0.6072727272727273 0.4429347826086957 0.04363636363636364 0.059782608695652176
3 0.6218181818181818 0.34782608695652173 0.06545454545454546 0.10869565217391304
3 0.6181818181818182 0.39402173913043476 0.05818181818181818 0.09239130434782608
3 0.3654545454545455 0.34782608695652173 0.03272727272727273 0.09782608695652174
3 0.5454545454545454 0.5190217391304348 0.04363636363636364 0.059782608695652176
3 0.49272727272727274 0.48641304347826086 0.05454545454545454 0.02717391304347826
3 0.5890909090909091 0.483695652173913 0.05090909090909091 0.09782608695652174
