3 0.5985010706638115 0.53 0.09635974304068523 0.22
3 0.8351177730192719 0.47 0.034261241970021415 0.16
3 0.7558886509635975 0.5075 0.06423982869379015 0.225
3 0.4743040685224839 0.4825 0.05353319057815846 0.215
3 0.860813704496788 0.42 0.021413276231263382 0.11
3 0.42933618843683086 0.445 0.03640256959314775 0.16
3 0.7987152034261242 0.4925 0.05139186295503212 0.225
3 0.6862955032119914 0.53 0.08779443254817987 0.23
3 0.5267665952890792 0.51 0.059957173447537475 0.2
3 0.3950749464668094 0.415 0.027837259100642397 0.13
