3 0.44511217948717946 0.5905048076923077 0.13701923076923078 0.2550480769230769
3 0.22379807692307693 0.612139423076923 0.09118589743589743 0.18822115384615384
3 0.8490384615384615 0.627764423076923 0.0858974358974359 0.19783653846153845
3 0.13966346153846154 0.6292067307692307 0.08830128205128206 0.13774038461538463
3 0.5701121794871795 0.3697115384615385 0.17451923076923076 0.21394230769230768
3 0.31971153846153844 0.5986778846153846 0.1189102564102564 0.228125
3 0.6818910256410257 0.5816105769230769 0.10448717948717949 0.25264423076923076
3 0.5689903846153846 0.5935096153846153 0.12804487179487178 0.25625
3 0.07868589743589743 0.6323317307692308 0.07019230769230769 0.09302884615384616
3 0.903525641025641 0.6405048076923077 0.07564102564102564 0.17716346153846155
3 0.779727564102564 0.6153846153846154 0.09503205128205128 0.23798076923076922
3 0.39455128205128204 0.3683894230769231 0.18076923076923077 0.20264423076923077
