3 0.09635416666666667 0.35648148148148145 0.08854166666666667 0.19444444444444445
3 0.5338541666666666 0.6898148148148148 0.140625 0.25
3 0.8098958333333334 0.5925925925925926 0.11979166666666667 0.2962962962962963
3 0.7708333333333334 0.3472222222222222 0.11458333333333333 0.23148148148148148
3 0.24479166666666666 0.6666666666666666 0.15625 0.2962962962962963
3 0.8723958333333334 0.39814814814814814 0.109375 0.2037037037037037
3 0.19791666666666666 0.3287037037037037 0.11458333333333333 0.25
3 0.16145833333333334 0.5185185185185185 0.10416666666666667 0.25925925925925924
3 0.6901041666666666 0.6620370370370371 0.15104166666666666 0.25
3 0.6067708333333334 0.2962962962962963 0.203125 0.2777777777777778
3 0.3854166666666667 0.6898148148148148 0.13541666666666666 0.25
3 0.3619791666666667 0.3055555555555556 0.203125 0.3148148148148148
