3 0.745 0.5718562874251497 0.09 0.16167664670658682
3 0.3883333333333333 0.6586826347305389 0.08333333333333333 0.16766467065868262
3 0.5666666666666667 0.6287425149700598 0.08 0.09580838323353294
3 0.22833333333333333 0.6437125748502994 0.07666666666666666 0.18562874251497005
3 0.5533333333333333 0.5089820359281437 0.12666666666666668 0.17964071856287425
3 0.89 0.5658682634730539 0.07333333333333333 0.10179640718562874
3 0.30833333333333335 0.6407185628742516 0.08333333333333333 0.15568862275449102
3 0.48333333333333334 0.6616766467065869 0.08 0.12574850299401197
3 0.86 0.46706586826347307 0.05333333333333334 0.1317365269461078
3 0.18333333333333332 0.6287425149700598 0.06 0.11976047904191617
3 0.785 0.46407185628742514 0.09666666666666666 0.2215568862275449
3 0.9083333333333333 0.44011976047904194 0.043333333333333335 0.1497005988023952
3 0.13166666666666665 0.5119760479041916 0.07 0.1377245508982036
3 0.30833333333333335 0.5149700598802395 0.09666666666666666 0.15568862275449102
3 0.21 0.49700598802395207 0.09333333333333334 0.19161676646706588
3 0.425 0.5179640718562875 0.13 0.17365269461077845
3 0.82 0.5958083832335329 0.07333333333333333 0.1377245508982036
3 0.675 0.49101796407185627 0.09666666666666666 0.16766467065868262
3 0.655 0.6227544910179641 0.07666666666666666 0.10778443113772455
