3 0.654 0.5830388692579506 0.096 0.14840989399293286
3 0.561 0.6166077738515902 0.098 0.19434628975265017
3 0.771 0.5441696113074205 0.142 0.13427561837455831
3 0.293 0.4628975265017668 0.066 0.1625441696113074
3 0.288 0.6201413427561837 0.084 0.19434628975265017
3 0.536 0.46113074204946997 0.148 0.21554770318021202
3 0.226 0.4787985865724382 0.072 0.15901060070671377
3 0.39 0.46113074204946997 0.14 0.2226148409893993
3 0.221 0.549469964664311 0.058 0.1519434628975265
3 0.81 0.4204946996466431 0.188 0.1625441696113074
3 0.664 0.45229681978798586 0.104 0.19081272084805653
3 0.462 0.6236749116607774 0.1 0.1872791519434629
3 0.374 0.6431095406360424 0.096 0.1625441696113074
