3 0.24545454545454545 0.4262295081967213 0.09090909090909091 0.2185792349726776
3 0.7254545454545455 0.3907103825136612 0.08363636363636363 0.2677595628415301
3 0.13090909090909092 0.43169398907103823 0.05818181818181818 0.13114754098360656
3 0.5672727272727273 0.41530054644808745 0.14545454545454545 0.22950819672131148
3 0.76 0.5655737704918032 0.05090909090909091 0.09289617486338798
3 0.5163636363636364 0.6366120218579235 0.08727272727272728 0.20218579234972678
3 0.7181818181818181 0.5737704918032787 0.06909090909090909 0.16393442622950818
3 0.6 0.6202185792349727 0.08727272727272728 0.1912568306010929
3 0.0890909090909091 0.4098360655737705 0.04 0.12021857923497267
3 0.33090909090909093 0.4344262295081967 0.09454545454545454 0.1912568306010929
3 0.6745454545454546 0.5983606557377049 0.07636363636363637 0.20218579234972678
3 0.6563636363636364 0.40437158469945356 0.07636363636363637 0.18579234972677597
3 0.4381818181818182 0.42349726775956287 0.12727272727272726 0.21311475409836064
3 0.16363636363636364 0.5792349726775956 0.08727272727272728 0.14207650273224043
3 0.4309090909090909 0.6338797814207651 0.08363636363636363 0.19672131147540983
3 0.7909090909090909 0.5245901639344263 0.06181818181818182 0.12021857923497267
3 0.7890909090909091 0.44808743169398907 0.04363636363636364 0.13114754098360656
3 0.8236363636363636 0.4016393442622951 0.04 0.10382513661202186
3 0.12545454545454546 0.5355191256830601 0.09818181818181818 0.15300546448087432
3 0.07454545454545454 0.4918032786885246 0.06181818181818182 0.12021857923497267
3 0.18181818181818182 0.44808743169398907 0.05090909090909091 0.16393442622950818
2 0.7090909090909091 0.46174863387978143 0.03636363636363636 0.10382513661202186
3 0.34545454545454546 0.6202185792349727 0.08727272727272728 0.1912568306010929
3 0.20727272727272728 0.5983606557377049 0.08 0.14754098360655737
3 0.2636363636363636 0.6065573770491803 0.08363636363636363 0.22950819672131148
