3 0.26383763837638374 0.3844086021505376 0.07011070110701106 0.22043010752688172
3 0.35608856088560886 0.5349462365591398 0.06273062730627306 0.13440860215053763
3 0.29704797047970477 0.5618279569892473 0.09225092250922509 0.20967741935483872
3 0.15867158671586715 0.3978494623655914 0.04428044280442804 0.11827956989247312
3 0.7509225092250923 0.3655913978494624 0.055350553505535055 0.25806451612903225
3 0.5977859778597786 0.3521505376344086 0.13284132841328414 0.24193548387096775
3 0.34501845018450183 0.3763440860215054 0.0996309963099631 0.1935483870967742
3 0.1900369003690037 0.5080645161290323 0.07749077490774908 0.12365591397849462
3 0.7232472324723247 0.49731182795698925 0.02952029520295203 0.12365591397849462
3 0.5977859778597786 0.521505376344086 0.05904059040590406 0.10752688172043011
3 0.23800738007380073 0.5456989247311828 0.06273062730627306 0.13440860215053763
3 0.2066420664206642 0.40591397849462363 0.05166051660516605 0.1989247311827957
3 0.45940959409594095 0.3763440860215054 0.13653136531365315 0.22580645161290322
3 0.4354243542435424 0.5376344086021505 0.0959409594095941 0.16129032258064516
3 0.7638376383763837 0.49731182795698925 0.03690036900369004 0.05913978494623656
3 0.7878228782287823 0.40053763440860213 0.033210332103321034 0.11290322580645161
3 0.6715867158671587 0.510752688172043 0.07380073800738007 0.17204301075268819
3 0.5239852398523985 0.5295698924731183 0.08856088560885608 0.16666666666666666
3 0.6937269372693727 0.3521505376344086 0.08118081180811808 0.1881720430107527
