3 0.116 0.65 0.152 0.19411764705882353
3 0.412 0.13529411764705881 0.152 0.18823529411764706
3 0.284 0.2323529411764706 0.128 0.17058823529411765
3 0.082 0.8411764705882353 0.164 0.25882352941176473
3 0.692 0.22941176470588234 0.12 0.16470588235294117
3 0.856 0.6558823529411765 0.152 0.1588235294117647
3 0.166 0.5088235294117647 0.172 0.19411764705882353
3 0.57 0.1588235294117647 0.148 0.2
3 0.886 0.8294117647058824 0.172 0.24705882352941178
3 0.818 0.49411764705882355 0.156 0.2
3 0.206 0.34411764705882353 0.14 0.20588235294117646
3 0.776 0.3382352941176471 0.128 0.20588235294117646
