3 0.8832752613240418 0.3494318181818182 0.04529616724738676 0.1534090909090909
3 0.7439024390243902 0.42613636363636365 0.10801393728222997 0.2159090909090909
3 0.6132404181184669 0.6477272727272727 0.0975609756097561 0.20454545454545456
3 0.6602787456445993 0.48579545454545453 0.059233449477351915 0.16477272727272727
3 0.8449477351916377 0.5681818181818182 0.09407665505226481 0.14772727272727273
3 0.5801393728222997 0.4346590909090909 0.12195121951219512 0.24431818181818182
3 0.06968641114982578 0.4119318181818182 0.04878048780487805 0.08522727272727272
3 0.11498257839721254 0.5056818181818182 0.11846689895470383 0.14772727272727273
3 0.34843205574912894 0.4460227272727273 0.08362369337979095 0.17613636363636365
3 0.5296167247386759 0.6477272727272727 0.07665505226480836 0.20454545454545456
3 0.7874564459930313 0.6477272727272727 0.08362369337979095 0.2159090909090909
3 0.156794425087108 0.4119318181818182 0.04878048780487805 0.17613636363636365
3 0.36585365853658536 0.6420454545454546 0.09059233449477352 0.18181818181818182
3 0.27177700348432055 0.6704545454545454 0.0975609756097561 0.23863636363636365
3 0.20209059233449478 0.45738636363636365 0.06968641114982578 0.1534090909090909
3 0.44773519163763065 0.6590909090909091 0.08710801393728224 0.2159090909090909
3 0.2700348432055749 0.4715909090909091 0.09407665505226481 0.2159090909090909
3 0.20557491289198607 0.6306818181818182 0.08362369337979095 0.19318181818181818
3 0.8449477351916377 0.4318181818181818 0.05226480836236934 0.13636363636363635
3 0.872822299651568 0.48579545454545453 0.07317073170731707 0.11931818181818182
3 0.08013937282229965 0.33238636363636365 0.04878048780487805 0.11931818181818182
3 0.11672473867595819 0.39204545454545453 0.04529616724738676 0.14772727272727273
3 0.7125435540069687 0.6477272727272727 0.10104529616724739 0.23863636363636365
3 0.15505226480836237 0.5823863636363636 0.08710801393728224 0.10795454545454546
3 0.4547038327526132 0.4289772727272727 0.1289198606271777 0.24431818181818182
3 0.7909407665505227 0.4659090909090909 0.09059233449477352 0.1590909090909091
