3 0.263 0.6005917159763313 0.114 0.20118343195266272
3 0.958 0.5458579881656804 0.08 0.12130177514792899
3 0.805 0.606508875739645 0.138 0.15384615384615385
3 0.382 0.4363905325443787 0.216 0.2514792899408284
3 0.826 0.46893491124260356 0.18 0.12721893491124261
3 0.66 0.6168639053254438 0.14 0.1863905325443787
3 0.916 0.6168639053254438 0.1 0.08579881656804733
3 0.155 0.5857988165680473 0.11 0.16568047337278108
3 0.602 0.4245562130177515 0.228 0.23964497041420119
3 0.196 0.4393491124260355 0.16 0.15088757396449703
3 0.386 0.658284023668639 0.132 0.22189349112426035
3 0.52 0.6346153846153846 0.144 0.2514792899408284
3 0.923 0.4896449704142012 0.054 0.09171597633136094
1 0.361 0.41420118343195267 0.126 0.14792899408284024
