3 0.6806083650190115 0.495 0.06844106463878327 0.16
3 0.7262357414448669 0.3775 0.09125475285171103 0.205
3 0.8098859315589354 0.43 0.03802281368821293 0.05
3 0.22813688212927757 0.4725 0.03802281368821293 0.075
3 0.7718631178707225 0.405 0.053231939163498096 0.12
3 0.2965779467680608 0.3675 0.08365019011406843 0.195
3 0.38022813688212925 0.3975 0.09125475285171103 0.185
3 0.7452471482889734 0.4975 0.045627376425855515 0.105
3 0.4847908745247148 0.4 0.14068441064638784 0.24
3 0.5779467680608364 0.3825 0.12927756653992395 0.215
3 0.785171102661597 0.4875 0.04182509505703422 0.095
3 0.2376425855513308 0.37 0.034220532319391636 0.14
3 0.33079847908745247 0.5 0.06844106463878327 0.17
3 0.6577946768060836 0.3975 0.053231939163498096 0.185
3 0.8174904942965779 0.4975 0.03802281368821293 0.055
3 0.2718631178707224 0.4875 0.049429657794676805 0.095
