3 0.5072727272727273 0.6584699453551912 0.07636363636363637 0.1366120218579235
3 0.48545454545454547 0.49453551912568305 0.13454545454545455 0.23497267759562843
3 0.7381818181818182 0.6693989071038251 0.09454545454545454 0.22404371584699453
3 0.18181818181818182 0.6366120218579235 0.07272727272727272 0.16939890710382513
3 0.9018181818181819 0.6010928961748634 0.06545454545454546 0.09836065573770492
3 0.22545454545454546 0.6338797814207651 0.05090909090909091 0.1092896174863388
3 0.7672727272727272 0.44808743169398907 0.10181818181818182 0.22950819672131148
3 0.22727272727272727 0.5081967213114754 0.025454545454545455 0.15300546448087432
3 0.8254545454545454 0.644808743169399 0.03636363636363636 0.08743169398907104
3 0.5927272727272728 0.6229508196721312 0.08727272727272728 0.17486338797814208
3 0.3472727272727273 0.680327868852459 0.09090909090909091 0.22404371584699453
3 0.6727272727272727 0.46174863387978143 0.09454545454545454 0.22404371584699453
3 0.38545454545454544 0.5218579234972678 0.09454545454545454 0.18032786885245902
3 0.8545454545454545 0.5027322404371585 0.03636363636363636 0.17486338797814208
3 0.9290909090909091 0.47540983606557374 0.04727272727272727 0.09836065573770492
3 0.2727272727272727 0.6721311475409836 0.05818181818181818 0.13114754098360656
3 0.889090909090909 0.48360655737704916 0.04 0.14754098360655737
3 0.0890909090909091 0.4972677595628415 0.05454545454545454 0.14207650273224043
3 0.1890909090909091 0.4918032786885246 0.05090909090909091 0.16393442622950818
3 0.5872727272727273 0.41530054644808745 0.11272727272727273 0.2185792349726776
3 0.43272727272727274 0.6530054644808743 0.07272727272727272 0.10382513661202186
3 0.14 0.4808743169398907 0.05454545454545454 0.16393442622950818
3 0.8563636363636363 0.639344262295082 0.05454545454545454 0.1092896174863388
3 0.11818181818181818 0.6202185792349727 0.06909090909090909 0.11475409836065574
3 0.8109090909090909 0.4972677595628415 0.05090909090909091 0.20765027322404372
3 0.6654545454545454 0.6311475409836066 0.07272727272727272 0.1366120218579235
3 0.2909090909090909 0.48360655737704916 0.09454545454545454 0.2568306010928962
3 0.8 0.6530054644808743 0.03636363636363636 0.16939890710382513
