3 0.6345454545454545 0.5956284153005464 0.07636363636363637 0.20765027322404372
3 0.38727272727272727 0.4016393442622951 0.06909090909090909 0.18032786885245902
3 0.3381818181818182 0.5765027322404371 0.08727272727272728 0.18032786885245902
3 0.8727272727272727 0.41530054644808745 0.02909090909090909 0.12021857923497267
3 0.7127272727272728 0.587431693989071 0.08 0.21311475409836064
3 0.2109090909090909 0.46174863387978143 0.02909090909090909 0.09289617486338798
3 0.31636363636363635 0.4180327868852459 0.07272727272727272 0.21311475409836064
3 0.4763636363636364 0.3989071038251366 0.10909090909090909 0.19672131147540983
3 0.4163636363636364 0.5846994535519126 0.07636363636363637 0.17486338797814208
3 0.22363636363636363 0.5519125683060109 0.06181818181818182 0.12021857923497267
3 0.1709090909090909 0.5519125683060109 0.06545454545454546 0.13114754098360656
3 0.5836363636363636 0.39344262295081966 0.11272727272727273 0.2185792349726776
3 0.6690909090909091 0.39617486338797814 0.06545454545454546 0.18032786885245902
3 0.2545454545454545 0.4371584699453552 0.05818181818181818 0.16393442622950818
3 0.8018181818181818 0.5765027322404371 0.06181818181818182 0.1366120218579235
3 0.7909090909090909 0.42349726775956287 0.05454545454545454 0.15846994535519127
3 0.5618181818181818 0.5819672131147541 0.07636363636363637 0.1912568306010929
3 0.8709090909090909 0.5245901639344263 0.05454545454545454 0.08743169398907104
3 0.16545454545454547 0.4371584699453552 0.06909090909090909 0.12021857923497267
3 0.28 0.5737704918032787 0.08727272727272728 0.16393442622950818
3 0.730909090909091 0.3989071038251366 0.06545454545454546 0.18579234972677597
3 0.7545454545454545 0.5792349726775956 0.07636363636363637 0.15300546448087432
3 0.8363636363636363 0.4344262295081967 0.04363636363636364 0.12568306010928962
3 0.4890909090909091 0.5792349726775956 0.06909090909090909 0.18579234972677597
3 0.850909090909091 0.5683060109289617 0.07272727272727272 0.12021857923497267
