3 0.43462897526501765 0.32303370786516855 0.127208480565371 0.24157303370786518
3 0.6148409893992933 0.5814606741573034 0.07773851590106007 0.1853932584269663
3 0.19081272084805653 0.3342696629213483 0.0636042402826855 0.15168539325842698
3 0.5459363957597173 0.6095505617977528 0.07420494699646643 0.20786516853932585
3 0.6925795053003534 0.5926966292134831 0.08480565371024736 0.19662921348314608
3 0.6554770318021201 0.33707865168539325 0.0812720848056537 0.1797752808988764
3 0.303886925795053 0.5926966292134831 0.07773851590106007 0.24157303370786518
3 0.7897526501766784 0.4691011235955056 0.06007067137809187 0.1404494382022472
3 0.8197879858657244 0.4101123595505618 0.0636042402826855 0.10112359550561797
3 0.3374558303886926 0.34269662921348315 0.06713780918727916 0.16853932584269662
3 0.8303886925795053 0.3089887640449438 0.0636042402826855 0.1348314606741573
3 0.19081272084805653 0.4747191011235955 0.05653710247349823 0.11797752808988764
3 0.26148409893992935 0.3202247191011236 0.09187279151943463 0.21348314606741572
3 0.4664310954063604 0.6123595505617978 0.08480565371024736 0.20224719101123595
3 0.7862190812720848 0.3398876404494382 0.038869257950530034 0.1404494382022472
3 0.558303886925795 0.33146067415730335 0.12014134275618374 0.23595505617977527
3 0.14664310954063603 0.4297752808988764 0.07420494699646643 0.12921348314606743
3 0.13250883392226148 0.3061797752808989 0.06007067137809187 0.11797752808988764
3 0.38515901060070673 0.6123595505617978 0.08480565371024736 0.21348314606741572
3 0.7367491166077739 0.5365168539325843 0.1166077738515901 0.19662921348314608
3 0.23851590106007067 0.5365168539325843 0.0812720848056537 0.1853932584269663
3 0.7367491166077739 0.33707865168539325 0.0812720848056537 0.20224719101123595
