3 0.4326241134751773 0.5782122905027933 0.04964539007092199 0.17318435754189945
3 0.50177304964539 0.6033519553072626 0.08865248226950355 0.2122905027932961
3 0.25 0.5027932960893855 0.06028368794326241 0.1340782122905028
3 0.5638297872340425 0.3770949720670391 0.12056737588652482 0.24022346368715083
3 0.5656028368794326 0.5670391061452514 0.06028368794326241 0.12849162011173185
3 0.30851063829787234 0.5251396648044693 0.06382978723404255 0.18994413407821228
3 0.650709219858156 0.39664804469273746 0.06028368794326241 0.16759776536312848
3 0.8102836879432624 0.3743016759776536 0.031914893617021274 0.1340782122905028
3 0.35815602836879434 0.3715083798882682 0.04964539007092199 0.16201117318435754
3 0.7287234042553191 0.33798882681564246 0.10283687943262411 0.24022346368715083
3 0.7464539007092199 0.5111731843575419 0.0673758865248227 0.13966480446927373
3 0.7854609929078015 0.4860335195530726 0.031914893617021274 0.0893854748603352
3 0.13652482269503546 0.3324022346368715 0.03900709219858156 0.03910614525139665
3 0.8209219858156028 0.4692737430167598 0.04609929078014184 0.0670391061452514
3 0.6329787234042553 0.5754189944134078 0.1099290780141844 0.2122905027932961
3 0.6879432624113475 0.5418994413407822 0.07801418439716312 0.22346368715083798
3 0.14716312056737588 0.4860335195530726 0.05319148936170213 0.0893854748603352
3 0.36347517730496454 0.5726256983240223 0.09574468085106383 0.24022346368715083
3 0.1702127659574468 0.37988826815642457 0.03546099290780142 0.12290502793296089
3 0.4397163120567376 0.3715083798882682 0.12056737588652482 0.25139664804469275
3 0.7854609929078015 0.3770949720670391 0.024822695035460994 0.12849162011173185
3 0.20212765957446807 0.4972067039106145 0.05673758865248227 0.1005586592178771
3 0.2907801418439716 0.32122905027932963 0.11347517730496454 0.2849162011173184
3 0.15070921985815602 0.4022346368715084 0.05319148936170213 0.0893854748603352
3 0.21631205673758866 0.3854748603351955 0.05673758865248227 0.12290502793296089
