3 0.2366412213740458 0.5284974093264249 0.15267175572519084 0.46632124352331605
3 0.8129770992366412 0.5466321243523317 0.16793893129770993 0.46113989637305697
3 0.022900763358778626 0.4015544041450777 0.04580152671755725 0.16062176165803108
3 0.5133587786259542 0.5 0.14122137404580154 0.44041450777202074
3 0.37786259541984735 0.47668393782383417 0.13740458015267176 0.38341968911917096
3 0.9198473282442748 0.4896373056994819 0.15267175572519084 0.38860103626943004
3 0.11068702290076336 0.5129533678756477 0.13740458015267176 0.49740932642487046
3 0.6583969465648855 0.5414507772020726 0.14885496183206107 0.45077720207253885
3 0.05152671755725191 0.42487046632124353 0.10305343511450382 0.27979274611398963
3 0.9618320610687023 0.41450777202072536 0.06870229007633588 0.21761658031088082
