3 0.39748953974895396 0.45 0.058577405857740586 0.06
3 0.3305439330543933 0.4975 0.0502092050209205 0.055
3 0.5376569037656904 0.515 0.06276150627615062 0.08
3 0.602510460251046 0.45 0.0502092050209205 0.07
3 0.5815899581589958 0.52 0.0502092050209205 0.07
3 0.42887029288702927 0.5175 0.05439330543933055 0.075
3 0.6485355648535565 0.4475 0.0502092050209205 0.075
3 0.6338912133891214 0.5125 0.05439330543933055 0.065
3 0.4602510460251046 0.4525 0.07531380753138076 0.065
3 0.4811715481171548 0.515 0.058577405857740586 0.08
3 0.3054393305439331 0.44 0.04184100418410042 0.05
3 0.3472803347280335 0.4475 0.04184100418410042 0.055
3 0.3807531380753138 0.505 0.0502092050209205 0.07
