3 0.8367117117117117 0.36 0.15990990990990991 0.44
3 0.02252252252252252 0.455 0.04504504504504504 0.26
3 0.5461711711711712 0.6475 0.11486486486486487 0.275
3 0.6722972972972973 0.6075 0.11486486486486487 0.335
3 0.11936936936936937 0.695 0.0945945945945946 0.26
3 0.9493243243243243 0.41 0.09684684684684684 0.34
3 0.40427927927927926 0.3975 0.17342342342342343 0.395
3 0.9054054054054054 0.625 0.13063063063063063 0.28
3 0.7162162162162162 0.365 0.09009009009009009 0.28
3 0.579954954954955 0.38 0.17342342342342343 0.42
3 0.795045045045045 0.61 0.13063063063063063 0.36
3 0.06531531531531531 0.455 0.08108108108108109 0.31
3 0.31981981981981983 0.5975 0.0990990990990991 0.335
3 0.268018018018018 0.4175 0.08108108108108109 0.305
3 0.42680180180180183 0.6675 0.11036036036036036 0.215
3 0.15765765765765766 0.4025 0.14414414414414414 0.455
3 0.9695945945945946 0.635 0.05630630630630631 0.26
3 0.21283783783783783 0.6225 0.10135135135135136 0.345
