3 0.16023166023166024 0.8685567010309279 0.15057915057915058 0.17010309278350516
3 0.5386100386100386 0.16237113402061856 0.11969111969111969 0.12886597938144329
3 0.1718146718146718 0.7242268041237113 0.1583011583011583 0.211340206185567
3 0.6505791505791506 0.20103092783505155 0.10424710424710425 0.13402061855670103
3 0.32432432432432434 0.22164948453608246 0.10038610038610038 0.13402061855670103
3 0.17953667953667954 0.5515463917525774 0.1274131274131274 0.16494845360824742
3 0.25868725868725867 0.30927835051546393 0.11583011583011583 0.17525773195876287
3 0.8243243243243243 0.8479381443298969 0.1583011583011583 0.18041237113402062
3 0.861003861003861 0.9458762886597938 0.11583011583011583 0.0979381443298969
3 0.7644787644787645 0.4072164948453608 0.13127413127413126 0.16494845360824742
3 0.7297297297297297 0.2963917525773196 0.10038610038610038 0.15979381443298968
3 0.805019305019305 0.5567010309278351 0.1274131274131274 0.15463917525773196
3 0.8108108108108109 0.7087628865979382 0.138996138996139 0.19072164948453607
3 0.4247104247104247 0.15979381443298968 0.10810810810810811 0.14432989690721648
3 0.222007722007722 0.4484536082474227 0.14285714285714285 0.17525773195876287
