3 0.2244718309859155 0.884 0.1954225352112676 0.228
3 0.897887323943662 0.371 0.2007042253521127 0.366
3 0.06690140845070422 0.845 0.13380281690140844 0.246
3 0.6188380281690141 0.898 0.20950704225352113 0.2
0 0.44278169014084506 0.422 0.04753521126760563 0.112
0 0.5669014084507042 0.402 0.08450704225352113 0.124
1 0.5704225352112676 0.411 0.12323943661971831 0.214
1 0.4454225352112676 0.429 0.06338028169014084 0.138
0 0.1892605633802817 0.354 0.02640845070422535 0.068
0 0.8116197183098591 0.367 0.017605633802816902 0.042
3 0.9779929577464789 0.614 0.040492957746478875 0.132
3 0.653169014084507 0.444 0.29225352112676056 0.396
3 0.9234154929577465 0.825 0.14964788732394366 0.306
3 0.4216549295774648 0.897 0.18838028169014084 0.202
3 0.8160211267605634 0.868 0.20950704225352113 0.26
3 0.34066901408450706 0.426 0.301056338028169 0.416
3 0.11179577464788733 0.328 0.22359154929577466 0.376
