3 0.7429078014184397 0.48324022346368717 0.0673758865248227 0.18435754189944134
3 0.2127659574468085 0.6229050279329609 0.09219858156028368 0.13966480446927373
3 0.8723404255319149 0.6536312849162011 0.0851063829787234 0.1787709497206704
3 0.2907801418439716 0.5027932960893855 0.10638297872340426 0.1787709497206704
3 0.9432624113475178 0.5893854748603352 0.07092198581560284 0.21787709497206703
3 0.574468085106383 0.6229050279329609 0.09219858156028368 0.12849162011173185
3 0.4078014184397163 0.5 0.14893617021276595 0.22905027932960895
3 0.9574468085106383 0.3994413407821229 0.06382978723404255 0.15083798882681565
3 0.8581560283687943 0.505586592178771 0.0425531914893617 0.12849162011173185
3 0.02304964539007092 0.5865921787709497 0.04609929078014184 0.12290502793296089
3 0.6666666666666666 0.6340782122905028 0.07801418439716312 0.13966480446927373
3 0.8156028368794326 0.4776536312849162 0.07092198581560284 0.20670391061452514
3 0.05319148936170213 0.4581005586592179 0.05673758865248227 0.16759776536312848
3 0.9024822695035462 0.4692737430167598 0.04609929078014184 0.1452513966480447
3 0.6648936170212766 0.4748603351955307 0.09574468085106383 0.22346368715083798
3 0.7588652482269503 0.6312849162011173 0.07801418439716312 0.16759776536312848
3 0.9060283687943262 0.6284916201117319 0.05319148936170213 0.18435754189944134
3 0.1879432624113475 0.5167597765363129 0.09929078014184398 0.13966480446927373
3 0.1276595744680851 0.6284916201117319 0.07801418439716312 0.12849162011173185
3 0.8297872340425532 0.6731843575418994 0.07092198581560284 0.15083798882681565
3 0.014184397163120567 0.43854748603351956 0.028368794326241134 0.17318435754189945
3 0.30319148936170215 0.6508379888268156 0.08156028368794327 0.13966480446927373
3 0.11170212765957446 0.49162011173184356 0.06028368794326241 0.16759776536312848
3 0.549645390070922 0.48324022346368717 0.1347517730496454 0.24022346368715083
3 0.0726950354609929 0.5977653631284916 0.0673758865248227 0.1340782122905028
