3 0.694 0.21470588235294116 0.108 0.12352941176470589
3 0.838 0.7147058823529412 0.156 0.2411764705882353
3 0.296 0.2411764705882353 0.12 0.11764705882352941
3 0.798 0.5205882352941177 0.116 0.20588235294117646
3 0.224 0.37058823529411766 0.088 0.18823529411764706
3 0.56 0.17058823529411765 0.152 0.15294117647058825
3 0.19 0.5176470588235295 0.116 0.18823529411764706
3 0.156 0.6941176470588235 0.152 0.24705882352941178
3 0.762 0.36764705882352944 0.1 0.18235294117647058
3 0.406 0.16470588235294117 0.148 0.1411764705882353
