3 0.7288732394366197 0.49735915492957744 0.3544600938967136 0.5123239436619719
0 0.7247652582159625 0.4198943661971831 0.05046948356807512 0.051056338028169015
0 0.6467136150234741 0.4894366197183099 0.007042253521126761 0.01056338028169014
0 0.642018779342723 0.40933098591549294 0.03051643192488263 0.01584507042253521
0 0.579225352112676 0.4903169014084507 0.01056338028169014 0.058098591549295774
0 0.8139671361502347 0.6241197183098591 0.008215962441314555 0.040492957746478875
0 0.6919014084507042 0.4630281690140845 0.01995305164319249 0.028169014084507043
0 0.818075117370892 0.5026408450704225 0.014084507042253521 0.06866197183098592
3 0.08333333333333333 0.6302816901408451 0.16666666666666666 0.4014084507042254
3 0.2676056338028169 0.5994718309859155 0.24413145539906103 0.4630281690140845
3 0.926056338028169 0.5079225352112676 0.1431924882629108 0.5264084507042254
3 0.4794600938967136 0.5466549295774648 0.19131455399061034 0.43133802816901406
