3 0.8315217391304348 0.41530054644808745 0.06884057971014493 0.2185792349726776
3 0.8931159420289855 0.4453551912568306 0.05434782608695652 0.1912568306010929
3 0.9329710144927537 0.4672131147540984 0.03985507246376811 0.15846994535519127
3 0.8297101449275363 0.6065573770491803 0.07246376811594203 0.19672131147540983
3 0.6684782608695652 0.5792349726775956 0.08333333333333333 0.15300546448087432
3 0.28442028985507245 0.3797814207650273 0.09057971014492754 0.22404371584699453
3 0.213768115942029 0.39617486338797814 0.057971014492753624 0.1912568306010929
3 0.6268115942028986 0.4262295081967213 0.13043478260869565 0.25136612021857924
3 0.3713768115942029 0.4016393442622951 0.11956521739130435 0.23497267759562843
3 0.3532608695652174 0.5737704918032787 0.07608695652173914 0.16393442622950818
3 0.4927536231884058 0.43169398907103823 0.13768115942028986 0.26229508196721313
3 0.5887681159420289 0.587431693989071 0.06159420289855073 0.08196721311475409
3 0.7427536231884058 0.4207650273224044 0.10869565217391304 0.22950819672131148
3 0.75 0.592896174863388 0.06521739130434782 0.12568306010928962
3 0.5163043478260869 0.6092896174863388 0.07608695652173914 0.11475409836065574
3 0.28442028985507245 0.5655737704918032 0.07608695652173914 0.18032786885245902
3 0.4365942028985507 0.5846994535519126 0.09057971014492754 0.17486338797814208
