3 0.29814814814814816 0.5347593582887701 0.08518518518518518 0.11764705882352941
3 0.4666666666666667 0.4304812834224599 0.14814814814814814 0.24064171122994651
3 0.8037037037037037 0.5320855614973262 0.08148148148148149 0.12299465240641712
3 0.9314814814814815 0.37433155080213903 0.07037037037037037 0.16042780748663102
3 0.8907407407407407 0.44919786096256686 0.040740740740740744 0.13903743315508021
3 0.4537037037037037 0.5962566844919787 0.1 0.13368983957219252
3 0.8518518518518519 0.4946524064171123 0.044444444444444446 0.12299465240641712
3 0.8037037037037037 0.3770053475935829 0.06666666666666667 0.19786096256684493
3 0.15555555555555556 0.4358288770053476 0.08148148148148149 0.24064171122994651
3 0.35 0.3983957219251337 0.1 0.2192513368983957
3 0.7296296296296296 0.3983957219251337 0.08888888888888889 0.1657754010695187
3 0.725925925925926 0.5614973262032086 0.08888888888888889 0.1711229946524064
3 0.6351851851851852 0.5775401069518716 0.07777777777777778 0.0855614973262032
3 0.06296296296296296 0.2887700534759358 0.05925925925925926 0.11764705882352941
3 0.08703703703703704 0.42780748663101603 0.07777777777777778 0.1711229946524064
3 0.6203703703703703 0.4197860962566845 0.15925925925925927 0.25133689839572193
3 0.9055555555555556 0.30213903743315507 0.05555555555555555 0.17647058823529413
3 0.2740740740740741 0.40106951871657753 0.08148148148148149 0.18181818181818182
3 0.37592592592592594 0.5588235294117647 0.09259259259259259 0.11229946524064172
3 0.21666666666666667 0.4037433155080214 0.06296296296296296 0.1443850267379679
3 0.23148148148148148 0.5267379679144385 0.06296296296296296 0.11229946524064172
3 0.12407407407407407 0.3155080213903743 0.07037037037037037 0.1711229946524064
3 0.8574074074074074 0.35294117647058826 0.040740740740740744 0.1711229946524064
