3 0.2283702213279678 0.6246290801186943 0.10663983903420524 0.10385756676557864
3 0.6458752515090543 0.8130563798219584 0.08853118712273642 0.1543026706231454
3 0.8541247484909457 0.0771513353115727 0.10663983903420524 0.1543026706231454
3 0.7092555331991952 0.7626112759643917 0.09054325955734406 0.18991097922848665
3 0.4245472837022133 0.13501483679525222 0.12877263581488935 0.2344213649851632
3 0.8028169014084507 0.5103857566765578 0.12877263581488935 0.17210682492581603
3 0.6901408450704225 0.12314540059347182 0.21730382293762576 0.22255192878338279
3 0.37122736418511065 0.8367952522255193 0.09859154929577464 0.1543026706231454
3 0.2505030181086519 0.6943620178041543 0.09456740442655935 0.14836795252225518
3 0.755533199195171 0.6824925816023739 0.09456740442655935 0.1543026706231454
3 0.08953722334004025 0.11869436201780416 0.05835010060362173 0.2314540059347181
3 0.46680080482897385 0.8456973293768546 0.096579476861167 0.142433234421365
3 0.5583501006036218 0.8338278931750742 0.09054325955734406 0.14836795252225518
3 0.5382293762575453 0.12759643916913946 0.10663983903420524 0.20178041543026706
3 0.1790744466800805 0.42433234421364985 0.12072434607645875 0.12462908011869436
3 0.7746478873239436 0.6008902077151336 0.0925553319919517 0.12759643916913946
3 0.15593561368209255 0.129080118694362 0.09054325955734406 0.24629080118694363
3 0.289738430583501 0.7833827893175074 0.1006036217303823 0.18397626112759644
3 0.8088531187122736 0.39020771513353114 0.11670020120724346 0.12759643916913946
3 0.2776659959758551 0.13649851632047477 0.16901408450704225 0.26112759643916916
0 0.6398390342052314 0.7700296735905044 0.0482897384305835 0.01483679525222552
0 0.18712273641851107 0.516320474777448 0.04024144869215292 0.03560830860534125
0 0.5563380281690141 0.7833827893175074 0.05835010060362173 0.02373887240356083
0 0.176056338028169 0.4332344213649852 0.03420523138832998 0.02373887240356083
0 0.3873239436619718 0.7774480712166172 0.030181086519114688 0.017804154302670624
