3 0.45698924731182794 0.8861111111111111 0.08243727598566308 0.1388888888888889
3 0.3225806451612903 0.8 0.1003584229390681 0.2111111111111111
3 0.22580645161290322 0.5194444444444445 0.12186379928315412 0.18333333333333332
3 0.25806451612903225 0.6527777777777778 0.11469534050179211 0.19444444444444445
3 0.8207885304659498 0.3611111111111111 0.15053763440860216 0.24444444444444444
3 0.3817204301075269 0.8555555555555555 0.07526881720430108 0.16666666666666666
3 0.6146953405017921 0.8666666666666667 0.08960573476702509 0.15555555555555556
3 0.5376344086021505 0.8805555555555555 0.07885304659498207 0.1388888888888889
3 0.7741935483870968 0.5222222222222223 0.12903225806451613 0.18888888888888888
3 0.7473118279569892 0.6694444444444444 0.1111111111111111 0.20555555555555555
3 0.6845878136200717 0.7833333333333333 0.11469534050179211 0.2222222222222222
3 0.8691756272401434 0.15555555555555556 0.14695340501792115 0.24444444444444444
3 0.16308243727598568 0.15833333333333333 0.16129032258064516 0.2388888888888889
3 0.1917562724014337 0.37222222222222223 0.14695340501792115 0.24444444444444444
