3 0.358695652173913 0.5755813953488372 0.13478260869565217 0.16279069767441862
3 0.7369565217391304 0.3953488372093023 0.14347826086956522 0.2441860465116279
3 0.20869565217391303 0.43023255813953487 0.1565217391304348 0.16279069767441862
3 0.6065217391304348 0.5959302325581395 0.10869565217391304 0.20348837209302326
3 0.7673913043478261 0.5755813953488372 0.1 0.16279069767441862
3 0.6282608695652174 0.37209302325581395 0.1608695652173913 0.29069767441860467
3 0.3565217391304348 0.42441860465116277 0.12173913043478261 0.1744186046511628
3 0.7 0.5523255813953488 0.0782608695652174 0.1511627906976744
3 0.8217391304347826 0.5959302325581395 0.12173913043478261 0.18023255813953487
3 0.9282608695652174 0.3953488372093023 0.1 0.22093023255813954
3 0.48478260869565215 0.5755813953488372 0.13478260869565217 0.16279069767441862
3 0.8456521739130435 0.3953488372093023 0.14347826086956522 0.2441860465116279
3 0.48478260869565215 0.4186046511627907 0.13478260869565217 0.18604651162790697
3 0.8673913043478261 0.6162790697674418 0.08260869565217391 0.18604651162790697
