3 0.36462093862815886 0.5054945054945055 0.04332129963898917 0.14285714285714285
3 0.41335740072202165 0.5164835164835165 0.061371841155234655 0.13186813186813187
3 0.5794223826714802 0.40934065934065933 0.09025270758122744 0.14835164835164835
3 0.47833935018050544 0.5412087912087912 0.08303249097472924 0.13736263736263737
3 0.6498194945848376 0.5302197802197802 0.08664259927797834 0.1043956043956044
3 0.7509025270758123 0.5027472527472527 0.11552346570397112 0.1043956043956044
3 0.6606498194945848 0.41483516483516486 0.08664259927797834 0.12637362637362637
3 0.3249097472924188 0.37362637362637363 0.09386281588447654 0.2087912087912088
3 0.3267148014440433 0.5247252747252747 0.039711191335740074 0.1043956043956044
3 0.40613718411552346 0.37362637362637363 0.06859205776173286 0.17582417582417584
3 0.4891696750902527 0.3901098901098901 0.09747292418772563 0.18681318681318682
3 0.24368231046931407 0.36813186813186816 0.08303249097472924 0.17582417582417584
3 0.5649819494584838 0.5439560439560439 0.09025270758122744 0.12087912087912088
3 0.30144404332129965 0.5274725274725275 0.02527075812274368 0.10989010989010989
3 0.7563176895306859 0.41483516483516486 0.11191335740072202 0.11538461538461539
3 0.27978339350180503 0.5247252747252747 0.02527075812274368 0.11538461538461539
