3 0.2690909090909091 0.6420765027322405 0.08 0.21311475409836064
3 0.08363636363636363 0.505464480874317 0.04363636363636364 0.12568306010928962
3 0.14909090909090908 0.5191256830601093 0.07272727272727272 0.17486338797814208
3 0.5381818181818182 0.4562841530054645 0.13818181818181818 0.2568306010928962
3 0.4036363636363636 0.4562841530054645 0.13090909090909092 0.2568306010928962
3 0.11818181818181818 0.639344262295082 0.03272727272727273 0.1092896174863388
3 0.8181818181818182 0.4808743169398907 0.06545454545454546 0.16393442622950818
3 0.15818181818181817 0.6366120218579235 0.05454545454545454 0.12568306010928962
3 0.7472727272727273 0.45901639344262296 0.09818181818181818 0.2185792349726776
3 0.52 0.6475409836065574 0.08727272727272728 0.15846994535519127
3 0.8727272727272727 0.6120218579234973 0.06545454545454546 0.09836065573770492
3 0.3527272727272727 0.6256830601092896 0.08727272727272728 0.16939890710382513
3 0.2927272727272727 0.4726775956284153 0.09818181818181818 0.20218579234972678
3 0.6527272727272727 0.4453551912568306 0.09818181818181818 0.23497267759562843
3 0.6945454545454546 0.6147540983606558 0.09454545454545454 0.16939890710382513
3 0.6072727272727273 0.6202185792349727 0.08727272727272728 0.1912568306010929
3 0.0890909090909091 0.6256830601092896 0.05454545454545454 0.1366120218579235
3 0.20909090909090908 0.4918032786885246 0.09090909090909091 0.20765027322404372
3 0.8654545454545455 0.4918032786885246 0.04363636363636364 0.15300546448087432
3 0.20363636363636364 0.644808743169399 0.06545454545454546 0.15300546448087432
3 0.82 0.6147540983606558 0.05454545454545454 0.11475409836065574
3 0.43272727272727274 0.644808743169399 0.08 0.16393442622950818
3 0.10909090909090909 0.5218579234972678 0.04363636363636364 0.15846994535519127
3 0.769090909090909 0.6147540983606558 0.07636363636363637 0.12568306010928962
