3 0.5444015444015444 0.2757731958762887 0.05405405405405406 0.07731958762886598
3 0.6640926640926641 0.18041237113402062 0.04633204633204633 0.08247422680412371
3 0.2799227799227799 0.18041237113402062 0.03474903474903475 0.061855670103092786
3 0.694980694980695 0.23195876288659795 0.03861003861003861 0.061855670103092786
3 0.6158301158301158 0.18814432989690721 0.05791505791505792 0.07731958762886598
3 0.2972972972972973 0.2603092783505155 0.03861003861003861 0.0979381443298969
3 0.37065637065637064 0.1958762886597938 0.0694980694980695 0.08247422680412371
3 0.6428571428571429 0.25773195876288657 0.03474903474903475 0.09278350515463918
3 0.4266409266409266 0.2757731958762887 0.05019305019305019 0.08762886597938144
3 0.3204633204633205 0.20103092783505155 0.05405405405405406 0.08247422680412371
3 0.33783783783783783 0.27319587628865977 0.05791505791505792 0.10309278350515463
3 0.4864864864864865 0.2706185567010309 0.0694980694980695 0.0979381443298969
3 0.6776061776061776 0.2603092783505155 0.04247104247104247 0.07731958762886598
3 0.38223938223938225 0.2809278350515464 0.04633204633204633 0.0979381443298969
3 0.5482625482625483 0.20103092783505155 0.07722007722007722 0.08247422680412371
3 0.6003861003861004 0.2706185567010309 0.05791505791505792 0.07731958762886598
3 0.6988416988416989 0.16237113402061856 0.03088803088803089 0.05670103092783505
