3 0.5638260869565217 0.5478818998716303 0.04730434782608696 0.08164313222079589
3 0.42730434782608695 0.5472400513478819 0.04591304347826087 0.09525032092426187
3 0.6502608695652173 0.541976893453145 0.04034782608695652 0.1006418485237484
3 0.3487826086956522 0.4142490372272144 0.04817391304347826 0.13324775353016688
3 0.5362608695652173 0.448395378690629 0.07147826086956521 0.12195121951219512
3 0.6474782608695652 0.42015404364569964 0.048 0.14146341463414633
3 0.46347826086956523 0.44454428754813863 0.07478260869565218 0.1301668806161746
3 0.3869565217391304 0.5458279845956354 0.04417391304347826 0.11091142490372272
3 0.47147826086956524 0.5498074454428755 0.04660869565217391 0.0834403080872914
3 0.348695652173913 0.541591784338896 0.04069565217391304 0.10141206675224647
3 0.6077391304347826 0.5549422336328627 0.050956521739130435 0.11014120667522465
3 0.5178260869565218 0.5489088575096277 0.04643478260869565 0.0790757381258023
3 0.3997391304347826 0.4367137355584082 0.05652173913043478 0.12220795892169448
3 0.5977391304347827 0.4399229781771502 0.05321739130434783 0.12503209242618743
