3 0.2678018575851393 0.36538461538461536 0.10835913312693499 0.24358974358974358
3 0.10526315789473684 0.9230769230769231 0.13622291021671826 0.14102564102564102
3 0.7291021671826625 0.48717948717948717 0.13312693498452013 0.28205128205128205
3 0.4040247678018576 0.27884615384615385 0.20123839009287925 0.28846153846153844
3 0.7972136222910217 0.6858974358974359 0.09597523219814241 0.21794871794871795
3 0.7972136222910217 0.8846153846153846 0.14551083591331268 0.21794871794871795
3 0.6114551083591331 0.2948717948717949 0.20743034055727555 0.2564102564102564
3 0.14860681114551083 0.5705128205128205 0.08668730650154799 0.23076923076923078
3 0.22755417956656346 0.4551282051282051 0.10835913312693499 0.10256410256410256
3 0.12538699690402477 0.7692307692307693 0.08359133126934984 0.15384615384615385
3 0.6006191950464397 0.5608974358974359 0.18575851393188855 0.25
