3 0.3600867678958785 0.5765789473684211 0.0963123644251627 0.12368421052631579
3 0.23036876355748373 0.3494736842105263 0.07809110629067245 0.12105263157894737
3 0.4442516268980477 0.3368421052631579 0.14229934924078091 0.16736842105263158
3 0.448590021691974 0.5818421052631579 0.0841648590021692 0.12894736842105264
3 0.6696312364425163 0.5821052631578948 0.08026030368763558 0.11052631578947368
3 0.6015184381778742 0.5868421052631579 0.08720173535791757 0.12210526315789473
3 0.6800433839479393 0.32394736842105265 0.07158351409978309 0.12368421052631579
3 0.31453362255965295 0.3386842105263158 0.11626898047722342 0.15210526315789474
3 0.723644251626898 0.5742105263157895 0.0737527114967462 0.09894736842105263
3 0.27440347071583515 0.5623684210526316 0.08806941431670282 0.10684210526315789
3 0.5171366594360087 0.5747368421052632 0.08329718004338395 0.12736842105263158
3 0.5787418655097614 0.33631578947368423 0.1336225596529284 0.1694736842105263
3 0.7453362255965292 0.3294736842105263 0.08069414316702819 0.12105263157894737
