1 0.674863387978142 0.5672727272727273 0.060109289617486336 0.03636363636363636
3 0.43169398907103823 0.6090909090909091 0.2185792349726776 0.1709090909090909
3 0.08743169398907104 0.2 0.09836065573770492 0.13090909090909092
3 0.5792349726775956 0.37272727272727274 0.18579234972677597 0.13454545454545455
3 0.25136612021857924 0.21454545454545454 0.2185792349726776 0.16
3 0.639344262295082 0.5127272727272727 0.26229508196721313 0.14545454545454545
3 0.4207650273224044 0.29454545454545455 0.19672131147540983 0.13090909090909092
3 0.6584699453551912 0.8090909090909091 0.3114754098360656 0.21454545454545454
3 0.6530054644808743 0.6527272727272727 0.2459016393442623 0.12727272727272726
0 0.5327868852459017 0.8072727272727273 0.01639344262295082 0.02181818181818182
0 0.6693989071038251 0.7527272727272727 0.0273224043715847 0.007272727272727273
0 0.4207650273224044 0.610909090909091 0.03278688524590164 0.007272727272727273
1 0.6967213114754098 0.6381818181818182 0.1366120218579235 0.08363636363636363
