3 0.11388888888888889 0.3445378151260504 0.044444444444444446 0.3697478991596639
3 0.17777777777777778 0.6512605042016807 0.044444444444444446 0.2773109243697479
3 0.7833333333333333 0.3487394957983193 0.07222222222222222 0.4117647058823529
3 0.5291666666666667 0.680672268907563 0.075 0.453781512605042
3 0.15555555555555556 0.36554621848739494 0.05555555555555555 0.3949579831932773
3 0.5805555555555556 0.4327731092436975 0.12222222222222222 0.5294117647058824
3 0.4152777777777778 0.4117647058823529 0.125 0.5378151260504201
3 0.6972222222222222 0.3277310924369748 0.10555555555555556 0.48739495798319327
3 0.21805555555555556 0.35714285714285715 0.08055555555555556 0.4117647058823529
3 0.8333333333333334 0.6134453781512605 0.05555555555555555 0.33613445378151263
3 0.8833333333333333 0.5588235294117647 0.05 0.24369747899159663
3 0.8458333333333333 0.3403361344537815 0.058333333333333334 0.3949579831932773
3 0.3736111111111111 0.6260504201680672 0.06944444444444445 0.44537815126050423
3 0.6138888888888889 0.6848739495798319 0.07777777777777778 0.3949579831932773
3 0.30277777777777776 0.35294117647058826 0.1 0.47058823529411764
3 0.23055555555555557 0.6848739495798319 0.07222222222222222 0.2773109243697479
3 0.9097222222222222 0.2815126050420168 0.03611111111111111 0.31092436974789917
3 0.9180555555555555 0.46218487394957986 0.041666666666666664 0.18487394957983194
3 0.4583333333333333 0.6680672268907563 0.07222222222222222 0.4789915966386555
3 0.8847222222222222 0.3025210084033613 0.030555555555555555 0.31932773109243695
3 0.3013888888888889 0.680672268907563 0.08055555555555556 0.2689075630252101
3 0.1361111111111111 0.6050420168067226 0.03888888888888889 0.2184873949579832
3 0.6958333333333333 0.6554621848739496 0.08611111111111111 0.40336134453781514
3 0.7708333333333334 0.6764705882352942 0.06944444444444445 0.29411764705882354
