3 0.8236363636363636 0.6557377049180327 0.09818181818181818 0.30601092896174864
3 0.9563636363636364 0.4098360655737705 0.08 0.26229508196721313
3 0.38181818181818183 0.3469945355191257 0.2109090909090909 0.3551912568306011
3 0.850909090909091 0.34972677595628415 0.16727272727272727 0.34972677595628415
3 0.7272727272727273 0.3879781420765027 0.10181818181818182 0.25136612021857924
3 0.07818181818181819 0.5983606557377049 0.14181818181818182 0.22404371584699453
3 0.18545454545454546 0.6229508196721312 0.12363636363636364 0.28415300546448086
3 0.9290909090909091 0.6693989071038251 0.12 0.3114754098360656
3 0.2109090909090909 0.34153005464480873 0.13818181818181818 0.3114754098360656
3 0.5927272727272728 0.3442622950819672 0.21818181818181817 0.36065573770491804
3 0.30727272727272725 0.644808743169399 0.14909090909090908 0.26229508196721313
3 0.08181818181818182 0.319672131147541 0.12727272727272726 0.3442622950819672
3 0.5727272727272728 0.6311475409836066 0.13454545454545455 0.21311475409836064
3 0.44181818181818183 0.6284153005464481 0.12727272727272726 0.24043715846994534
3 0.7036363636363636 0.639344262295082 0.14181818181818182 0.273224043715847
