3 0.8713235294117647 0.5648648648648649 0.0661764705882353 0.1783783783783784
3 0.10294117647058823 0.518918918918919 0.08088235294117647 0.0972972972972973
3 0.8125 0.5783783783783784 0.058823529411764705 0.1837837837837838
3 0.3492647058823529 0.5837837837837838 0.058823529411764705 0.16216216216216217
3 0.14705882352941177 0.40540540540540543 0.0661764705882353 0.17297297297297298
3 0.8382352941176471 0.43243243243243246 0.051470588235294115 0.17297297297297298
3 0.2702205882352941 0.572972972972973 0.11397058823529412 0.24864864864864866
3 0.90625 0.5378378378378378 0.04779411764705882 0.11351351351351352
3 0.40625 0.6081081081081081 0.09191176470588236 0.1783783783783784
3 0.09558823529411764 0.3891891891891892 0.058823529411764705 0.17297297297297298
3 0.1636029411764706 0.5567567567567567 0.10661764705882353 0.1837837837837838
3 0.3235294117647059 0.4081081081081081 0.058823529411764705 0.2
3 0.40808823529411764 0.3945945945945946 0.125 0.2702702702702703
3 0.6636029411764706 0.6216216216216216 0.09926470588235294 0.23783783783783785
3 0.5349264705882353 0.4081081081081081 0.13602941176470587 0.2648648648648649
3 0.8860294117647058 0.41081081081081083 0.058823529411764705 0.17297297297297298
3 0.5698529411764706 0.5945945945945946 0.08823529411764706 0.15135135135135136
3 0.4852941176470588 0.6243243243243243 0.08823529411764706 0.2
3 0.23713235294117646 0.3783783783783784 0.11397058823529412 0.2810810810810811
3 0.7555147058823529 0.5945945945945946 0.09191176470588236 0.22702702702702704
3 0.7867647058823529 0.42162162162162165 0.058823529411764705 0.1837837837837838
3 0.7261029411764706 0.4135135135135135 0.07720588235294118 0.23243243243243245
3 0.6452205882352942 0.4 0.09926470588235294 0.2702702702702703
