3 0.5470588235294118 0.5476190476190477 0.07647058823529412 0.1111111111111111
3 0.2926470588235294 0.47023809523809523 0.026470588235294117 0.05952380952380952
3 0.7191176470588235 0.47619047619047616 0.020588235294117647 0.05555555555555555
3 0.40588235294117647 0.5357142857142857 0.052941176470588235 0.0873015873015873
3 0.3602941176470588 0.5178571428571429 0.04411764705882353 0.08333333333333333
3 0.611764705882353 0.5357142857142857 0.052941176470588235 0.1111111111111111
3 0.3205882352941177 0.49206349206349204 0.029411764705882353 0.07142857142857142
3 0.6911764705882353 0.498015873015873 0.029411764705882353 0.07539682539682539
3 0.6573529411764706 0.5178571428571429 0.03823529411764706 0.11507936507936507
3 0.47058823529411764 0.5496031746031746 0.07647058823529412 0.10714285714285714
