3 0.03777777777777778 0.5 0.06666666666666667 0.1111111111111111
3 0.3933333333333333 0.4027777777777778 0.14666666666666667 0.3055555555555556
3 0.18444444444444444 0.3923611111111111 0.10222222222222223 0.2569444444444444
3 0.24222222222222223 0.5972222222222222 0.09333333333333334 0.2222222222222222
3 0.8977777777777778 0.4097222222222222 0.05333333333333334 0.16666666666666666
3 0.8533333333333334 0.3958333333333333 0.07111111111111111 0.20833333333333334
3 0.27555555555555555 0.4131944444444444 0.08888888888888889 0.2708333333333333
3 0.04 0.3993055555555556 0.07111111111111111 0.13194444444444445
3 0.9733333333333334 0.3298611111111111 0.044444444444444446 0.1736111111111111
3 0.6911111111111111 0.5972222222222222 0.09333333333333334 0.19444444444444445
3 0.8933333333333333 0.5486111111111112 0.07111111111111111 0.1527777777777778
3 0.5111111111111111 0.6458333333333334 0.09777777777777778 0.18055555555555555
3 0.41555555555555557 0.6388888888888888 0.09333333333333334 0.18055555555555555
3 0.08222222222222222 0.5347222222222222 0.09333333333333334 0.19444444444444445
3 0.16666666666666666 0.5798611111111112 0.09333333333333334 0.1736111111111111
3 0.7711111111111111 0.3923611111111111 0.10222222222222223 0.22916666666666666
3 0.7777777777777778 0.5763888888888888 0.09777777777777778 0.18055555555555555
3 0.6022222222222222 0.6180555555555556 0.09333333333333334 0.19444444444444445
3 0.11555555555555555 0.5659722222222222 0.05333333333333334 0.11805555555555555
3 0.10666666666666667 0.4166666666666667 0.07111111111111111 0.19444444444444445
3 0.5444444444444444 0.4201388888888889 0.15555555555555556 0.2986111111111111
3 0.33111111111111113 0.5902777777777778 0.08444444444444445 0.2638888888888889
3 0.6755555555555556 0.40625 0.10666666666666667 0.2569444444444444
3 0.9355555555555556 0.4027777777777778 0.04888888888888889 0.1527777777777778
3 0.8422222222222222 0.5625 0.057777777777777775 0.1527777777777778
