3 0.8290909090909091 0.4562841530054645 0.10909090909090909 0.2786885245901639
3 0.9327272727272727 0.4098360655737705 0.11272727272727273 0.24043715846994534
3 0.9618181818181818 0.3005464480874317 0.06909090909090909 0.25136612021857924
3 0.16363636363636364 0.4207650273224044 0.13090909090909092 0.31693989071038253
3 0.5654545454545454 0.4344262295081967 0.12727272727272726 0.3005464480874317
3 0.7036363636363636 0.44808743169398907 0.15636363636363637 0.29508196721311475
3 0.30363636363636365 0.43989071038251365 0.14181818181818182 0.3224043715846995
3 0.4381818181818182 0.42896174863387976 0.13454545454545455 0.2896174863387978
3 0.06181818181818182 0.27049180327868855 0.10909090909090909 0.18032786885245902
3 0.05818181818181818 0.36885245901639346 0.10181818181818182 0.22404371584699453
