3 0.0783132530120482 0.5371287128712872 0.05220883534136546 0.13366336633663367
3 0.3192771084337349 0.6633663366336634 0.10040160642570281 0.18811881188118812
3 0.10441767068273092 0.650990099009901 0.07228915662650602 0.12376237623762376
3 0.05622489959839357 0.6336633663366337 0.040160642570281124 0.07920792079207921
3 0.9156626506024096 0.6584158415841584 0.05622489959839357 0.10891089108910891
3 0.04819277108433735 0.5371287128712872 0.0321285140562249 0.12376237623762376
3 0.9337349397590361 0.5420792079207921 0.04417670682730924 0.13366336633663367
3 0.17269076305220885 0.5247524752475248 0.08032128514056225 0.1782178217821782
3 0.0823293172690763 0.6386138613861386 0.03614457831325301 0.06930693069306931
3 0.2289156626506024 0.6658415841584159 0.08032128514056225 0.15346534653465346
3 0.3493975903614458 0.47277227722772275 0.11244979919678715 0.22277227722772278
3 0.8895582329317269 0.5495049504950495 0.05220883534136546 0.16831683168316833
3 0.25100401606425704 0.4876237623762376 0.10040160642570281 0.23267326732673269
3 0.5883534136546185 0.6534653465346535 0.08433734939759036 0.2079207920792079
3 0.8253012048192772 0.6732673267326733 0.05220883534136546 0.15841584158415842
3 0.7530120481927711 0.6658415841584159 0.10040160642570281 0.17326732673267325
3 0.8734939759036144 0.6757425742574258 0.04417670682730924 0.10396039603960396
3 0.6726907630522089 0.6534653465346535 0.08433734939759036 0.2079207920792079
3 0.16265060240963855 0.655940594059406 0.06827309236947791 0.11386138613861387
3 0.7469879518072289 0.5 0.10441767068273092 0.19801980198019803
3 0.40562248995983935 0.650990099009901 0.0963855421686747 0.19306930693069307
3 0.5 0.650990099009901 0.09236947791164658 0.17326732673267325
3 0.11646586345381527 0.5321782178217822 0.0321285140562249 0.14356435643564355
3 0.4779116465863454 0.4628712871287129 0.13654618473895583 0.24257425742574257
3 0.8373493975903614 0.5173267326732673 0.07630522088353414 0.21287128712871287
