3 0.3059210526315789 0.48493975903614456 0.08552631578947369 0.18674698795180722
3 0.5953947368421053 0.5301204819277109 0.07894736842105263 0.10843373493975904
3 0.05921052631578947 0.3072289156626506 0.07236842105263158 0.1686746987951807
3 0.8470394736842105 0.5180722891566265 0.08881578947368421 0.1927710843373494
3 0.047697368421052634 0.4578313253012048 0.0756578947368421 0.24096385542168675
3 0.44243421052631576 0.3132530120481928 0.15460526315789475 0.3253012048192771
3 0.8240131578947368 0.34036144578313254 0.09539473684210527 0.2710843373493976
3 0.7220394736842105 0.3253012048192771 0.10855263157894737 0.26506024096385544
3 0.7713815789473685 0.5 0.08223684210526316 0.18072289156626506
3 0.2138157894736842 0.2921686746987952 0.1118421052631579 0.25903614457831325
3 0.6973684210526315 0.5060240963855421 0.08552631578947369 0.20481927710843373
3 0.10361842105263158 0.3433734939759036 0.05592105263157895 0.18072289156626506
3 0.12171052631578948 0.5331325301204819 0.14473684210526316 0.29518072289156627
3 0.3980263157894737 0.4879518072289157 0.09868421052631579 0.18072289156626506
3 0.22039473684210525 0.4879518072289157 0.09210526315789473 0.1927710843373494
3 0.14967105263157895 0.34036144578313254 0.06907894736842106 0.23493975903614459
3 0.8930921052631579 0.3674698795180723 0.06907894736842106 0.24096385542168675
3 0.9391447368421053 0.3855421686746988 0.04276315789473684 0.18072289156626506
3 0.5032894736842105 0.49698795180722893 0.09868421052631579 0.15060240963855423
3 0.31743421052631576 0.30120481927710846 0.10855263157894737 0.26506024096385544
3 0.5921052631578947 0.32831325301204817 0.1513157894736842 0.3072289156626506
