0 0.761 0.5735735735735735 0.034 0.0960960960960961
0 0.167 0.6246246246246246 0.046 0.0960960960960961
1 0.18 0.6231231231231231 0.136 0.15915915915915915
3 0.365 0.25075075075075076 0.098 0.12312312312312312
3 0.185 0.6171171171171171 0.15 0.17117117117117117
3 0.65 0.24174174174174173 0.104 0.12312312312312312
3 0.724 0.2972972972972973 0.084 0.14414414414414414
3 0.75 0.3963963963963964 0.084 0.07807807807807808
3 0.127 0.8393393393393394 0.182 0.2852852852852853
3 0.557 0.2132132132132132 0.094 0.13213213213213212
3 0.46 0.21771771771771772 0.1 0.12912912912912913
3 0.291 0.3078078078078078 0.086 0.13513513513513514
3 0.806 0.6276276276276276 0.14 0.25225225225225223
3 0.89 0.8483483483483484 0.188 0.2852852852852853
