3 0.8078291814946619 0.5583333333333333 0.06405693950177936 0.1388888888888889
3 0.051601423487544484 0.48055555555555557 0.060498220640569395 0.11666666666666667
3 0.697508896797153 0.4111111111111111 0.099644128113879 0.2
3 0.21530249110320285 0.4444444444444444 0.08185053380782918 0.17777777777777778
3 0.10142348754448399 0.4222222222222222 0.03202846975088968 0.13333333333333333
3 0.14056939501779359 0.5638888888888889 0.046263345195729534 0.11666666666666667
3 0.8861209964412812 0.38055555555555554 0.03558718861209965 0.1388888888888889
3 0.7864768683274022 0.4111111111111111 0.07829181494661921 0.2
3 0.9217081850533808 0.35 0.03558718861209965 0.14444444444444443
3 0.8505338078291815 0.3972222222222222 0.0498220640569395 0.18333333333333332
3 0.06405693950177936 0.3972222222222222 0.042704626334519574 0.15
3 0.5480427046263345 0.6166666666666667 0.07829181494661921 0.18888888888888888
3 0.3096085409252669 0.4444444444444444 0.10676156583629894 0.17777777777777778
3 0.10142348754448399 0.5277777777777778 0.06761565836298933 0.1111111111111111
3 0.19217081850533807 0.5805555555555556 0.0711743772241993 0.18333333333333332
3 0.26868327402135234 0.6083333333333333 0.08185053380782918 0.18333333333333332
3 0.14056939501779359 0.4388888888888889 0.06761565836298933 0.15555555555555556
3 0.8523131672597865 0.5277777777777778 0.05338078291814947 0.1
3 0.896797153024911 0.4888888888888889 0.05693950177935943 0.1
3 0.45729537366548045 0.6166666666666667 0.08185053380782918 0.2
3 0.42704626334519574 0.43333333333333335 0.12811387900355872 0.23333333333333334
3 0.35231316725978645 0.6111111111111112 0.08540925266903915 0.18888888888888888
3 0.9359430604982206 0.4388888888888889 0.05693950177935943 0.17777777777777778
3 0.7384341637010676 0.5805555555555556 0.07473309608540925 0.20555555555555555
3 0.5836298932384342 0.4305555555555556 0.12811387900355872 0.22777777777777777
3 0.6601423487544484 0.5944444444444444 0.08896797153024912 0.2111111111111111
