3 0.5936329588014981 0.2025 0.06367041198501873 0.125
3 0.649812734082397 0.195 0.04868913857677903 0.15
3 0.21161048689138576 0.3375 0.07116104868913857 0.165
3 0.15543071161048688 0.25 0.07116104868913857 0.18
3 0.3539325842696629 0.2775 0.12359550561797752 0.215
3 0.449438202247191 0.3825 0.0599250936329588 0.075
3 0.5037453183520599 0.2425 0.11610486891385768 0.195
3 0.5093632958801498 0.3875 0.0749063670411985 0.115
3 0.3801498127340824 0.4 0.056179775280898875 0.07
3 0.09176029962546817 0.19 0.04868913857677903 0.12
3 0.2940074906367041 0.3725 0.08614232209737828 0.165
3 0.23782771535580524 0.2625 0.07116104868913857 0.115
3 0.5898876404494382 0.315 0.07865168539325842 0.16
