3 0.2462686567164179 0.5452127659574468 0.13432835820895522 0.16489361702127658
3 0.7649253731343284 0.5159574468085106 0.1417910447761194 0.19148936170212766
3 0.5335820895522388 0.17553191489361702 0.14925373134328357 0.1595744680851064
3 0.15858208955223882 0.6648936170212766 0.16791044776119404 0.26595744680851063
3 0.6492537313432836 0.9627659574468085 0.1044776119402985 0.06382978723404255
3 0.27052238805970147 0.9680851063829787 0.055970149253731345 0.05319148936170213
3 0.8376865671641791 0.648936170212766 0.16791044776119404 0.2553191489361702
3 0.2294776119402985 0.2127659574468085 0.13059701492537312 0.1702127659574468
3 0.3694029850746269 0.9441489361702128 0.15671641791044777 0.10106382978723404
3 0.25 0.3803191489361702 0.14925373134328357 0.16489361702127658
3 0.6548507462686567 0.23404255319148937 0.12313432835820895 0.1276595744680851
3 0.3917910447761194 0.1702127659574468 0.14925373134328357 0.18085106382978725
3 0.09888059701492537 0.7898936170212766 0.16044776119402984 0.21808510638297873
3 0.9085820895522388 0.7632978723404256 0.13805970149253732 0.21808510638297873
3 0.7369402985074627 0.19946808510638298 0.10820895522388059 0.17553191489361702
3 0.32649253731343286 0.2553191489361702 0.12313432835820895 0.14893617021276595
3 0.5186567164179104 0.9414893617021277 0.15671641791044777 0.10638297872340426
3 0.7126865671641791 0.35638297872340424 0.15671641791044777 0.18085106382978725
