3 0.2703349282296651 0.5362318840579711 0.46411483253588515 0.6376811594202898
3 0.7129186602870813 0.5108695652173914 0.44019138755980863 0.6884057971014492
1 0.2727272727272727 0.44565217391304346 0.45933014354066987 0.3695652173913043
0 0.6339712918660287 0.3079710144927536 0.023923444976076555 0.036231884057971016
0 0.6626794258373205 0.44565217391304346 0.06220095693779904 0.07971014492753623
0 0.41626794258373206 0.4855072463768116 0.028708133971291867 0.043478260869565216
0 0.145933014354067 0.39492753623188404 0.023923444976076555 0.036231884057971016
0 0.7296650717703349 0.2717391304347826 0.023923444976076555 0.021739130434782608
1 0.7177033492822966 0.4855072463768116 0.42105263157894735 0.4927536231884058
0 0.7990430622009569 0.32971014492753625 0.04784688995215311 0.050724637681159424
