3 0.948076923076923 0.41494845360824745 0.09615384615384616 0.14948453608247422
3 0.2153846153846154 0.3917525773195876 0.12307692307692308 0.2268041237113402
3 0.9288461538461539 0.5979381443298969 0.09615384615384616 0.15463917525773196
3 0.7730769230769231 0.6056701030927835 0.12307692307692308 0.20103092783505155
0 0.7173076923076923 0.31958762886597936 0.019230769230769232 0.020618556701030927
0 0.7653846153846153 0.24742268041237114 0.038461538461538464 0.041237113402061855
0 0.6673076923076923 0.33505154639175255 0.019230769230769232 0.030927835051546393
3 0.09807692307692308 0.615979381443299 0.09615384615384616 0.15979381443298968
3 0.8365384615384616 0.3865979381443299 0.08076923076923077 0.20618556701030927
0 0.4 0.2654639175257732 0.05384615384615385 0.07731958762886598
0 0.6346153846153846 0.2706185567010309 0.09230769230769231 0.0979381443298969
0 0.3153846153846154 0.33505154639175255 0.05384615384615385 0.061855670103092786
3 0.3173076923076923 0.5592783505154639 0.15 0.20103092783505155
3 0.07692307692307693 0.5644329896907216 0.1 0.11855670103092783
3 0.3192307692307692 0.36855670103092786 0.1076923076923077 0.23195876288659795
3 0.4480769230769231 0.3479381443298969 0.17307692307692307 0.28350515463917525
3 0.6519230769230769 0.5283505154639175 0.15 0.17010309278350516
3 0.08269230769230769 0.40463917525773196 0.10384615384615385 0.22164948453608246
3 0.04423076923076923 0.4252577319587629 0.07307692307692308 0.13917525773195877
3 0.19038461538461537 0.6211340206185567 0.11153846153846154 0.211340206185567
3 0.5326923076923077 0.5515463917525774 0.10384615384615385 0.1958762886597938
3 0.6076923076923076 0.3427835051546392 0.16153846153846155 0.27319587628865977
3 0.425 0.5876288659793815 0.11153846153846154 0.20618556701030927
3 0.7461538461538462 0.34536082474226804 0.12307692307692308 0.28865979381443296
3 0.13846153846153847 0.38144329896907214 0.08461538461538462 0.21649484536082475
3 0.8923076923076924 0.4097938144329897 0.1 0.15979381443298968
3 0.8653846153846154 0.6134020618556701 0.08461538461538462 0.17525773195876287
3 0.95 0.5515463917525774 0.09230769230769231 0.12371134020618557
