3 0.275 0.5202702702702703 0.1323529411764706 0.28378378378378377
3 0.3897058823529412 0.44932432432432434 0.15588235294117647 0.2905405405405405
3 0.9279411764705883 0.09121621621621621 0.13823529411764707 0.18243243243243243
3 0.736764705882353 0.5 0.1323529411764706 0.28378378378378377
3 0.5808823529411765 0.5912162162162162 0.12058823529411765 0.2635135135135135
3 0.14558823529411766 0.38175675675675674 0.15 0.38513513513513514
3 0.5794117647058824 0.38175675675675674 0.1588235294117647 0.19594594594594594
3 0.058823529411764705 0.11486486486486487 0.11764705882352941 0.22972972972972974
3 0.4338235294117647 0.6047297297297297 0.12058823529411765 0.2905405405405405
3 0.8544117647058823 0.30405405405405406 0.15 0.3783783783783784
