3 0.5985401459854015 0.6413043478260869 0.029197080291970802 0.09782608695652174
3 0.666058394160584 0.3641304347826087 0.040145985401459854 0.10869565217391304
3 0.27007299270072993 0.4891304347826087 0.058394160583941604 0.08695652173913043
3 0.6222627737226277 0.3858695652173913 0.07664233576642336 0.15217391304347827
3 0.6970802919708029 0.3641304347826087 0.021897810218978103 0.10869565217391304
3 0.22445255474452555 0.49184782608695654 0.04744525547445255 0.07065217391304347
3 0.6313868613138686 0.6358695652173914 0.043795620437956206 0.10869565217391304
3 0.6587591240875912 0.6114130434782609 0.06204379562043796 0.09239130434782608
3 0.4744525547445255 0.42391304347826086 0.072992700729927 0.11956521739130435
3 0.5127737226277372 0.6766304347826086 0.07664233576642336 0.10326086956521739
3 0.5474452554744526 0.40217391304347827 0.08029197080291971 0.16304347826086957
3 0.551094890510949 0.6467391304347826 0.06569343065693431 0.09782608695652174
3 0.44525547445255476 0.6820652173913043 0.06569343065693431 0.09239130434782608
3 0.40145985401459855 0.45108695652173914 0.072992700729927 0.10869565217391304
3 0.3302919708029197 0.4782608695652174 0.06934306569343066 0.08695652173913043
