3 0.1640926640926641 0.48711340206185566 0.0888030888030888 0.11855670103092783
3 0.5096525096525096 0.6082474226804123 0.08494208494208494 0.18556701030927836
3 0.8436293436293436 0.3556701030927835 0.05019305019305019 0.13402061855670103
3 0.44594594594594594 0.37371134020618557 0.1274131274131274 0.23195876288659795
3 0.42084942084942084 0.5798969072164949 0.10038610038610038 0.17010309278350516
3 0.7432432432432432 0.5283505154639175 0.0888030888030888 0.17010309278350516
3 0.3359073359073359 0.5618556701030928 0.12355212355212356 0.18556701030927836
3 0.3301158301158301 0.38917525773195877 0.10424710424710425 0.19072164948453607
3 0.9111969111969112 0.3118556701030928 0.03861003861003861 0.0979381443298969
3 0.8822393822393823 0.34536082474226804 0.02702702702702703 0.12371134020618557
3 0.694980694980695 0.36855670103092786 0.10038610038610038 0.19072164948453607
3 0.1138996138996139 0.43041237113402064 0.05791505791505792 0.04639175257731959
3 0.7837837837837838 0.35051546391752575 0.07722007722007722 0.1958762886597938
3 0.6698841698841699 0.5644329896907216 0.08108108108108109 0.18041237113402062
3 0.1969111969111969 0.4020618556701031 0.06177606177606178 0.12371134020618557
3 0.8301158301158301 0.4690721649484536 0.04633204633204633 0.09278350515463918
3 0.5907335907335908 0.5979381443298969 0.08494208494208494 0.17525773195876287
3 0.11003861003861004 0.3788659793814433 0.06563706563706563 0.0979381443298969
3 0.8841698841698842 0.4381443298969072 0.10810810810810811 0.17525773195876287
3 0.2471042471042471 0.3788659793814433 0.06177606177606178 0.17010309278350516
3 0.581081081081081 0.37371134020618557 0.13513513513513514 0.22164948453608246
3 0.21428571428571427 0.5077319587628866 0.05791505791505792 0.12886597938144329
3 0.1583011583011583 0.3943298969072165 0.06177606177606178 0.10824742268041238
3 0.26640926640926643 0.5283505154639175 0.09266409266409266 0.18041237113402062
3 0.7953667953667953 0.48711340206185566 0.08494208494208494 0.12886597938144329
