3 0.6183333333333333 0.25892857142857145 0.11666666666666667 0.13690476190476192
3 0.7516666666666667 0.6726190476190477 0.13666666666666666 0.25
3 0.43666666666666665 0.11607142857142858 0.14 0.19642857142857142
3 0.57 0.09821428571428571 0.12666666666666668 0.17261904761904762
3 0.6883333333333334 0.3630952380952381 0.09 0.17857142857142858
3 0.21166666666666667 0.8541666666666666 0.15 0.25595238095238093
3 0.7216666666666667 0.49404761904761907 0.11 0.2261904761904762
3 0.315 0.36904761904761907 0.08333333333333333 0.17857142857142858
3 0.7716666666666666 0.8541666666666666 0.15 0.25595238095238093
3 0.40166666666666667 0.2976190476190476 0.11666666666666667 0.13095238095238096
3 0.24833333333333332 0.6785714285714286 0.14333333333333334 0.25
