3 0.4766355140186916 0.4825 0.11214953271028037 0.245
3 0.07476635514018691 0.5075 0.06230529595015576 0.275
3 0.13707165109034267 0.4825 0.07476635514018691 0.245
3 0.8878504672897196 0.505 0.09345794392523364 0.17
3 0.24922118380062305 0.6875 0.08722741433021806 0.195
3 0.794392523364486 0.52 0.1059190031152648 0.16
3 0.17289719626168223 0.6775 0.06542056074766354 0.215
3 0.5934579439252337 0.4825 0.12149532710280374 0.255
3 0.3411214953271028 0.7 0.09657320872274143 0.18
3 0.34579439252336447 0.4775 0.13707165109034267 0.275
3 0.7523364485981309 0.655 0.12149532710280374 0.14
3 0.8629283489096573 0.645 0.11838006230529595 0.14
3 0.5404984423676013 0.6675 0.102803738317757 0.215
3 0.22429906542056074 0.485 0.11838006230529595 0.28
3 0.11838006230529595 0.695 0.056074766355140186 0.22
3 0.6417445482866043 0.66 0.09968847352024922 0.19
3 0.43769470404984423 0.6725 0.102803738317757 0.215
3 0.6962616822429907 0.5025 0.102803738317757 0.215
