3 0.8883666274970623 0.632 0.18331374853113983 0.328
0 0.7461809635722679 0.54 0.021151586368977675 0.024
3 0.9171562867215041 0.865 0.16333725029377202 0.266
3 0.1028202115158637 0.775 0.2056404230317274 0.322
3 0.4471210340775558 0.354 0.18213866039952997 0.34
0 0.36427732079905994 0.323 0.009400705052878966 0.03
0 0.0945945945945946 0.49 0.01527614571092832 0.016
3 0.29612220916568743 0.403 0.14806110458284372 0.33
3 0.7732079905992949 0.455 0.14806110458284372 0.33
3 0.6321974148061105 0.382 0.1809635722679201 0.356
3 0.15569917743830788 0.516 0.16803760282021152 0.308
