3 0.3368421052631579 0.5575 0.09824561403508772 0.215
3 0.1456140350877193 0.495 0.03859649122807018 0.11
3 0.7701754385964912 0.5175 0.08070175438596491 0.175
3 0.18771929824561404 0.52 0.06666666666666667 0.16
3 0.5684210526315789 0.5725 0.12631578947368421 0.205
3 0.8807017543859649 0.4475 0.03508771929824561 0.105
3 0.6807017543859649 0.55 0.09824561403508772 0.19
3 0.4456140350877193 0.5775 0.12631578947368421 0.205
3 0.8385964912280702 0.4825 0.056140350877192984 0.145
3 0.24736842105263157 0.5425 0.08771929824561403 0.205
