3 0.14864864864864866 0.5180412371134021 0.04247104247104247 0.11855670103092783
3 0.6988416988416989 0.43556701030927836 0.10038610038610038 0.211340206185567
3 0.38803088803088803 0.7731958762886598 0.09652509652509653 0.18556701030927836
3 0.4343629343629344 0.44072164948453607 0.13513513513513514 0.22164948453608246
3 0.22393822393822393 0.6958762886597938 0.08494208494208494 0.17525773195876287
3 0.29343629343629346 0.75 0.09266409266409266 0.211340206185567
3 0.4806949806949807 0.7757731958762887 0.09652509652509653 0.19072164948453607
3 0.23166023166023167 0.4793814432989691 0.0694980694980695 0.1958762886597938
3 0.31467181467181465 0.42783505154639173 0.09652509652509653 0.1958762886597938
3 0.18146718146718147 0.49742268041237114 0.06177606177606178 0.17010309278350516
3 0.7335907335907336 0.7139175257731959 0.08494208494208494 0.211340206185567
3 0.7915057915057915 0.6443298969072165 0.07722007722007722 0.17525773195876287
3 0.6505791505791506 0.7474226804123711 0.0888030888030888 0.18556701030927836
3 0.7741312741312741 0.4845360824742268 0.06563706563706563 0.1958762886597938
3 0.8243243243243243 0.615979381443299 0.05791505791505792 0.08762886597938144
3 0.5752895752895753 0.44329896907216493 0.15444015444015444 0.2268041237113402
3 0.5656370656370656 0.7654639175257731 0.0888030888030888 0.19072164948453607
3 0.8223938223938224 0.5077319587628866 0.05405405405405406 0.15979381443298968
3 0.19111969111969113 0.6365979381443299 0.07335907335907337 0.12886597938144329
3 0.1525096525096525 0.6237113402061856 0.05791505791505792 0.10309278350515463
