3 0.8278985507246377 0.5983606557377049 0.09057971014492754 0.20218579234972678
3 0.3967391304347826 0.43169398907103823 0.17753623188405798 0.32786885245901637
3 0.9365942028985508 0.4371584699453552 0.05434782608695652 0.16393442622950818
3 0.08152173913043478 0.412568306010929 0.06884057971014493 0.20218579234972678
3 0.21557971014492755 0.6092896174863388 0.08333333333333333 0.20218579234972678
3 0.4166666666666667 0.644808743169399 0.10144927536231885 0.14207650273224043
3 0.8242753623188406 0.412568306010929 0.09057971014492754 0.2677595628415301
3 0.14673913043478262 0.4098360655737705 0.08333333333333333 0.24043715846994534
3 0.9728260869565217 0.412568306010929 0.025362318840579712 0.12568306010928962
3 0.8804347826086957 0.5792349726775956 0.036231884057971016 0.14207650273224043
3 0.3134057971014493 0.6311475409836066 0.09782608695652174 0.21311475409836064
3 0.030797101449275364 0.4344262295081967 0.04710144927536232 0.14754098360655737
3 0.09420289855072464 0.5710382513661202 0.043478260869565216 0.15846994535519127
3 0.6322463768115942 0.6229508196721312 0.11231884057971014 0.17486338797814208
3 0.9637681159420289 0.5027322404371585 0.050724637681159424 0.1092896174863388
3 0.572463768115942 0.4207650273224044 0.18115942028985507 0.32786885245901637
3 0.2463768115942029 0.412568306010929 0.12318840579710146 0.2677595628415301
3 0.7246376811594203 0.4344262295081967 0.12318840579710146 0.2568306010928962
3 0.8967391304347826 0.4262295081967213 0.06159420289855073 0.20765027322404372
3 0.7409420289855072 0.6174863387978142 0.11956521739130435 0.17486338797814208
3 0.5253623188405797 0.6229508196721312 0.10869565217391304 0.18579234972677597
3 0.05434782608695652 0.5546448087431693 0.06521739130434782 0.1366120218579235
3 0.13405797101449277 0.6038251366120219 0.09420289855072464 0.1912568306010929
3 0.9184782608695652 0.5601092896174863 0.07608695652173914 0.11475409836065574
