3 0.5981818181818181 0.7158469945355191 0.14909090909090908 0.36065573770491804
3 0.6290909090909091 0.30327868852459017 0.2690909090909091 0.48633879781420764
3 0.8927272727272727 0.7076502732240437 0.1781818181818182 0.4644808743169399
3 0.37636363636363634 0.3087431693989071 0.2727272727272727 0.5081967213114754
3 0.14363636363636365 0.6857923497267759 0.1781818181818182 0.43169398907103823
3 0.30363636363636365 0.674863387978142 0.15636363636363637 0.4098360655737705
3 0.8218181818181818 0.3005464480874317 0.16727272727272727 0.4262295081967213
3 0.7509090909090909 0.6639344262295082 0.16363636363636364 0.4098360655737705
3 0.9454545454545454 0.31693989071038253 0.10181818181818182 0.41530054644808745
3 0.1690909090909091 0.2923497267759563 0.1709090909090909 0.43169398907103823
3 0.038181818181818185 0.7131147540983607 0.07636363636363637 0.3989071038251366
3 0.04909090909090909 0.3114754098360656 0.09818181818181818 0.45901639344262296
3 0.4509090909090909 0.7158469945355191 0.15272727272727274 0.34972677595628415
