3 0.2060931899641577 0.36464088397790057 0.13261648745519714 0.20994475138121546
0 0.7186379928315412 0.40331491712707185 0.017921146953405017 0.022099447513812154
3 0.31362007168458783 0.16298342541436464 0.08960573476702509 0.14917127071823205
3 0.23476702508960573 0.23756906077348067 0.08960573476702509 0.19889502762430938
3 0.8476702508960573 0.7403314917127072 0.13261648745519714 0.16574585635359115
3 0.7473118279569892 0.3287292817679558 0.11827956989247312 0.2154696132596685
3 0.6290322580645161 0.1464088397790055 0.0967741935483871 0.1270718232044199
3 0.16666666666666666 0.49171270718232046 0.13261648745519714 0.17679558011049723
3 0.525089605734767 0.11878453038674033 0.11827956989247312 0.1270718232044199
3 0.11469534050179211 0.7486187845303868 0.12903225806451613 0.24861878453038674
3 0.4068100358422939 0.11602209944751381 0.1111111111111111 0.13259668508287292
3 0.7813620071684588 0.4530386740331492 0.12186379928315412 0.1878453038674033
0 0.6792114695340502 0.2430939226519337 0.017921146953405017 0.022099447513812154
3 0.7043010752688172 0.22099447513812154 0.0967741935483871 0.19889502762430938
3 0.8154121863799283 0.5994475138121547 0.14695340501792115 0.2265193370165746
3 0.14157706093189965 0.6160220994475138 0.16845878136200718 0.30386740331491713
