3 0.6618181818181819 0.22131147540983606 0.11636363636363636 0.14754098360655737
3 0.76 0.38524590163934425 0.16 0.18032786885245902
3 0.5836363636363636 0.09289617486338798 0.13454545454545455 0.15300546448087432
0 0.3618181818181818 0.2568306010928962 0.01818181818181818 0.03278688524590164
3 0.1709090909090909 0.5218579234972678 0.13818181818181818 0.18032786885245902
3 0.2581818181818182 0.226775956284153 0.12363636363636364 0.15846994535519127
3 0.10363636363636364 0.8524590163934426 0.19272727272727272 0.20765027322404372
3 0.24181818181818182 0.4016393442622951 0.14181818181818182 0.1912568306010929
3 0.8072727272727273 0.5218579234972678 0.14545454545454545 0.16939890710382513
3 0.8381818181818181 0.6857923497267759 0.1781818181818182 0.23497267759562843
3 0.7618181818181818 0.20765027322404372 0.11272727272727273 0.18579234972677597
3 0.13454545454545455 0.6939890710382514 0.18181818181818182 0.25136612021857924
3 0.37636363636363634 0.21311475409836064 0.12 0.16393442622950818
3 0.850909090909091 0.8524590163934426 0.18181818181818182 0.2185792349726776
3 0.4490909090909091 0.09016393442622951 0.14909090909090908 0.16939890710382513
