3 0.11090909090909092 0.4972677595628415 0.06909090909090909 0.13114754098360656
3 0.7054545454545454 0.587431693989071 0.10181818181818182 0.23497267759562843
3 0.9618181818181818 0.33060109289617484 0.04727272727272727 0.1366120218579235
3 0.41818181818181815 0.4371584699453552 0.16 0.26229508196721313
3 0.12363636363636364 0.36885245901639346 0.08 0.21311475409836064
3 0.8945454545454545 0.366120218579235 0.08727272727272728 0.20765027322404372
3 0.7090909090909091 0.4262295081967213 0.08 0.18579234972677597
3 0.8109090909090909 0.5437158469945356 0.10909090909090909 0.18032786885245902
3 0.02727272727272727 0.27595628415300544 0.04727272727272727 0.16939890710382513
3 0.1690909090909091 0.5327868852459017 0.09090909090909091 0.15846994535519127
3 0.9636363636363636 0.4207650273224044 0.06545454545454546 0.15300546448087432
3 0.3690909090909091 0.6092896174863388 0.12 0.2459016393442623
3 0.4818181818181818 0.6065573770491803 0.10545454545454545 0.13114754098360656
3 0.3090909090909091 0.42349726775956287 0.07272727272727272 0.1366120218579235
3 0.05454545454545454 0.4453551912568306 0.06545454545454546 0.15846994535519127
3 0.8036363636363636 0.39344262295081966 0.10909090909090909 0.24043715846994534
3 0.06909090909090909 0.34153005464480873 0.03636363636363636 0.16939890710382513
3 0.21636363636363637 0.3879781420765027 0.12 0.25136612021857924
3 0.5927272727272728 0.6338797814207651 0.11636363636363636 0.15300546448087432
3 0.5909090909090909 0.4344262295081967 0.15636363636363637 0.2568306010928962
3 0.8909090909090909 0.5027322404371585 0.08 0.12021857923497267
3 0.2636363636363636 0.6092896174863388 0.12 0.23497267759562843
