3 0.34143094841930116 0.6369554331497246 0.06522462562396007 0.22033049574361543
3 0.6382695507487521 0.38457686529794693 0.08252911813643926 0.2243365047571357
3 0.33710482529118135 0.3890836254381572 0.09118136439267886 0.21031547320981472
3 0.5452579034941764 0.38057085628442666 0.12079866888519135 0.22834251377065598
3 0.4301164725457571 0.3883324987481222 0.11547420965058236 0.21181772658988482
3 0.6490848585690516 0.6261892839258888 0.06888519134775374 0.23785678517776665
3 0.6983361064891846 0.4041061592388583 0.06356073211314475 0.24336504757135705
3 0.5966722129783694 0.6169253880821232 0.08585690515806989 0.214321482223335
3 0.4622296173044925 0.6099148723084626 0.06589018302828618 0.18027040560841262
3 0.7008319467554076 0.6194291437155733 0.06123128119800333 0.20630946419629445
3 0.39767054908485855 0.6181772658988482 0.07720465890183029 0.18678017025538307
3 0.5304492512479201 0.6101652478718077 0.07121464226289517 0.18077115673510266
