3 0.07425742574257425 0.3493975903614458 0.0891089108910891 0.30120481927710846
3 0.9471947194719472 0.286144578313253 0.0594059405940594 0.3072289156626506
3 0.5891089108910891 0.3674698795180723 0.16831683168316833 0.42168674698795183
3 0.44884488448844884 0.7048192771084337 0.11221122112211221 0.3373493975903614
3 0.66996699669967 0.6536144578313253 0.10561056105610561 0.3313253012048193
3 0.33663366336633666 0.6957831325301205 0.1188118811881188 0.29518072289156627
3 0.7475247524752475 0.35542168674698793 0.1485148514851485 0.40963855421686746
3 0.9356435643564357 0.5 0.07590759075907591 0.13253012048192772
3 0.16336633663366337 0.35240963855421686 0.10231023102310231 0.3795180722891566
3 0.7887788778877888 0.6295180722891566 0.1254125412541254 0.3072289156626506
3 0.22772277227722773 0.6596385542168675 0.11221122112211221 0.29518072289156627
3 0.8696369636963697 0.3102409638554217 0.11551155115511551 0.41566265060240964
3 0.06930693069306931 0.5572289156626506 0.07920792079207921 0.19879518072289157
3 0.8778877887788779 0.6234939759036144 0.09900990099009901 0.2469879518072289
3 0.4273927392739274 0.39156626506024095 0.1617161716171617 0.39759036144578314
3 0.5610561056105611 0.7018072289156626 0.11221122112211221 0.3192771084337349
3 0.1353135313531353 0.5873493975903614 0.0858085808580858 0.3313253012048193
3 0.28052805280528054 0.37650602409638556 0.13861386138613863 0.3795180722891566
