3 0.38405797101449274 0.5710382513661202 0.10144927536231885 0.22404371584699453
3 0.21739130434782608 0.34153005464480873 0.10144927536231885 0.2786885245901639
3 0.5489130434782609 0.3469945355191257 0.14855072463768115 0.2786885245901639
3 0.7192028985507246 0.5655737704918032 0.07608695652173914 0.2459016393442623
3 0.9456521739130435 0.2786885245901639 0.057971014492753624 0.19672131147540983
3 0.7771739130434783 0.32786885245901637 0.09057971014492754 0.28415300546448086
3 0.552536231884058 0.5737704918032787 0.08333333333333333 0.18579234972677597
3 0.8442028985507246 0.33060109289617484 0.057971014492753624 0.22404371584699453
3 0.7952898550724637 0.5218579234972678 0.08333333333333333 0.20218579234972678
3 0.17028985507246377 0.5327868852459017 0.057971014492753624 0.16939890710382513
3 0.9039855072463768 0.27595628415300544 0.07608695652173914 0.16939890710382513
3 0.23007246376811594 0.5573770491803278 0.07608695652173914 0.18579234972677597
3 0.8568840579710145 0.505464480874317 0.05434782608695652 0.1366120218579235
3 0.6358695652173914 0.5519125683060109 0.10507246376811594 0.25136612021857924
3 0.46195652173913043 0.5737704918032787 0.08333333333333333 0.18579234972677597
3 0.28804347826086957 0.30601092896174864 0.09782608695652174 0.28415300546448086
3 0.15579710144927536 0.33879781420765026 0.06521739130434782 0.22950819672131148
3 0.29891304347826086 0.5737704918032787 0.09057971014492754 0.26229508196721313
3 0.11956521739130435 0.4808743169398907 0.07971014492753623 0.18579234972677597
3 0.09420289855072464 0.30327868852459017 0.07246376811594203 0.18032786885245902
3 0.6811594202898551 0.3114754098360656 0.12318840579710146 0.31693989071038253
3 0.40398550724637683 0.33879781420765026 0.14855072463768115 0.28415300546448086
3 0.9166666666666666 0.46994535519125685 0.09420289855072464 0.19672131147540983
