3 0.6638071895424836 0.5761070110701108 0.06862745098039216 0.10424354243542436
3 0.49611928104575165 0.4663284132841328 0.16053921568627452 0.15682656826568267
1 0.5837418300653595 0.46563653136531363 0.03431372549019608 0.08440959409594095
3 0.3167892156862745 0.5874077490774908 0.08946078431372549 0.12961254612546125
0 0.6464460784313726 0.4250461254612546 0.0559640522875817 0.06411439114391145
3 0.5892565359477124 0.5915590405904059 0.08619281045751634 0.10193726937269372
3 0.25674019607843135 0.4702490774907749 0.0951797385620915 0.136070110701107
3 0.4076797385620915 0.5855627306273062 0.09477124183006536 0.11116236162361623
3 0.2369281045751634 0.5904059040590406 0.08088235294117647 0.12177121771217712
3 0.5010212418300654 0.588330258302583 0.09354575163398693 0.10009225092250923
1 0.7988153594771242 0.44349630996309963 0.07148692810457516 0.09271217712177121
3 0.35641339869281047 0.48247232472324725 0.11887254901960784 0.13560885608856088
3 0.6196895424836601 0.46748154981549817 0.11356209150326797 0.16743542435424355
0 0.7896241830065359 0.45595018450184505 0.04330065359477124 0.04197416974169742
3 0.7994281045751634 0.463330258302583 0.0727124183006536 0.1305350553505535
3 0.7140522875816994 0.48362546125461253 0.10457516339869281 0.11392988929889299
3 0.7240604575163399 0.5867158671586716 0.06331699346405228 0.10793357933579335
3 0.7630718954248366 0.5770295202952029 0.04084967320261438 0.10239852398523985
