3 0.5511363636363636 0.4075 0.08712121212121213 0.155
3 0.5833333333333334 0.53 0.06060606060606061 0.11
3 0.22916666666666666 0.5075 0.041666666666666664 0.085
3 0.6420454545454546 0.53 0.056818181818181816 0.14
3 0.615530303030303 0.4175 0.056818181818181816 0.125
3 0.7424242424242424 0.425 0.030303030303030304 0.1
3 0.4128787878787879 0.535 0.06060606060606061 0.14
3 0.26704545454545453 0.5225 0.03409090909090909 0.085
3 0.2803030303030303 0.43 0.03787878787878788 0.1
3 0.39204545454545453 0.415 0.056818181818181816 0.12
3 0.24242424242424243 0.4425 0.03787878787878788 0.095
3 0.30492424242424243 0.5325 0.04924242424242424 0.105
3 0.7215909090909091 0.52 0.03409090909090909 0.08
3 0.35795454545454547 0.5325 0.06439393939393939 0.125
3 0.7159090909090909 0.4275 0.03787878787878788 0.105
3 0.4696969696969697 0.5275 0.05303030303030303 0.095
3 0.4659090909090909 0.4125 0.09090909090909091 0.145
3 0.5265151515151515 0.515 0.06060606060606061 0.11
3 0.6723484848484849 0.405 0.056818181818181816 0.15
3 0.6893939393939394 0.525 0.045454545454545456 0.1
3 0.32954545454545453 0.41 0.06818181818181818 0.14
