3 0.4242021276595745 0.6354166666666666 0.1196808510638298 0.2361111111111111
3 0.8896276595744681 0.3680555555555556 0.1196808510638298 0.2986111111111111
3 0.09840425531914894 0.6076388888888888 0.09574468085106383 0.1875
3 0.7659574468085106 0.3506944444444444 0.1276595744680851 0.2708333333333333
3 0.11835106382978723 0.4131944444444444 0.11436170212765957 0.2847222222222222
3 0.5611702127659575 0.6354166666666666 0.11170212765957446 0.2569444444444444
3 0.1848404255319149 0.5850694444444444 0.10372340425531915 0.2048611111111111
3 0.6156914893617021 0.359375 0.18882978723404256 0.3576388888888889
3 0.9215425531914894 0.5989583333333334 0.10372340425531915 0.21875
3 0.6968085106382979 0.6180555555555556 0.1276595744680851 0.2916666666666667
3 0.8204787234042553 0.6111111111111112 0.125 0.2916666666666667
3 0.3976063829787234 0.3975694444444444 0.17819148936170212 0.28125
3 0.23138297872340424 0.3854166666666667 0.13829787234042554 0.2569444444444444
3 0.29521276595744683 0.6006944444444444 0.12234042553191489 0.22916666666666666
