3 0.554 0.12058823529411765 0.14 0.18235294117647058
3 0.16 0.6617647058823529 0.128 0.18235294117647058
3 0.414 0.1411764705882353 0.14 0.18823529411764706
3 0.88 0.7941176470588235 0.152 0.25882352941176473
3 0.804 0.9647058823529412 0.064 0.058823529411764705
3 0.674 0.17058823529411765 0.124 0.16470588235294117
3 0.814 0.4176470588235294 0.156 0.17647058823529413
3 0.208 0.3323529411764706 0.096 0.17058823529411765
3 0.742 0.29411764705882354 0.084 0.15294117647058825
3 0.84 0.5970588235294118 0.144 0.19411764705882353
3 0.19 0.5117647058823529 0.132 0.16470588235294117
3 0.302 0.21176470588235294 0.124 0.18823529411764706
3 0.136 0.8411764705882353 0.152 0.18823529411764706
