3 0.6793650793650794 0.609375 0.06984126984126984 0.08125
3 0.30634920634920637 0.384375 0.06666666666666667 0.16875
3 0.2571428571428571 0.434375 0.050793650793650794 0.18125
3 0.38095238095238093 0.615625 0.06984126984126984 0.09375
3 0.5142857142857142 0.38125 0.11428571428571428 0.2
3 0.7222222222222222 0.434375 0.08571428571428572 0.15625
3 0.44761904761904764 0.615625 0.06984126984126984 0.08125
3 0.3904761904761905 0.378125 0.11428571428571428 0.20625
3 0.5190476190476191 0.609375 0.07301587301587302 0.08125
3 0.6206349206349207 0.3875 0.09206349206349207 0.1625
3 0.32063492063492066 0.621875 0.050793650793650794 0.09375
3 0.5936507936507937 0.6125 0.08253968253968254 0.0875
