3 0.8969102215312864 0.6647254575707154 0.11057131752817723 0.23128119800332778
3 0.7426156237854644 0.4619384359400998 0.11756704236300039 0.3331946755407654
3 0.581033812670035 0.7160981697171381 0.0967741935483871 0.228369384359401
3 0.5100077730275943 0.47587354409317806 0.1369996113486203 0.3594009983361065
3 0.7927516517683638 0.6824043261231281 0.10823940924990284 0.2574875207986689
3 0.6813058686358336 0.7084026622296173 0.11698406529343179 0.21713810316139767
3 0.9437427127866304 0.4457154742096506 0.09424795958025652 0.26497504159733776
3 0.6309755149630781 0.4540349417637271 0.10687912942090945 0.32986688851913476
3 0.8492032646715896 0.4415557404326123 0.10454722114263505 0.3182196339434276
3 0.49339292654488925 0.7333610648918469 0.0788962300816168 0.17554076539101499
3 0.3659152739992227 0.7088186356073212 0.05207928488146133 0.17221297836938437
3 0.38835989117761366 0.4839850249584027 0.11290322580645161 0.32154742096505823
3 0.4208122813835989 0.7198419301164726 0.06587640886125146 0.17928452579034942
