3 0.6678571428571428 0.3333333333333333 0.12142857142857143 0.25555555555555554
3 0.9089285714285714 0.325 0.039285714285714285 0.2388888888888889
3 0.9446428571428571 0.32222222222222224 0.039285714285714285 0.23333333333333334
3 0.04642857142857143 0.375 0.04285714285714286 0.22777777777777777
3 0.11428571428571428 0.6166666666666667 0.05714285714285714 0.23333333333333334
3 0.46785714285714286 0.5805555555555556 0.07142857142857142 0.22777777777777777
3 0.7035714285714286 0.5472222222222223 0.1 0.2388888888888889
3 0.0625 0.5555555555555556 0.05357142857142857 0.13333333333333333
3 0.08214285714285714 0.38333333333333336 0.03571428571428571 0.23333333333333334
3 0.3107142857142857 0.5972222222222222 0.1 0.21666666666666667
3 0.23035714285714284 0.6027777777777777 0.08214285714285714 0.22777777777777777
3 0.16607142857142856 0.6055555555555555 0.05357142857142857 0.23333333333333334
3 0.16428571428571428 0.3638888888888889 0.05714285714285714 0.2722222222222222
3 0.8321428571428572 0.5555555555555556 0.05714285714285714 0.15555555555555556
3 0.11785714285714285 0.38333333333333336 0.04285714285714286 0.23333333333333334
3 0.8339285714285715 0.38055555555555554 0.06785714285714285 0.21666666666666667
3 0.3142857142857143 0.3638888888888889 0.12142857142857143 0.29444444444444445
3 0.7678571428571429 0.35 0.09285714285714286 0.2777777777777778
3 0.9107142857142857 0.5333333333333333 0.08571428571428572 0.16666666666666666
3 0.7803571428571429 0.5527777777777778 0.075 0.19444444444444445
3 0.5714285714285714 0.3472222222222222 0.12142857142857143 0.29444444444444445
3 0.6107142857142858 0.5666666666666667 0.09285714285714286 0.2222222222222222
3 0.39285714285714285 0.5944444444444444 0.1 0.2222222222222222
3 0.8910714285714286 0.5861111111111111 0.06785714285714285 0.19444444444444445
3 0.44107142857142856 0.35 0.14642857142857144 0.28888888888888886
3 0.8857142857142857 0.34444444444444444 0.05714285714285714 0.23333333333333334
3 0.22321428571428573 0.35 0.09642857142857143 0.3
3 0.5357142857142857 0.5805555555555556 0.07142857142857142 0.22777777777777777
