3 0.5778985507246377 0.46174863387978143 0.12681159420289856 0.22404371584699453
3 0.125 0.41530054644808745 0.05434782608695652 0.19672131147540983
3 0.49094202898550726 0.6256830601092896 0.07608695652173914 0.12568306010928962
3 0.27717391304347827 0.6284153005464481 0.04710144927536232 0.14207650273224043
3 0.8532608695652174 0.5546448087431693 0.06159420289855073 0.16939890710382513
3 0.8007246376811594 0.412568306010929 0.043478260869565216 0.14754098360655737
3 0.677536231884058 0.3825136612021858 0.10869565217391304 0.20765027322404372
3 0.1721014492753623 0.4562841530054645 0.04710144927536232 0.15846994535519127
3 0.8315217391304348 0.3770491803278688 0.06159420289855073 0.2185792349726776
3 0.7192028985507246 0.5765027322404371 0.07608695652173914 0.18032786885245902
3 0.6539855072463768 0.5819672131147541 0.09057971014492754 0.18032786885245902
3 0.23731884057971014 0.6202185792349727 0.03985507246376811 0.1366120218579235
3 0.7952898550724637 0.5819672131147541 0.08333333333333333 0.21311475409836064
3 0.927536231884058 0.36065573770491804 0.09420289855072464 0.18579234972677597
3 0.7608695652173914 0.3989071038251366 0.07246376811594203 0.20765027322404372
3 0.2554347826086957 0.46174863387978143 0.07608695652173914 0.22404371584699453
3 0.20471014492753623 0.45901639344262296 0.06884057971014493 0.18579234972677597
3 0.19384057971014493 0.6338797814207651 0.06159420289855073 0.2185792349726776
3 0.5706521739130435 0.6256830601092896 0.07608695652173914 0.11475409836065574
3 0.447463768115942 0.48633879781420764 0.13405797101449277 0.19672131147540983
3 0.907608695652174 0.5245901639344263 0.09057971014492754 0.16393442622950818
3 0.338768115942029 0.644808743169399 0.06884057971014493 0.12021857923497267
3 0.8786231884057971 0.366120218579235 0.04710144927536232 0.18579234972677597
3 0.411231884057971 0.6202185792349727 0.07608695652173914 0.1366120218579235
3 0.33152173913043476 0.46994535519125685 0.11231884057971014 0.22950819672131148
3 0.9547101449275363 0.46994535519125685 0.06159420289855073 0.14207650273224043
