3 0.07654075546719682 0.6775 0.04970178926441352 0.245
3 0.6163021868787276 0.765 0.13518886679920478 0.17
3 0.2654075546719682 0.7125 0.09343936381709742 0.325
3 0.911530815109344 0.3525 0.1411530815109344 0.235
3 0.8797216699801192 0.54 0.2047713717693837 0.22
3 0.6719681908548708 0.38 0.1073558648111332 0.18
3 0.29025844930417494 0.3825 0.1550695825049702 0.335
3 0.1848906560636183 0.72 0.07952286282306163 0.35
3 0.08250497017892644 0.4325 0.03777335984095427 0.265
3 0.4960238568588469 0.69 0.10934393638170974 0.3
3 0.43538767395626243 0.425 0.1312127236580517 0.31
3 0.3648111332007952 0.705 0.10934393638170974 0.38
3 0.15805168986083498 0.3675 0.12127236580516898 0.365
3 0.558648111332008 0.4425 0.11928429423459244 0.255
3 0.7504970178926441 0.685 0.18091451292246521 0.19
3 0.12326043737574553 0.7 0.05964214711729622 0.31
3 0.7773359840954275 0.42 0.14314115308151093 0.19
