3 0.5666666666666667 0.4025 0.13333333333333333 0.245
3 0.815 0.4225 0.06333333333333334 0.195
3 0.925 0.545 0.07666666666666666 0.13
3 0.8666666666666667 0.5675 0.07333333333333333 0.105
3 0.25666666666666665 0.555 0.08 0.17
3 0.46 0.585 0.08 0.17
3 0.9516666666666667 0.415 0.07666666666666666 0.16
3 0.21833333333333332 0.43 0.043333333333333335 0.2
3 0.12666666666666668 0.42 0.06 0.14
3 0.2683333333333333 0.405 0.06333333333333334 0.22
3 0.8516666666666667 0.435 0.03666666666666667 0.14
3 0.7483333333333333 0.4075 0.07666666666666666 0.225
3 0.7083333333333334 0.575 0.08333333333333333 0.19
3 0.14 0.5425 0.06666666666666667 0.105
3 0.6266666666666667 0.5875 0.08 0.225
3 0.385 0.5775 0.07666666666666666 0.215
3 0.21166666666666667 0.58 0.03666666666666667 0.11
3 0.67 0.3925 0.08 0.205
3 0.33666666666666667 0.405 0.08 0.18
3 0.18166666666666667 0.5525 0.05 0.085
3 0.775 0.5525 0.07666666666666666 0.185
3 0.825 0.5725 0.043333333333333335 0.115
3 0.43333333333333335 0.405 0.13333333333333333 0.24
3 0.32 0.58 0.08 0.2
3 0.885 0.4475 0.056666666666666664 0.155
3 0.5416666666666666 0.585 0.09 0.18
3 0.17 0.44 0.06666666666666667 0.15
