3 0.193 0.7372372372372372 0.174 0.2672672672672673
3 0.14 0.9144144144144144 0.168 0.13513513513513514
3 0.28 0.4024024024024024 0.132 0.18618618618618618
3 0.893 0.9159159159159159 0.146 0.10810810810810811
3 0.575 0.22522522522522523 0.114 0.13213213213213212
3 0.322 0.2702702702702703 0.096 0.15015015015015015
0 0.182 0.7777777777777778 0.044 0.09009009009009009
3 0.857 0.7357357357357357 0.17 0.2702702702702703
0 0.809 0.7762762762762763 0.026 0.02702702702702703
3 0.714 0.3078078078078078 0.092 0.1831831831831832
0 0.211 0.7042042042042042 0.01 0.021021021021021023
0 0.922 0.6741741741741741 0.012 0.02702702702702703
0 0.794 0.3258258258258258 0.032 0.04504504504504504
3 0.825 0.5420420420420421 0.138 0.1831831831831832
3 0.502 0.24024024024024024 0.092 0.13213213213213212
0 0.244 0.5570570570570571 0.024 0.057057057057057055
0 0.221 0.7357357357357357 0.018 0.024024024024024024
0 0.798 0.56006006006006 0.02 0.04504504504504504
0 0.861 0.7282282282282282 0.01 0.009009009009009009
0 0.842 0.6981981981981982 0.012 0.02702702702702703
0 0.822 0.5105105105105106 0.016 0.012012012012012012
3 0.229 0.5435435435435435 0.134 0.18018018018018017
3 0.41 0.25375375375375375 0.1 0.12912912912912913
0 0.865 0.8048048048048048 0.01 0.05405405405405406
0 0.888 0.7852852852852853 0.024 0.015015015015015015
0 0.805 0.515015015015015 0.006 0.015015015015015015
3 0.79 0.3663663663663664 0.124 0.18018018018018017
3 0.631 0.27177177177177175 0.09 0.15915915915915915
0 0.876 0.7357357357357357 0.02 0.018018018018018018
