3 0.5368769806972055 0.4160884648742411 0.10919043503313167 0.22940156114483956
3 0.5746182656295016 0.5832610581092801 0.06770383174877558 0.15091066782307025
3 0.3895131086142322 0.5888985255854293 0.06799193316047249 0.1474414570685169
3 0.7045520023048113 0.6003902862098872 0.06367041198501873 0.16695576756287944
3 0.33952751368481704 0.42758022549869906 0.08038029386343994 0.194275802254987
3 0.5118121578795736 0.5891153512575888 0.06309420916162489 0.1435385949696444
3 0.778594065110919 0.5917172593235039 0.049841544223566694 0.1305290546400694
3 0.263180639585134 0.43148308759757154 0.07577067127628925 0.18647007805724197
3 0.2104580812445981 0.44991326973113616 0.05099394987035436 0.16695576756287944
3 0.33117257274560646 0.5793581960104076 0.07749927974647076 0.1569817866435386
3 0.6404494382022472 0.5726366001734605 0.07260155574762317 0.13486556808326106
3 0.4491501008354941 0.5995229835212489 0.06453471622010948 0.14180398959236773
3 0.2654854508787093 0.5945359930615784 0.056179775280898875 0.17085862966175194
3 0.747479112647652 0.6160017346053773 0.05790838375108038 0.16782307025151777
3 0.738692019590896 0.4358196010407632 0.05473926822241429 0.20034692107545535
3 0.6220109478536445 0.4137033824804857 0.08412561221549986 0.20815264527320035
3 0.7734082397003745 0.4360364267129228 0.03774128493229617 0.19904596704249783
3 0.6910112359550562 0.42215958369470946 0.07692307692307693 0.20945359930615784
3 0.22154998559492942 0.5826105810928014 0.04379141457793143 0.1383347788378144
3 0.43013540766349756 0.42346053772766695 0.11063094209161625 0.22159583694709453
