3 0.37732342007434944 0.4627659574468085 0.040892193308550186 0.09574468085106383
3 0.42193308550185876 0.47606382978723405 0.048327137546468404 0.10106382978723404
3 0.37732342007434944 0.3723404255319149 0.040892193308550186 0.0851063829787234
3 0.34572490706319703 0.4441489361702128 0.04460966542750929 0.10106382978723404
3 0.6282527881040892 0.4627659574468085 0.03717472118959108 0.06382978723404255
3 0.6189591078066915 0.39095744680851063 0.040892193308550186 0.0797872340425532
3 0.5557620817843866 0.48404255319148937 0.040892193308550186 0.06382978723404255
3 0.4163568773234201 0.3803191489361702 0.04460966542750929 0.0797872340425532
3 0.5929368029739777 0.4734042553191489 0.040892193308550186 0.07446808510638298
3 0.4684014869888476 0.47606382978723405 0.05204460966542751 0.10106382978723404
3 0.6486988847583643 0.39095744680851063 0.026022304832713755 0.047872340425531915
3 0.34572490706319703 0.3696808510638298 0.02973977695167286 0.05851063829787234
3 0.6505576208178439 0.44680851063829785 0.02973977695167286 0.05319148936170213
3 0.5130111524163569 0.47074468085106386 0.04460966542750929 0.10106382978723404
3 0.5799256505576208 0.3882978723404255 0.04460966542750929 0.0851063829787234
