3 0.06622516556291391 0.3675 0.13245033112582782 0.395
3 0.6291390728476821 0.6675 0.1456953642384106 0.305
3 0.8990066225165563 0.3225 0.18211920529801323 0.395
3 0.48344370860927155 0.675 0.152317880794702 0.32
3 0.20033112582781457 0.735 0.1423841059602649 0.34
3 0.9105960264900662 0.6625 0.15894039735099338 0.395
1 0.40894039735099336 0.375 0.08278145695364239 0.18
3 0.7682119205298014 0.6325 0.1456953642384106 0.315
3 0.34602649006622516 0.69 0.15562913907284767 0.35
3 0.42218543046357615 0.3375 0.19536423841059603 0.285
3 0.2152317880794702 0.3775 0.17880794701986755 0.425
3 0.07947019867549669 0.6825 0.10596026490066225 0.255
3 0.6970198675496688 0.36 0.26158940397350994 0.41
