3 0.927797833935018 0.75 0.1371841155234657 0.4340659340659341
3 0.7833935018050542 0.717032967032967 0.18050541516245489 0.41208791208791207
3 0.6028880866425993 0.7664835164835165 0.20216606498194944 0.44505494505494503
3 0.9007220216606499 0.29945054945054944 0.19133574007220217 0.45604395604395603
3 0.40974729241877256 0.760989010989011 0.19133574007220217 0.45604395604395603
3 0.13357400722021662 0.32142857142857145 0.18050541516245489 0.44505494505494503
3 0.0812274368231047 0.7527472527472527 0.1552346570397112 0.45054945054945056
3 0.23104693140794225 0.728021978021978 0.17328519855595667 0.4010989010989011
3 0.6606498194945848 0.2692307692307692 0.30324909747292417 0.5384615384615384
3 0.36101083032490977 0.27472527472527475 0.296028880866426 0.5494505494505495
