3 0.34363636363636363 0.6857923497267759 0.12 0.2568306010928962
3 0.22363636363636363 0.7076502732240437 0.12727272727272726 0.2786885245901639
3 0.9363636363636364 0.639344262295082 0.12 0.25136612021857924
3 0.8781818181818182 0.42896174863387976 0.12727272727272726 0.3224043715846995
3 0.26 0.4808743169398907 0.11272727272727273 0.29508196721311475
3 0.1 0.6912568306010929 0.12 0.2896174863387978
3 0.7 0.6557377049180327 0.11272727272727273 0.25136612021857924
3 0.41454545454545455 0.46994535519125685 0.1890909090909091 0.36065573770491804
3 0.14 0.4781420765027322 0.15636363636363637 0.3224043715846995
3 0.82 0.6475409836065574 0.12727272727272726 0.2786885245901639
3 0.6036363636363636 0.4672131147540984 0.19636363636363635 0.366120218579235
3 0.76 0.43989071038251365 0.11636363636363636 0.3114754098360656
3 0.5836363636363636 0.7131147540983607 0.11272727272727273 0.15846994535519127
3 0.46545454545454545 0.7076502732240437 0.11636363636363636 0.1912568306010929
