3 0.38673139158576053 0.58 0.04854368932038835 0.14
3 0.5485436893203883 0.445 0.09385113268608414 0.15
3 0.5355987055016181 0.665 0.0744336569579288 0.12
3 0.43042071197411 0.6275 0.05825242718446602 0.105
3 0.7281553398058253 0.4575 0.07766990291262135 0.125
3 0.3705501618122977 0.42 0.06796116504854369 0.15
3 0.7896440129449838 0.45 0.07119741100323625 0.1
3 0.46763754045307443 0.6575 0.06796116504854369 0.115
3 0.3187702265372168 0.385 0.03559870550161812 0.14
3 0.6456310679611651 0.4475 0.10679611650485436 0.165
3 0.44983818770226536 0.445 0.10355987055016182 0.15
3 0.6132686084142395 0.66 0.09385113268608414 0.13
