3 0.7454545454545455 0.7076502732240437 0.14545454545454545 0.16939890710382513
3 0.7272727272727273 0.5956284153005464 0.13818181818181818 0.14207650273224043
3 0.22363636363636363 0.5573770491803278 0.13454545454545455 0.17486338797814208
3 0.6854545454545454 0.819672131147541 0.06909090909090909 0.1092896174863388
3 0.4072727272727273 0.23497267759562843 0.10909090909090909 0.14207650273224043
3 0.39454545454545453 0.8715846994535519 0.12 0.1366120218579235
3 0.7363636363636363 0.8360655737704918 0.04727272727272727 0.09836065573770492
3 0.769090909090909 0.8633879781420765 0.04 0.07650273224043716
3 0.5545454545454546 0.22950819672131148 0.07636363636363637 0.16393442622950818
3 0.2109090909090909 0.6857923497267759 0.16 0.1912568306010929
3 0.25636363636363635 0.4371584699453552 0.12 0.16393442622950818
3 0.27454545454545454 0.3469945355191257 0.08363636363636363 0.1366120218579235
3 0.6836363636363636 0.3770491803278688 0.08 0.13114754098360656
3 0.5363636363636364 0.8825136612021858 0.09090909090909091 0.15846994535519127
3 0.21636363636363637 0.8360655737704918 0.15636363636363637 0.15300546448087432
3 0.7036363636363636 0.47540983606557374 0.12 0.14207650273224043
