3 0.74027827327863 0.51993577736152 0.1016767748840528 0.18999197217018998
3 0.19773457010346057 0.35763981803585765 0.12361755262219051 0.2352154134332352
3 0.6399393506956832 0.5086968156275087 0.1100606493043168 0.1659084827401659
3 0.13387442026400284 0.5457586299170457 0.048341063146628616 0.15012041744715013
3 0.8249197288619337 0.5355900454910356 0.08473064573671067 0.19775220765319776
3 0.051908669282911164 0.41436981535991435 0.051373528362468786 0.1345999464811346
3 0.7212807706029254 0.3577736151993578 0.11505529789511237 0.20765319775220764
3 0.127095968605066 0.40366604227990366 0.0708169818052087 0.17634466149317635
3 0.9263289332857653 0.4312282579609312 0.059222261862290404 0.15814824725715815
3 0.3526578665715305 0.5008027829810008 0.09311452015697468 0.1453037195611453
3 0.4405101676774884 0.3464008563018464 0.1525151623260792 0.22344126304522344
3 0.1920264002854085 0.5468290072250468 0.09186585800927577 0.17527428418517527
3 0.5911523367820193 0.3421193470698421 0.1505529789511238 0.23360984747123362
3 0.08919015340706386 0.5388011774150389 0.065643952907599 0.11961466416911962
3 0.8811095255083838 0.5539202568905539 0.04084909026043525 0.16965480331816965
3 0.4451480556546557 0.5160556596200161 0.09579022475918658 0.1297832485951298
3 0.0920442383160899 0.42427080545892426 0.054584373885123084 0.14476853090714478
3 0.919015340706386 0.5487021675140487 0.06956831965750981 0.1164035322451164
3 0.2714948269711024 0.5322451164035322 0.10453085979307884 0.19587904736419587
3 0.31038173385658224 0.3605833556328606 0.12272565108811988 0.18811881188118812
3 0.8410631466286121 0.33502809740433503 0.12986086336068497 0.2568905539202569
3 0.8933285765251516 0.4031308536259031 0.07242240456653586 0.17955579341717956
3 0.5398679985729575 0.504950495049505 0.09400642169104531 0.1445009365801445
