3 0.5431654676258992 0.9005524861878453 0.10071942446043165 0.13259668508287292
3 0.16906474820143885 0.39779005524861877 0.16546762589928057 0.2541436464088398
3 0.20323741007194246 0.5911602209944752 0.10431654676258993 0.15469613259668508
3 0.12050359712230216 0.17955801104972377 0.14028776978417265 0.2265193370165746
3 0.7230215827338129 0.5911602209944752 0.1079136690647482 0.17679558011049723
3 0.29676258992805754 0.8287292817679558 0.10431654676258993 0.15469613259668508
3 0.23741007194244604 0.7513812154696132 0.10071942446043165 0.16574585635359115
3 0.7589928057553957 0.1574585635359116 0.12949640287769784 0.20441988950276244
3 0.4118705035971223 0.9392265193370166 0.07553956834532374 0.11049723756906077
3 0.6223021582733813 0.8591160220994475 0.09352517985611511 0.13812154696132597
3 0.7482014388489209 0.38950276243093923 0.1510791366906475 0.2596685082872928
3 0.6510791366906474 0.7182320441988951 0.10071942446043165 0.17679558011049723
3 0.4910071942446043 0.9475138121546961 0.08273381294964029 0.09392265193370165
3 0.33992805755395683 0.9116022099447514 0.0683453237410072 0.15469613259668508
