3 0.5091116173120729 0.4666666666666667 0.08428246013667426 0.26666666666666666
3 0.25854214123006836 0.3416666666666667 0.03416856492027335 0.19444444444444445
3 0.4271070615034169 0.4777777777777778 0.08428246013667426 0.25555555555555554
3 0.6685649202733486 0.30277777777777776 0.03416856492027335 0.19444444444444445
3 0.5763097949886105 0.425 0.05922551252847381 0.2611111111111111
3 0.30296127562642367 0.38055555555555554 0.05922551252847381 0.25
3 0.6275626423690205 0.36666666666666664 0.05239179954441914 0.24444444444444444
3 0.6970387243735763 0.26666666666666666 0.022779043280182234 0.14444444444444443
3 0.357630979498861 0.44166666666666665 0.05922551252847381 0.2388888888888889
3 0.23006833712984054 0.28888888888888886 0.02733485193621868 0.12222222222222222
