3 0.9092664092664092 0.6108247422680413 0.16602316602316602 0.22164948453608246
3 0.6853281853281853 0.14432989690721648 0.10424710424710425 0.13402061855670103
3 0.16023166023166024 0.865979381443299 0.18146718146718147 0.18556701030927836
3 0.20270270270270271 0.42010309278350516 0.15057915057915058 0.17010309278350516
3 0.944015444015444 0.9149484536082474 0.10424710424710425 0.12886597938144329
3 0.5656370656370656 0.10309278350515463 0.14285714285714285 0.15463917525773196
3 0.3166023166023166 0.18556701030927836 0.10810810810810811 0.13402061855670103
3 0.15637065637065636 0.6958762886597938 0.17374517374517376 0.20618556701030927
3 0.8764478764478765 0.4587628865979381 0.14671814671814673 0.16494845360824742
3 0.7722007722007722 0.21391752577319587 0.11583011583011583 0.17010309278350516
3 0.416988416988417 0.12371134020618557 0.13127413127413126 0.16494845360824742
3 0.9227799227799228 0.7835051546391752 0.14671814671814673 0.20618556701030927
3 0.8416988416988417 0.33505154639175255 0.138996138996139 0.17525773195876287
3 0.1640926640926641 0.538659793814433 0.15057915057915058 0.14948453608247422
3 0.24903474903474904 0.2912371134020619 0.11969111969111969 0.17010309278350516
