3 0.5563380281690141 0.41292134831460675 0.1267605633802817 0.17415730337078653
3 0.1267605633802817 0.5337078651685393 0.09859154929577464 0.12359550561797752
3 0.2711267605633803 0.351123595505618 0.09859154929577464 0.19662921348314608
3 0.9313380281690141 0.5926966292134831 0.10915492957746478 0.16292134831460675
3 0.6355633802816901 0.6067415730337079 0.0880281690140845 0.15730337078651685
3 0.8450704225352113 0.6095505617977528 0.11971830985915492 0.15168539325842698
3 0.5299295774647887 0.6151685393258427 0.08098591549295775 0.1404494382022472
3 0.6936619718309859 0.3904494382022472 0.1056338028169014 0.1853932584269663
3 0.09507042253521127 0.3595505617977528 0.07746478873239436 0.15730337078651685
3 0.7376760563380281 0.601123595505618 0.10915492957746478 0.20224719101123595
3 0.25528169014084506 0.5730337078651685 0.08098591549295775 0.19101123595505617
3 0.9190140845070423 0.40730337078651685 0.1056338028169014 0.15168539325842698
3 0.4295774647887324 0.6067415730337079 0.07746478873239436 0.14606741573033707
3 0.8133802816901409 0.3904494382022472 0.1267605633802817 0.2303370786516854
3 0.1813380281690141 0.3595505617977528 0.0880281690140845 0.20224719101123595
3 0.1795774647887324 0.5589887640449438 0.09154929577464789 0.1404494382022472
3 0.3855633802816901 0.3960674157303371 0.13028169014084506 0.16292134831460675
3 0.1056338028169014 0.5140449438202247 0.08450704225352113 0.11797752808988764
3 0.3380281690140845 0.6067415730337079 0.08450704225352113 0.1797752808988764
