3 0.44363636363636366 0.6065573770491803 0.07272727272727272 0.06557377049180328
3 0.44181818181818183 0.4972677595628415 0.10545454545454545 0.18579234972677597
3 0.62 0.5983606557377049 0.04 0.07103825136612021
3 0.38 0.587431693989071 0.07636363636363637 0.10382513661202186
3 0.6909090909090909 0.453551912568306 0.05090909090909091 0.17486338797814208
3 0.32727272727272727 0.5737704918032787 0.04363636363636364 0.08743169398907104
3 0.6309090909090909 0.4781420765027322 0.06909090909090909 0.16939890710382513
3 0.3109090909090909 0.46994535519125685 0.07636363636363637 0.16393442622950818
3 0.5727272727272728 0.6065573770491803 0.07636363636363637 0.07650273224043716
3 0.6672727272727272 0.5710382513661202 0.06181818181818182 0.09289617486338798
3 0.5436363636363636 0.5136612021857924 0.10545454545454545 0.19672131147540983
3 0.74 0.43989071038251365 0.04727272727272727 0.12568306010928962
3 0.7218181818181818 0.5327868852459017 0.05454545454545454 0.09289617486338798
3 0.2545454545454545 0.453551912568306 0.05090909090909091 0.13114754098360656
3 0.5072727272727273 0.6065573770491803 0.05454545454545454 0.07650273224043716
3 0.36727272727272725 0.48633879781420764 0.04363636363636364 0.12021857923497267
