3 0.30988593155893535 0.605 0.057034220532319393 0.12
3 0.714828897338403 0.49 0.030418250950570342 0.1
3 0.49619771863117873 0.61 0.06463878326996197 0.11
3 0.3365019011406844 0.49 0.06463878326996197 0.14
3 0.3688212927756654 0.615 0.06844106463878327 0.12
3 0.2661596958174905 0.5775 0.053231939163498096 0.115
3 0.7224334600760456 0.56 0.045627376425855515 0.07
3 0.41064638783269963 0.485 0.09125475285171103 0.16
3 0.6121673003802282 0.6025 0.053231939163498096 0.125
3 0.6349809885931559 0.4775 0.060836501901140684 0.155
3 0.6939163498098859 0.56 0.04182509505703422 0.09
3 0.20342205323193915 0.5025 0.034220532319391636 0.095
3 0.19771863117870722 0.565 0.045627376425855515 0.06
3 0.27566539923954375 0.4875 0.057034220532319393 0.135
3 0.6806083650190115 0.4875 0.03802281368821293 0.125
3 0.5760456273764258 0.49 0.07224334600760456 0.13
3 0.5551330798479087 0.6075 0.060836501901140684 0.125
3 0.5019011406844106 0.48 0.09125475285171103 0.16
3 0.23193916349809887 0.4925 0.03802281368821293 0.105
3 0.43346007604562736 0.61 0.060836501901140684 0.11
3 0.2262357414448669 0.5675 0.034220532319391636 0.085
3 0.655893536121673 0.5875 0.057034220532319393 0.105
