3 0.6728187919463087 0.4260355029585799 0.1040268456375839 0.23668639053254437
3 0.6375838926174496 0.6124260355029586 0.10067114093959731 0.21893491124260356
3 0.7197986577181208 0.5976331360946746 0.07046979865771812 0.21301775147928995
3 0.8808724832214765 0.39644970414201186 0.050335570469798654 0.11834319526627218
3 0.337248322147651 0.621301775147929 0.09060402684563758 0.2485207100591716
3 0.37583892617449666 0.46745562130177515 0.1476510067114094 0.28402366863905326
3 0.17785234899328858 0.4319526627218935 0.0738255033557047 0.22485207100591717
3 0.7634228187919463 0.42011834319526625 0.08389261744966443 0.22485207100591717
3 0.8305369127516778 0.41420118343195267 0.05704697986577181 0.16568047337278108
3 0.5251677852348994 0.6627218934911243 0.09060402684563758 0.17751479289940827
3 0.12080536912751678 0.42011834319526625 0.040268456375838924 0.16568047337278108
3 0.25 0.6153846153846154 0.08389261744966443 0.16568047337278108
3 0.17953020134228187 0.5621301775147929 0.0436241610738255 0.14201183431952663
3 0.436241610738255 0.6420118343195266 0.087248322147651 0.24260355029585798
3 0.7818791946308725 0.5591715976331361 0.053691275167785234 0.13609467455621302
3 0.5436241610738255 0.46153846153846156 0.15436241610738255 0.2603550295857988
3 0.8322147651006712 0.5266272189349113 0.053691275167785234 0.10650887573964497
3 0.2516778523489933 0.4437869822485207 0.10067114093959731 0.23668639053254437
