3 0.670774647887324 0.5621468926553672 0.07394366197183098 0.1638418079096045
3 0.4630281690140845 0.5988700564971752 0.08098591549295775 0.1694915254237288
3 0.352112676056338 0.4152542372881356 0.08450704225352113 0.14124293785310735
3 0.3257042253521127 0.5649717514124294 0.07394366197183098 0.2033898305084746
3 0.8503521126760564 0.403954802259887 0.045774647887323945 0.10734463276836158
3 0.7323943661971831 0.3926553672316384 0.06338028169014084 0.14124293785310735
3 0.7904929577464789 0.3615819209039548 0.0528169014084507 0.12429378531073447
3 0.7482394366197183 0.5480225988700564 0.0880281690140845 0.15819209039548024
3 0.5352112676056338 0.5875706214689266 0.07042253521126761 0.15819209039548024
3 0.5651408450704225 0.4350282485875706 0.12323943661971831 0.15819209039548024
3 0.772887323943662 0.4971751412429379 0.0880281690140845 0.1807909604519774
3 0.20950704225352113 0.4717514124293785 0.05985915492957746 0.15254237288135594
3 0.8221830985915493 0.4717514124293785 0.08098591549295775 0.1638418079096045
3 0.22711267605633803 0.4943502824858757 0.06690140845070422 0.1638418079096045
3 0.3926056338028169 0.5903954802259888 0.06690140845070422 0.1638418079096045
3 0.2623239436619718 0.556497175141243 0.07394366197183098 0.1864406779661017
3 0.22183098591549297 0.3700564971751412 0.06338028169014084 0.096045197740113
3 0.6637323943661971 0.4096045197740113 0.07394366197183098 0.1638418079096045
3 0.6038732394366197 0.5875706214689266 0.07394366197183098 0.15819209039548024
3 0.8309859154929577 0.3502824858757062 0.035211267605633804 0.07909604519774012
3 0.4507042253521127 0.4350282485875706 0.11267605633802817 0.15819209039548024
3 0.27992957746478875 0.3926553672316384 0.06690140845070422 0.10734463276836158
3 0.1742957746478873 0.3559322033898305 0.045774647887323945 0.07909604519774012
