3 0.13793103448275862 0.6522988505747126 0.1310344827586207 0.28160919540229884
3 0.3120689655172414 0.27011494252873564 0.23103448275862068 0.4942528735632184
3 0.6982758620689655 0.3936781609195402 0.16896551724137931 0.3850574712643678
3 0.7275862068965517 0.6580459770114943 0.15172413793103448 0.3160919540229885
3 0.05862068965517241 0.6379310344827587 0.05517241379310345 0.25287356321839083
3 0.04827586206896552 0.2672413793103448 0.09655172413793103 0.47701149425287354
3 0.5086206896551724 0.3563218390804598 0.23103448275862068 0.42528735632183906
3 0.24310344827586206 0.6666666666666666 0.15517241379310345 0.3218390804597701
3 0.3913793103448276 0.6580459770114943 0.17586206896551723 0.3620689655172414
3 0.8620689655172413 0.5804597701149425 0.13793103448275862 0.27586206896551724
3 0.5586206896551724 0.6551724137931034 0.16551724137931034 0.28735632183908044
3 0.13793103448275862 0.3017241379310345 0.2206896551724138 0.41954022988505746
