3 0.342 0.19306184012066366 0.076 0.09049773755656108
3 0.556 0.25188536953242835 0.084 0.07239819004524888
3 0.481 0.25414781297134237 0.07 0.06787330316742081
3 0.408 0.167420814479638 0.1 0.09049773755656108
3 0.617 0.1832579185520362 0.074 0.08597285067873303
3 0.585 0.15535444947209653 0.082 0.08144796380090498
3 0.299 0.2616892911010558 0.062 0.05580693815987934
3 0.424 0.25565610859728505 0.072 0.07088989441930618
3 0.652 0.26244343891402716 0.044 0.05429864253393665
3 0.272 0.2096530920060332 0.072 0.07541478129713423
3 0.362 0.25867269984917046 0.072 0.06184012066365008
3 0.604 0.24962292609351433 0.056 0.07692307692307693
3 0.504 0.1726998491704374 0.1 0.09803921568627451
