3 0.7563636363636363 0.5109289617486339 0.05090909090909091 0.11475409836065574
3 0.5218181818181818 0.5355191256830601 0.07636363636363637 0.15300546448087432
3 0.4090909090909091 0.5300546448087432 0.05454545454545454 0.17486338797814208
3 0.6636363636363637 0.5546448087431693 0.07636363636363637 0.16939890710382513
3 0.2872727272727273 0.3989071038251366 0.05090909090909091 0.17486338797814208
3 0.5527272727272727 0.3797814207650273 0.11636363636363636 0.20218579234972678
3 0.6018181818181818 0.5300546448087432 0.08363636363636363 0.16393442622950818
3 0.45454545454545453 0.39344262295081966 0.12363636363636364 0.19672131147540983
3 0.7218181818181818 0.5355191256830601 0.04727272727272727 0.16393442622950818
3 0.4727272727272727 0.5628415300546448 0.08 0.16393442622950818
3 0.7145454545454546 0.39344262295081966 0.06909090909090909 0.18579234972677597
3 0.3490909090909091 0.39344262295081966 0.08727272727272728 0.17486338797814208
3 0.6418181818181818 0.38524590163934425 0.08363636363636363 0.16939890710382513
3 0.7563636363636363 0.3825136612021858 0.05090909090909091 0.15300546448087432
3 0.7909090909090909 0.3770491803278688 0.03272727272727273 0.12021857923497267
3 0.33636363636363636 0.5655737704918032 0.09818181818181818 0.1912568306010929
