3 0.27636363636363637 0.6912568306010929 0.10181818181818182 0.12568306010928962
3 0.9163636363636364 0.33060109289617484 0.13818181818181818 0.2568306010928962
3 0.4036363636363636 0.7158469945355191 0.14545454545454545 0.24043715846994534
3 0.7072727272727273 0.42896174863387976 0.13454545454545455 0.23497267759562843
3 0.11272727272727273 0.5163934426229508 0.1890909090909091 0.2459016393442623
3 0.11636363636363636 0.6994535519125683 0.22545454545454546 0.22950819672131148
3 0.2818181818181818 0.5273224043715847 0.14181818181818182 0.2459016393442623
3 0.72 0.6120218579234973 0.07272727272727272 0.14207650273224043
3 0.8381818181818181 0.36065573770491804 0.1781818181818182 0.28415300546448086
3 0.5690909090909091 0.48633879781420764 0.15636363636363637 0.273224043715847
3 0.7781818181818182 0.5710382513661202 0.05090909090909091 0.20218579234972678
3 0.6454545454545455 0.5983606557377049 0.07636363636363637 0.1912568306010929
3 0.42 0.5136612021857924 0.14909090909090908 0.25136612021857924
3 0.5381818181818182 0.6639344262295082 0.13818181818181818 0.23497267759562843
