3 0.23855564325177586 0.6075061381971238 0.13654301499605367 0.16555594528235706
3 0.5649171270718232 0.4133637320238513 0.12588792423046566 0.2886706418800421
3 0.7466456195737964 0.40652402665731324 0.07892659826361484 0.28551385478779373
3 0.21537095501183898 0.41915117502630655 0.05110497237569061 0.20834794808839005
3 0.3431333859510655 0.42213258505787443 0.08997632202052092 0.2402665731322343
3 0.26884372533543804 0.4089793055068397 0.07162588792423047 0.2581550333216415
3 0.840568271507498 0.4198526832690284 0.04459352801894238 0.20203437390389337
3 0.6743291239147593 0.6939670291125921 0.0787292817679558 0.25710277095755873
3 0.7790055248618785 0.6574886004910557 0.06827150749802684 0.19116099614170468
3 0.4636937647987372 0.6965976850227991 0.0734017363851618 0.2118554893019993
3 0.5341357537490135 0.6888810943528586 0.07142857142857142 0.20413889863205892
3 0.4419889502762431 0.4184496667835847 0.12352012628255722 0.28060329708874077
3 0.26262825572217835 0.6432830585759383 0.11049723756906077 0.1781830936513504
3 0.17906471981057617 0.41301297790249036 0.041633780584056826 0.18835496317081726
3 0.6043804262036306 0.7016836197825325 0.07774269928966061 0.2241318835496317
3 0.39709944751381215 0.703788144510698 0.07675611681136543 0.2346545071904595
3 0.3346487766377269 0.6967730620834794 0.06945540647198106 0.25850578744300245
3 0.6680149960536701 0.41932655208698705 0.09490923441199685 0.25219221325850577
3 0.7355958958168903 0.6885303402314977 0.07695343330702446 0.24131883549631708
3 0.8036700868192581 0.41160996141704664 0.053275453827940016 0.24728165555945283
3 0.8290252565114443 0.653805682216766 0.07794001578531966 0.1929147667485093
3 0.2803867403314917 0.6850227990178884 0.06471981057616416 0.22448263767099264
