3 0.1434108527131783 0.4425287356321839 0.14728682170542637 0.2413793103448276
3 0.06589147286821706 0.41954022988505746 0.06976744186046512 0.19540229885057472
3 0.3023255813953488 0.45977011494252873 0.15503875968992248 0.22988505747126436
3 0.8875968992248062 0.5517241379310345 0.11627906976744186 0.13793103448275862
3 0.7170542635658915 0.47701149425287354 0.10077519379844961 0.19540229885057472
3 0.810077519379845 0.4827586206896552 0.08527131782945736 0.11494252873563218
3 0.46511627906976744 0.6551724137931034 0.12403100775193798 0.20689655172413793
3 0.3178294573643411 0.632183908045977 0.10852713178294573 0.20689655172413793
3 0.20930232558139536 0.6264367816091954 0.09302325581395349 0.21839080459770116
3 0.5968992248062015 0.47126436781609193 0.13953488372093023 0.20689655172413793
3 0.751937984496124 0.603448275862069 0.15503875968992248 0.12643678160919541
3 0.8953488372093024 0.4367816091954023 0.06976744186046512 0.13793103448275862
3 0.12403100775193798 0.6379310344827587 0.07751937984496124 0.1724137931034483
3 0.624031007751938 0.6494252873563219 0.11627906976744186 0.1724137931034483
3 0.46511627906976744 0.4540229885057471 0.13953488372093023 0.19540229885057472
