3 0.32558139534883723 0.39 0.09302325581395349 0.18
3 0.686046511627907 0.5825 0.10963455149501661 0.265
3 0.6196013289036545 0.385 0.14285714285714285 0.2
3 0.7890365448504983 0.555 0.09634551495016612 0.33
3 0.39368770764119604 0.5925 0.09634551495016612 0.265
3 0.8986710963455149 0.51 0.06976744186046512 0.19
3 0.13122923588039867 0.3975 0.09634551495016612 0.195
3 0.22259136212624583 0.405 0.11295681063122924 0.19
3 0.9102990033222591 0.3525 0.07973421926910298 0.185
3 0.5913621262458472 0.5925 0.09302325581395349 0.235
3 0.29069767441860467 0.5925 0.10963455149501661 0.305
3 0.44518272425249167 0.39 0.1461794019933555 0.19
3 0.9485049833887044 0.485 0.08305647840531562 0.14
3 0.19601328903654486 0.6025 0.12624584717607973 0.245
3 0.12790697674418605 0.5725 0.08970099667774087 0.165
3 0.8255813953488372 0.3725 0.09634551495016612 0.255
3 0.49335548172757476 0.605 0.09634551495016612 0.26
3 0.8704318936877077 0.595 0.09966777408637874 0.24
3 0.7308970099667774 0.37 0.08637873754152824 0.18
