3 0.6795366795366795 0.7010309278350515 0.16216216216216217 0.28865979381443296
3 0.37258687258687256 0.6314432989690721 0.09652509652509653 0.22164948453608246
3 0.7181467181467182 0.5077319587628866 0.33204633204633205 0.28350515463917525
3 0.6081081081081081 0.36082474226804123 0.28957528957528955 0.24742268041237114
3 0.9015444015444015 0.8556701030927835 0.11196911196911197 0.27835051546391754
3 0.13127413127413126 0.6056701030927835 0.15444015444015444 0.19072164948453607
3 0.10810810810810811 0.7628865979381443 0.15444015444015444 0.3402061855670103
3 0.2548262548262548 0.6572164948453608 0.15444015444015444 0.23195876288659795
3 0.8552123552123552 0.6494845360824743 0.16602316602316602 0.29896907216494845
3 0.3436293436293436 0.3917525773195876 0.2625482625482625 0.29896907216494845
3 0.5096525096525096 0.6752577319587629 0.18532818532818532 0.38144329896907214
3 0.8127413127413128 0.7989690721649485 0.1274131274131274 0.30927835051546393
3 0.16988416988416988 0.43556701030927836 0.16988416988416988 0.20103092783505155
