3 0.6527272727272727 0.3442622950819672 0.09818181818181818 0.22950819672131148
3 0.84 0.5983606557377049 0.11636363636363636 0.15846994535519127
0 0.4 0.35792349726775957 0.007272727272727273 0.0273224043715847
3 0.6763636363636364 0.7349726775956285 0.10181818181818182 0.22404371584699453
3 0.22545454545454546 0.3551912568306011 0.18181818181818182 0.22950819672131148
0 0.3981818181818182 0.4098360655737705 0.01818181818181818 0.03278688524590164
3 0.7418181818181818 0.3360655737704918 0.09454545454545454 0.22404371584699453
3 0.14545454545454545 0.5846994535519126 0.18181818181818182 0.24043715846994534
3 0.48545454545454547 0.7950819672131147 0.13454545454545455 0.2786885245901639
3 0.28363636363636363 0.7131147540983607 0.20363636363636364 0.3333333333333333
3 0.5763636363636364 0.7814207650273224 0.12 0.25136612021857924
3 0.4018181818181818 0.39344262295081966 0.2 0.25136612021857924
0 0.3 0.644808743169399 0.01818181818181818 0.04371584699453552
3 0.7527272727272727 0.6857923497267759 0.12363636363636364 0.15846994535519127
0 0.4218181818181818 0.3743169398907104 0.014545454545454545 0.01639344262295082
