3 0.6163636363636363 0.17759562841530055 0.12 0.1366120218579235
3 0.8309090909090909 0.8934426229508197 0.14181818181818182 0.20218579234972678
3 0.36 0.20765027322404372 0.10909090909090909 0.16393442622950818
3 0.18727272727272729 0.9016393442622951 0.16363636363636364 0.18579234972677597
3 0.6872727272727273 0.273224043715847 0.09454545454545454 0.17486338797814208
3 0.7163636363636363 0.42349726775956287 0.12363636363636364 0.16939890710382513
3 0.23454545454545456 0.5765027322404371 0.13454545454545455 0.16939890710382513
3 0.2690909090909091 0.4426229508196721 0.13090909090909092 0.16393442622950818
3 0.5527272727272727 0.09289617486338798 0.12363636363636364 0.18579234972677597
3 0.4163636363636364 0.09562841530054644 0.12 0.1912568306010929
3 0.2 0.7404371584699454 0.16727272727272727 0.23497267759562843
3 0.7527272727272727 0.5546448087431693 0.13090909090909092 0.15846994535519127
3 0.7927272727272727 0.7240437158469946 0.15272727272727274 0.23497267759562843
3 0.2818181818181818 0.29508196721311475 0.09818181818181818 0.18579234972677597
