3 0.447 0.32819383259911894 0.138 0.3832599118942731
3 0.741 0.6497797356828194 0.094 0.3392070484581498
3 0.297 0.6167400881057269 0.086 0.32599118942731276
3 0.383 0.6211453744493393 0.094 0.32599118942731276
3 0.704 0.32819383259911894 0.108 0.3303964757709251
3 0.652 0.6431718061674009 0.092 0.3436123348017621
3 0.225 0.5837004405286343 0.09 0.2422907488986784
3 0.586 0.32599118942731276 0.14 0.3700440528634361
3 0.337 0.31938325991189426 0.11 0.3392070484581498
3 0.474 0.6519823788546255 0.088 0.28193832599118945
3 0.859 0.42731277533039647 0.07 0.27312775330396477
3 0.071 0.394273127753304 0.054 0.1894273127753304
3 0.912 0.6189427312775331 0.072 0.1894273127753304
3 0.118 0.3832599118942731 0.052 0.2290748898678414
3 0.903 0.4581497797356828 0.05 0.22026431718061673
3 0.247 0.32158590308370044 0.094 0.3700440528634361
3 0.56 0.6519823788546255 0.088 0.2907488986784141
3 0.857 0.6277533039647577 0.054 0.18061674008810572
3 0.175 0.36784140969163 0.066 0.2687224669603524
3 0.946 0.44052863436123346 0.056 0.22026431718061673
3 0.168 0.5770925110132159 0.06 0.2026431718061674
3 0.813 0.6431718061674009 0.082 0.2555066079295154
3 0.795 0.3502202643171806 0.09 0.3656387665198238
