3 0.16 0.6475409836065574 0.04363636363636364 0.15846994535519127
3 0.3654545454545455 0.6530054644808743 0.09090909090909091 0.16939890710382513
3 0.8672727272727273 0.5901639344262295 0.09090909090909091 0.20765027322404372
3 0.21454545454545454 0.4262295081967213 0.13090909090909092 0.30601092896174864
3 0.7672727272727272 0.39344262295081966 0.11636363636363636 0.30601092896174864
3 0.8527272727272728 0.4262295081967213 0.06909090909090909 0.18579234972677597
3 0.5218181818181818 0.40710382513661203 0.14181818181818182 0.2677595628415301
3 0.06 0.6557377049180327 0.06181818181818182 0.09836065573770492
3 0.07090909090909091 0.5273224043715847 0.09090909090909091 0.16939890710382513
3 0.5545454545454546 0.6366120218579235 0.09090909090909091 0.21311475409836064
3 0.9618181818181818 0.5792349726775956 0.06909090909090909 0.13114754098360656
3 0.8127272727272727 0.6202185792349727 0.06909090909090909 0.20218579234972678
3 0.28 0.6557377049180327 0.08 0.22950819672131148
3 0.6418181818181818 0.6202185792349727 0.09818181818181818 0.20218579234972678
3 0.74 0.6284153005464481 0.09818181818181818 0.26229508196721313
3 0.46545454545454545 0.6311475409836066 0.09454545454545454 0.21311475409836064
3 0.37454545454545457 0.4262295081967213 0.15272727272727274 0.29508196721311475
3 0.20909090909090908 0.6557377049180327 0.06181818181818182 0.18579234972677597
3 0.09272727272727273 0.4972677595628415 0.06181818181818182 0.14207650273224043
3 0.13636363636363635 0.48633879781420764 0.06909090909090909 0.20765027322404372
3 0.9490909090909091 0.45081967213114754 0.08 0.14754098360655737
3 0.9418181818181818 0.5901639344262295 0.05090909090909091 0.1092896174863388
3 0.9181818181818182 0.40437158469945356 0.06909090909090909 0.2185792349726776
3 0.6509090909090909 0.40710382513661203 0.11636363636363636 0.2568306010928962
3 0.11272727272727273 0.6366120218579235 0.06545454545454546 0.1912568306010929
