3 0.7220708446866485 0.7805429864253394 0.09264305177111716 0.2850678733031674
3 0.2125340599455041 0.5588235294117647 0.05449591280653951 0.17647058823529413
3 0.20844686648501362 0.3936651583710407 0.01907356948228883 0.14479638009049775
3 0.6771117166212534 0.41855203619909503 0.13896457765667575 0.3031674208144796
3 0.5272479564032697 0.40271493212669685 0.13896457765667575 0.2986425339366516
3 0.6280653950953679 0.7873303167420814 0.08991825613079019 0.25339366515837103
3 0.31471389645776565 0.40497737556561086 0.07356948228882834 0.27601809954751133
3 0.8692098092643051 0.667420814479638 0.07629427792915532 0.2669683257918552
3 0.7942779291553134 0.4095022624434389 0.09536784741144415 0.23076923076923078
3 0.9128065395095368 0.6176470588235294 0.05449591280653951 0.17647058823529413
3 0.2561307901907357 0.5746606334841629 0.07629427792915532 0.2171945701357466
3 0.24795640326975477 0.3914027149321267 0.05994550408719346 0.23076923076923078
3 0.8814713896457765 0.42081447963800905 0.08446866485013624 0.2986425339366516
3 0.28201634877384196 0.6583710407239819 0.08991825613079019 0.23076923076923078
3 0.35013623978201636 0.7239819004524887 0.1008174386920981 0.35294117647058826
3 0.4032697547683924 0.38235294117647056 0.10899182561307902 0.2669683257918552
3 0.9455040871934605 0.5769230769230769 0.05449591280653951 0.12217194570135746
3 0.44550408719346046 0.7624434389140271 0.1008174386920981 0.27601809954751133
3 0.94141689373297 0.4095022624434389 0.04632152588555858 0.20361990950226244
3 0.8147138964577657 0.7330316742081447 0.08719346049046321 0.334841628959276
3 0.5367847411444142 0.7850678733031674 0.09264305177111716 0.2398190045248869
