1 0.10199004975124377 0.34782608695652173 0.10945273631840796 0.10586011342155009
0 0.5155472636815921 0.774102079395085 0.06840796019900497 0.07750472589792061
3 0.29539800995024873 0.5737240075614367 0.2126865671641791 0.4064272211720227
3 0.6616915422885572 0.5935727788279773 0.15920398009950248 0.3553875236294896
0 0.6573383084577115 0.44328922495274103 0.09079601990049752 0.054820415879017016
0 0.6691542288557214 0.6134215500945179 0.017412935323383085 0.03969754253308128
3 0.7997512437810945 0.4905482041587902 0.19651741293532338 0.3837429111531191
1 0.14738805970149255 0.10396975425330812 0.10074626865671642 0.0831758034026465
0 0.7873134328358209 0.3534971644612476 0.15920398009950248 0.10964083175803403
3 0.17786069651741293 0.46408317580340264 0.20149253731343283 0.3572778827977316
3 0.4869402985074627 0.6200378071833649 0.24253731343283583 0.43100189035916825
0 0.4595771144278607 0.7674858223062382 0.026119402985074626 0.022684310018903593
3 0.12437810945273632 0.23156899810964082 0.15422885572139303 0.34593572778827975
