3 0.08 0.5609137055837563 0.10181818181818182 0.14720812182741116
3 0.20363636363636364 0.6091370558375635 0.10181818181818182 0.19289340101522842
3 0.2818181818181818 0.649746192893401 0.09090909090909091 0.2131979695431472
3 0.6363636363636364 0.6294416243654822 0.09454545454545454 0.20304568527918782
3 0.3781818181818182 0.6522842639593909 0.10181818181818182 0.16751269035532995
0 0.05818181818181818 0.5786802030456852 0.014545454545454545 0.04060913705583756
3 0.5418181818181819 0.4543147208121827 0.13818181818181818 0.23857868020304568
3 0.30727272727272725 0.5050761421319797 0.07636363636363637 0.15736040609137056
3 0.1618181818181818 0.4619289340101523 0.07636363636363637 0.18274111675126903
3 0.7163636363636363 0.6192893401015228 0.07272727272727272 0.233502538071066
3 0.4618181818181818 0.6243654822335025 0.06545454545454546 0.18274111675126903
3 0.5472727272727272 0.649746192893401 0.12 0.20304568527918782
3 0.7763636363636364 0.5812182741116751 0.06909090909090909 0.16751269035532995
3 0.10363636363636364 0.4619289340101523 0.05454545454545454 0.14213197969543148
3 0.7418181818181818 0.38071065989847713 0.08727272727272728 0.233502538071066
3 0.2309090909090909 0.42385786802030456 0.09090909090909091 0.20812182741116753
3 0.8418181818181818 0.5583756345177665 0.06909090909090909 0.16243654822335024
3 0.8545454545454545 0.42385786802030456 0.06545454545454546 0.14720812182741116
3 0.13272727272727272 0.5964467005076142 0.06181818181818182 0.116751269035533
3 0.4036363636363636 0.4517766497461929 0.14545454545454545 0.25380710659898476
3 0.8018181818181818 0.44416243654822335 0.04727272727272727 0.14720812182741116
3 0.66 0.4619289340101523 0.09818181818181818 0.19289340101522842
