3 0.8109090909090909 0.6502732240437158 0.06545454545454546 0.26229508196721313
3 0.3418181818181818 0.6666666666666666 0.10181818181818182 0.30601092896174864
3 0.18727272727272729 0.43169398907103823 0.09818181818181818 0.273224043715847
3 0.7363636363636363 0.6475409836065574 0.10545454545454545 0.3551912568306011
3 0.5490909090909091 0.6639344262295082 0.10181818181818182 0.23497267759562843
3 0.9163636363636364 0.3825136612021858 0.10181818181818182 0.33879781420765026
3 0.8018181818181818 0.34972677595628415 0.14181818181818182 0.36065573770491804
3 0.44181818181818183 0.6420765027322405 0.10545454545454545 0.2677595628415301
3 0.2509090909090909 0.6912568306010929 0.10181818181818182 0.2786885245901639
3 0.5672727272727273 0.39617486338797814 0.14545454545454545 0.3333333333333333
3 0.4163636363636364 0.3633879781420765 0.14909090909090908 0.2896174863387978
3 0.9672727272727273 0.45901639344262296 0.05090909090909091 0.19672131147540983
1 0.4381818181818182 0.42896174863387976 0.10545454545454545 0.15846994535519127
3 0.8963636363636364 0.592896174863388 0.06909090909090909 0.22404371584699453
3 0.8709090909090909 0.6256830601092896 0.06909090909090909 0.23497267759562843
3 0.6981818181818182 0.3224043715846995 0.12363636363636364 0.26229508196721313
3 0.28909090909090907 0.3879781420765027 0.13454545454545455 0.36065573770491804
3 0.6381818181818182 0.6202185792349727 0.11272727272727273 0.3005464480874317
