3 0.4176972909305065 0.6375825082508251 0.21054181389870436 0.3254950495049505
3 0.15621319199057715 0.298473597359736 0.14811542991755006 0.3032178217821782
3 0.8047703180212014 0.290016501650165 0.14075382803297998 0.3127062706270627
3 0.5510895170789164 0.2625825082508251 0.14104829210836278 0.29496699669966997
3 0.7909305064782096 0.6631600660066007 0.14958775029446408 0.3378712871287129
3 0.6241166077738516 0.6404702970297029 0.20877502944640755 0.33457095709570955
3 0.09172555948174323 0.650990099009901 0.14929328621908128 0.3110561056105611
3 0.2860718492343934 0.2784653465346535 0.14458186101295642 0.2863036303630363
3 0.23689634864546524 0.6410891089108911 0.16755005889281507 0.2986798679867987
3 0.9159305064782096 0.6555280528052805 0.11513545347467609 0.3333333333333333
3 0.6841872791519434 0.28032178217821785 0.142226148409894 0.29744224422442245
3 0.4172555948174323 0.26216996699669964 0.13957597173144876 0.2891914191419142
