1 0.11209033324153125 0.2063131313131313 0.0451666207656293 0.09747474747474748
3 0.22817405673368218 0.6866161616161616 0.10162489672266593 0.33080808080808083
1 0.27953731754337646 0.32045454545454544 0.031947122004957314 0.09141414141414142
1 0.532222528229138 0.6545454545454545 0.07298264940787662 0.15656565656565657
3 0.2398788212613605 0.3467171717171717 0.11567061415587993 0.24797979797979797
1 0.7704489121454144 0.6893939393939394 0.07188102451115395 0.18181818181818182
3 0.7491049297714129 0.6873737373737374 0.12283117598457725 0.3686868686868687
1 0.6386670338749656 0.6777777777777778 0.08537592949600661 0.1707070707070707
1 0.8132745800055081 0.5255050505050505 0.03910768383365464 0.03888888888888889
3 0.6746075461305425 0.3159090909090909 0.11484439548333793 0.15606060606060607
3 0.13990636188377858 0.3547979797979798 0.10079867805012394 0.39444444444444443
3 0.7977141283393004 0.579040404040404 0.08179564858165794 0.2085858585858586
0 0.3843293858441201 0.2946969696969697 0.12310658220875792 0.147979797979798
0 0.6706141558799229 0.34444444444444444 0.02203249793445332 0.015151515151515152
0 0.8032222528229138 0.2866161616161616 0.0944643348939686 0.2085858585858586
3 0.5308454971082347 0.6767676767676768 0.10382814651611126 0.3595959595959596
3 0.6401817681079592 0.6702020202020202 0.11814927017350592 0.3484848484848485
3 0.3252547507573671 0.6696969696969697 0.10520517763701459 0.3292929292929293
0 0.5488846047920684 0.30353535353535355 0.11787386394932525 0.1606060606060606
3 0.4308730377306527 0.6787878787878788 0.0961167722390526 0.36767676767676766
0 0.8413660148719361 0.747979797979798 0.07215643073533462 0.14545454545454545
1 0.4304599283943817 0.6055555555555555 0.09473974111814927 0.2222222222222222
