3 0.5314814814814814 0.5925 0.09259259259259259 0.095
3 0.3351851851851852 0.655 0.06296296296296296 0.08
3 0.3851851851851852 0.68 0.05925925925925926 0.08
3 0.32222222222222224 0.5875 0.06666666666666667 0.105
3 0.4425925925925926 0.59 0.08518518518518518 0.11
3 0.6925925925925925 0.68 0.06666666666666667 0.05
3 0.5018518518518519 0.695 0.06296296296296296 0.07
3 0.37777777777777777 0.585 0.05185185185185185 0.11
3 0.5962962962962963 0.605 0.05925925925925926 0.09
3 0.6592592592592592 0.6175 0.06666666666666667 0.105
3 0.5666666666666667 0.6875 0.05925925925925926 0.065
3 0.6407407407407407 0.68 0.08148148148148149 0.08
