3 0.5093333333333333 0.555 0.037333333333333336 0.066
3 0.3626666666666667 0.527 0.06666666666666667 0.074
3 0.44733333333333336 0.561 0.04133333333333333 0.046
3 0.5493333333333333 0.562 0.048 0.044
3 0.6006666666666667 0.474 0.052 0.076
3 0.49066666666666664 0.38 0.058666666666666666 0.084
3 0.48533333333333334 0.57 0.034666666666666665 0.036
3 0.338 0.489 0.068 0.074
3 0.5873333333333334 0.509 0.06 0.098
3 0.5933333333333334 0.372 0.034666666666666665 0.072
3 0.5486666666666666 0.381 0.05733333333333333 0.082
3 0.384 0.371 0.050666666666666665 0.066
3 0.5666666666666667 0.54 0.042666666666666665 0.056
3 0.4046666666666667 0.561 0.04666666666666667 0.03
3 0.434 0.38 0.05466666666666667 0.08
