3 0.43333333333333335 0.645 0.06666666666666667 0.1
3 0.32 0.6375 0.1 0.135
3 0.27 0.7075 0.07333333333333333 0.105
3 0.515 0.37 0.06333333333333334 0.13
3 0.33 0.7425 0.05333333333333334 0.055
3 0.17 0.785 0.05333333333333334 0.06
3 0.5233333333333333 0.345 0.05333333333333334 0.12
3 0.45166666666666666 0.5 0.11 0.15
3 0.5083333333333333 0.56 0.043333333333333335 0.09
3 0.22 0.755 0.07333333333333333 0.09
3 0.3883333333333333 0.5725 0.09 0.125
3 0.4716666666666667 0.6025 0.07 0.095
3 0.49666666666666665 0.44 0.08666666666666667 0.16
3 0.38 0.69 0.07333333333333333 0.1
