3 0.6292134831460674 0.6084656084656085 0.11235955056179775 0.20105820105820105
3 0.43820224719101125 0.6190476190476191 0.0898876404494382 0.1693121693121693
3 0.6779026217228464 0.4126984126984127 0.0898876404494382 0.20105820105820105
3 0.5280898876404494 0.5925925925925926 0.09737827715355805 0.24338624338624337
3 0.35580524344569286 0.5740740740740741 0.0898876404494382 0.14285714285714285
3 0.41760299625468167 0.41534391534391535 0.15355805243445692 0.2698412698412698
3 0.7790262172284644 0.5317460317460317 0.0898876404494382 0.18518518518518517
3 0.7677902621722846 0.38095238095238093 0.10486891385767791 0.21164021164021163
3 0.8445692883895131 0.36243386243386244 0.07865168539325842 0.1746031746031746
3 0.5674157303370787 0.4074074074074074 0.15355805243445692 0.2751322751322751
3 0.3089887640449438 0.4074074074074074 0.08614232209737828 0.20105820105820105
3 0.20973782771535582 0.373015873015873 0.1198501872659176 0.24867724867724866
3 0.250936329588015 0.5582010582010583 0.1198501872659176 0.25925925925925924
3 0.7078651685393258 0.5634920634920635 0.08239700374531835 0.20634920634920634
