3 0.5265 0.6512935883014623 0.0975 0.0922384701912261
0 0.301 0.4025121859767529 0.0055 0.010873640794900637
0 0.377 0.4293213348331459 0.005 0.01124859392575928
3 0.441125 0.442819647544057 0.11225 0.16647919010123735
3 0.565 0.5931758530183727 0.12 0.1229846269216348
3 0.631125 0.5232470941132359 0.12925 0.14360704911886013
3 0.6115 0.33783277090363706 0.084 0.12223472065991751
3 0.28425 0.4364454443194601 0.082 0.13348331458567678
3 0.511625 0.729846269216348 0.09875 0.10611173603299588
1 0.6525 0.4816272965879265 0.0395 0.06111736032995876
3 0.36075 0.45125609298837643 0.0785 0.14810648668916385
0 0.6155 0.33895763029621295 0.011 0.014998125234345707
3 0.68775 0.4163854518185227 0.112 0.13835770528683913
0 0.689125 0.3661417322834646 0.00325 0.006374203224596925
1 0.553 0.34326959130108736 0.0505 0.04236970378702662
1 0.547125 0.45931758530183725 0.03575 0.023247094113235847
1 0.483625 0.4587551556055493 0.02675 0.05661792275965504
3 0.5275 0.38976377952755903 0.1175 0.16310461192350956
1 0.41975 0.4540682414698163 0.026 0.02099737532808399
