3 0.26166666666666666 0.3625 0.07 0.125
3 0.6783333333333333 0.3425 0.05 0.105
3 0.17 0.37 0.03333333333333333 0.1
3 0.14166666666666666 0.365 0.03666666666666667 0.08
3 0.585 0.335 0.06333333333333334 0.14
3 0.3283333333333333 0.35 0.07 0.12
3 0.5316666666666666 0.6025 0.06333333333333334 0.105
3 0.47 0.615 0.06666666666666667 0.09
3 0.4083333333333333 0.615 0.06333333333333334 0.09
3 0.5066666666666667 0.3475 0.09333333333333334 0.145
3 0.41 0.345 0.1 0.14
3 0.7083333333333334 0.345 0.03 0.1
3 0.6383333333333333 0.3475 0.05 0.125
3 0.59 0.5925 0.06 0.095
3 0.205 0.365 0.05 0.12
