0 0.73 0.38198757763975155 0.08 0.14285714285714285
3 0.07 0.484472049689441 0.14 0.2732919254658385
3 0.6333333333333333 0.4937888198757764 0.13333333333333333 0.2795031055900621
3 0.6233333333333333 0.7018633540372671 0.08 0.14906832298136646
3 0.79 0.43478260869565216 0.11333333333333333 0.2732919254658385
3 0.115 0.6739130434782609 0.10333333333333333 0.21739130434782608
3 0.2733333333333333 0.4503105590062112 0.11333333333333333 0.3416149068322981
3 0.7316666666666667 0.6832298136645962 0.11666666666666667 0.2857142857142857
3 0.45166666666666666 0.7080745341614907 0.08333333333333333 0.14906832298136646
3 0.5016666666666667 0.5031055900621118 0.13666666666666666 0.2857142857142857
3 0.27666666666666667 0.7329192546583851 0.09333333333333334 0.2484472049689441
3 0.37 0.7111801242236024 0.08666666666666667 0.16770186335403728
3 0.8816666666666667 0.4192546583850932 0.07666666666666666 0.22981366459627328
3 0.2 0.6614906832298136 0.07333333333333333 0.2795031055900621
3 0.38166666666666665 0.4751552795031056 0.11 0.32919254658385094
0 0.7566666666666667 0.4658385093167702 0.02 0.062111801242236024
3 0.8883333333333333 0.515527950310559 0.08333333333333333 0.17391304347826086
3 0.81 0.65527950310559 0.08666666666666667 0.20496894409937888
