3 0.4034749034749035 0.38144329896907214 0.20463320463320464 0.23711340206185566
3 0.7702702702702703 0.3788659793814433 0.1274131274131274 0.26288659793814434
3 0.8803088803088803 0.3788659793814433 0.04633204633204633 0.211340206185567
3 0.11776061776061776 0.595360824742268 0.10424710424710425 0.22164948453608246
3 0.806949806949807 0.6005154639175257 0.12355212355212356 0.211340206185567
3 0.11583011583011583 0.38917525773195877 0.12355212355212356 0.211340206185567
3 0.1969111969111969 0.6288659793814433 0.11583011583011583 0.26804123711340205
3 0.22586872586872586 0.38917525773195877 0.15057915057915058 0.23195876288659795
3 0.6988416988416989 0.5979381443298969 0.10810810810810811 0.23711340206185566
3 0.833976833976834 0.3634020618556701 0.0694980694980695 0.22164948453608246
3 0.0637065637065637 0.3943298969072165 0.06563706563706563 0.20103092783505155
3 0.44787644787644787 0.6314432989690721 0.138996138996139 0.27319587628865977
3 0.3204633204633205 0.6314432989690721 0.13127413127413126 0.28350515463917525
3 0.581081081081081 0.6134020618556701 0.13513513513513514 0.24742268041237114
3 0.6061776061776062 0.37628865979381443 0.2084942084942085 0.23711340206185566
3 0.8474903474903475 0.5489690721649485 0.08108108108108109 0.14948453608247422
