3 0.3 0.675 0.19333333333333333 0.39
3 0.915 0.3425 0.06333333333333334 0.385
3 0.8333333333333334 0.6725 0.08 0.425
3 0.395 0.38 0.21 0.41
3 0.7933333333333333 0.355 0.14 0.41
3 0.8833333333333333 0.335 0.06 0.4
3 0.18833333333333332 0.38 0.20333333333333334 0.39
3 0.7383333333333333 0.7175 0.11666666666666667 0.355
3 0.8833333333333333 0.6775 0.06 0.305
3 0.11833333333333333 0.63 0.18333333333333332 0.35
3 0.6133333333333333 0.375 0.26 0.43
3 0.6266666666666667 0.73 0.14666666666666667 0.33
3 0.4683333333333333 0.72 0.17 0.35
