3 0.7098976109215017 0.36 0.10921501706484642 0.27
3 0.7508532423208191 0.6425 0.08873720136518772 0.225
3 0.4539249146757679 0.67 0.10238907849829351 0.22
3 0.8720136518771331 0.3525 0.051194539249146756 0.235
3 0.2593856655290102 0.62 0.09556313993174062 0.21
3 0.5819112627986348 0.38 0.15358361774744028 0.29
3 0.10409556313993173 0.3125 0.03754266211604096 0.175
3 0.8139931740614335 0.615 0.08532423208191127 0.2
3 0.13139931740614336 0.515 0.08532423208191127 0.17
3 0.20477815699658702 0.3375 0.08191126279863481 0.235
3 0.1962457337883959 0.585 0.08532423208191127 0.2
3 0.5546075085324232 0.6725 0.10580204778156997 0.225
3 0.9112627986348123 0.34 0.04778156996587031 0.2
3 0.06996587030716724 0.295 0.04436860068259386 0.13
3 0.8822525597269625 0.5375 0.08532423208191127 0.135
3 0.6569965870307167 0.6675 0.10580204778156997 0.225
3 0.3532423208191126 0.66 0.10580204778156997 0.22
3 0.4249146757679181 0.3775 0.16040955631399317 0.285
3 0.1621160409556314 0.545 0.07167235494880546 0.19
3 0.8600682593856656 0.57 0.08191126279863481 0.17
3 0.2986348122866894 0.3525 0.10580204778156997 0.255
3 0.13993174061433447 0.3125 0.05460750853242321 0.195
3 0.8088737201365188 0.3575 0.09556313993174062 0.265
