3 0.7912087912087912 0.6135135135135135 0.06593406593406594 0.14594594594594595
3 0.5238095238095238 0.43243243243243246 0.12454212454212454 0.24864864864864866
3 0.2875457875457875 0.43513513513513513 0.12087912087912088 0.1891891891891892
3 0.6501831501831502 0.6351351351351351 0.08424908424908426 0.14594594594594595
3 0.8315018315018315 0.41621621621621624 0.06593406593406594 0.20540540540540542
3 0.5586080586080586 0.6270270270270271 0.10622710622710622 0.20540540540540542
3 0.4065934065934066 0.42702702702702705 0.11721611721611722 0.23783783783783785
3 0.19230769230769232 0.42702702702702705 0.08424908424908426 0.17297297297297298
3 0.2326007326007326 0.5459459459459459 0.1282051282051282 0.15135135135135136
3 0.15567765567765568 0.5243243243243243 0.07692307692307693 0.14054054054054055
3 0.33516483516483514 0.6108108108108108 0.12087912087912088 0.21621621621621623
3 0.45054945054945056 0.6135135135135135 0.10989010989010989 0.22162162162162163
3 0.6538461538461539 0.43513513513513513 0.13553113553113552 0.25405405405405407
3 0.7655677655677655 0.4297297297297297 0.10256410256410256 0.24324324324324326
3 0.7289377289377289 0.6189189189189189 0.08058608058608059 0.13513513513513514
