0 0.1935897435897436 0.6730769230769231 0.05897435897435897 0.17692307692307693
3 0.10512820512820513 0.49615384615384617 0.15897435897435896 0.3230769230769231
3 0.5961538461538461 0.3269230769230769 0.19230769230769232 0.33076923076923076
3 0.17564102564102563 0.3769230769230769 0.13076923076923078 0.3153846153846154
0 0.019230769230769232 0.8480769230769231 0.01282051282051282 0.026923076923076925
0 0.11025641025641025 0.5423076923076923 0.11282051282051282 0.16923076923076924
3 0.732051282051282 0.33076923076923076 0.12564102564102564 0.3153846153846154
3 0.8320512820512821 0.3326923076923077 0.14102564102564102 0.35
3 0.8807692307692307 0.75 0.06923076923076923 0.2153846153846154
3 0.9512820512820512 0.4519230769230769 0.09230769230769231 0.28076923076923077
3 0.6987179487179487 0.6807692307692308 0.09487179487179487 0.2846153846153846
3 0.48717948717948717 0.6519230769230769 0.12307692307692308 0.2653846153846154
3 0.2692307692307692 0.6730769230769231 0.1282051282051282 0.3076923076923077
0 0.2935897435897436 0.4326923076923077 0.017948717948717947 0.04230769230769231
0 0.06538461538461539 0.7673076923076924 0.04358974358974359 0.08076923076923077
0 0.9294871794871795 0.5076923076923077 0.04358974358974359 0.14615384615384616
3 0.7935897435897435 0.7057692307692308 0.13076923076923078 0.3346153846153846
3 0.06282051282051282 0.7942307692307692 0.10512820512820513 0.19615384615384615
3 0.6064102564102564 0.6519230769230769 0.12051282051282051 0.25
0 0.046153846153846156 0.8134615384615385 0.02564102564102564 0.026923076923076925
0 0.6628205128205128 0.6230769230769231 0.017948717948717947 0.07692307692307693
0 0.07179487179487179 0.38269230769230766 0.09230769230769231 0.09615384615384616
0 0.6012820512820513 0.7596153846153846 0.028205128205128206 0.011538461538461539
3 0.16666666666666666 0.7211538461538461 0.11282051282051282 0.28846153846153844
0 0.7474358974358974 0.6692307692307692 0.017948717948717947 0.023076923076923078
3 0.2641025641025641 0.3596153846153846 0.1282051282051282 0.28846153846153844
3 0.37435897435897436 0.6519230769230769 0.1076923076923077 0.27307692307692305
3 0.8897435897435897 0.4480769230769231 0.09743589743589744 0.23461538461538461
3 0.41025641025641024 0.33076923076923076 0.1794871794871795 0.3230769230769231
0 0.5487179487179488 0.6153846153846154 0.015384615384615385 0.06923076923076923
0 0.041025641025641026 0.8403846153846154 0.020512820512820513 0.026923076923076925
