3 0.33992554676593767 0.4171465131158029 0.6407631456491392 0.7024952015355086
0 0.5234993020009306 0.5774152271273193 0.01209865053513262 0.028790786948176585
0 0.6181945090739879 0.3397312859884837 0.025593299208934387 0.008957133717210493
0 0.15006979990693345 0.1276391554702495 0.010702652396463471 0.008317338451695458
0 0.12563983248022337 0.09884836852207293 0.018613308515588647 0.01215611004478567
0 0.20241973010702652 0.08797184900831734 0.0316426244765007 0.01471529110684581
0 0.4422987436016752 0.31285988483685223 0.005118659841786877 0.012795905310300703
0 0.4827826896230805 0.653230966090851 0.027454630060493253 0.053742802303262956
0 0.5839925546765937 0.33941138835572615 0.025127966496044672 0.009596928982725527
0 0.5248953001395998 0.3048624440179143 0.005583992554676594 0.004478566858605247
0 0.1226151698464402 0.14075495841330773 0.029315960912052116 0.019193857965451054
0 0.06119125174499768 0.34420985284708894 0.008841321544904607 0.020473448496481125
0 0.47487203350395535 0.27543186180422263 0.003257328990228013 0.013435700575815739
0 0.4255467659376454 0.34804862444017914 0.01907864122847836 0.019193857965451054
0 0.44974406700791064 0.2821497120921305 0.00604932526756631 0.03326935380678183
0 0.450907398790135 0.6417146513115803 0.0037226617031177293 0.005118362124120281
0 0.18031642624476502 0.07965451055662189 0.004187994416007445 0.004478566858605247
1 0.4778966961377385 0.500639795265515 0.34434620753838996 0.362763915547025
0 0.1630991158678455 0.10684580934101087 0.025593299208934387 0.017914267434420986
0 0.745928338762215 0.580934101087652 0.007445323406235459 0.003838771593090211
0 0.7349930200093067 0.6289187460012796 0.013494648673801768 0.017914267434420986
0 0.28013029315960913 0.3723608445297505 0.0037226617031177293 0.016634676903390915
0 0.7610516519311308 0.5860524632117722 0.00604932526756631 0.005118362124120281
0 0.8231735691019079 0.6266794625719769 0.014890646812470917 0.022392834293026232
0 0.1593764541647278 0.3666026871401152 0.08794788273615635 0.06269993602047345
0 0.06305258259655654 0.30134357005758156 0.011633317822242903 0.014075495841330775
3 0.9504420660772452 0.5719769673704415 0.09818520241973011 0.4504158669225848
3 0.780362959516054 0.5703774792066538 0.247557003257329 0.472808701215611
3 0.15844578873894835 0.34420985284708894 0.27780362959516053 0.5566218809980806
0 0.5630525825965566 0.354126679462572 0.007445323406235459 0.005758157389635317
0 0.285248953001396 0.3618042226487524 0.01675197766402978 0.060780550223928344
0 0.4676593764541647 0.7069737683941139 0.006514657980456026 0.019193857965451054
0 0.5025593299208935 0.5435060780550224 0.013029315960912053 0.01727447216890595
