3 0.1968954248366013 0.6929223744292238 0.17483660130718953 0.22602739726027396
3 0.23774509803921567 0.5365296803652968 0.1454248366013072 0.1689497716894977
0 0.1323529411764706 0.6837899543378996 0.016339869281045753 0.01141552511415525
3 0.5661764705882353 0.1278538812785388 0.15196078431372548 0.1735159817351598
3 0.8006535947712419 0.5753424657534246 0.1503267973856209 0.1506849315068493
0 0.11683006535947713 0.8595890410958904 0.04084967320261438 0.03881278538812785
3 0.14133986928104575 0.8527397260273972 0.1781045751633987 0.23515981735159816
0 0.20098039215686275 0.6917808219178082 0.058823529411764705 0.0502283105022831
0 0.8308823529411765 0.8139269406392694 0.004901960784313725 0.01141552511415525
3 0.8104575163398693 0.7340182648401826 0.16993464052287582 0.21232876712328766
0 0.8439542483660131 0.7408675799086758 0.011437908496732025 0.01598173515981735
3 0.27450980392156865 0.3915525114155251 0.15359477124183007 0.18036529680365296
3 0.7459150326797386 0.4360730593607306 0.15849673202614378 0.1689497716894977
0 0.7450980392156863 0.7168949771689498 0.026143790849673203 0.0319634703196347
0 0.17647058823529413 0.6678082191780822 0.0196078431372549 0.05251141552511415
3 0.2589869281045752 0.228310502283105 0.12581699346405228 0.1506849315068493
0 0.16666666666666666 0.6084474885844748 0.006535947712418301 0.00684931506849315
3 0.434640522875817 0.14383561643835616 0.14052287581699346 0.1963470319634703
3 0.7549019607843137 0.2579908675799087 0.13398692810457516 0.1872146118721461
3 0.8700980392156863 0.8858447488584474 0.1781045751633987 0.2237442922374429
3 0.6715686274509803 0.1906392694063927 0.12418300653594772 0.15296803652968036
0 0.27450980392156865 0.678082191780822 0.016339869281045753 0.0502283105022831
3 0.3700980392156863 0.2557077625570776 0.12254901960784313 0.1461187214611872
0 0.7998366013071896 0.5958904109589042 0.017973856209150325 0.0182648401826484
