0 0.21146245059288538 0.5706896551724138 0.019762845849802372 0.04482758620689655
0 0.44565217391304346 0.8206896551724138 0.07312252964426877 0.1310344827586207
3 0.8142292490118577 0.5 0.17391304347826086 0.36551724137931035
3 0.3092885375494071 0.603448275862069 0.17193675889328064 0.3793103448275862
3 0.47035573122529645 0.6482758620689655 0.1857707509881423 0.4689655172413793
0 0.116600790513834 0.7068965517241379 0.07114624505928854 0.034482758620689655
3 0.15019762845849802 0.5206896551724138 0.2766798418972332 0.38620689655172413
3 0.6551383399209486 0.5724137931034483 0.191699604743083 0.4689655172413793
3 0.9337944664031621 0.3758620689655172 0.12845849802371542 0.3724137931034483
1 0.4614624505928854 0.8 0.12450592885375494 0.1724137931034483
