3 0.2603125 0.7580213903743316 0.191875 0.2540106951871658
3 0.811875 0.6617647058823529 0.125 0.18092691622103388
3 0.4946875 0.8707664884135472 0.101875 0.1443850267379679
3 0.1325 0.3270944741532977 0.18 0.2531194295900178
3 0.8625 0.3137254901960784 0.1825 0.26916221033868093
3 0.2253125 0.714795008912656 0.121875 0.16755793226381463
3 0.306875 0.7789661319073083 0.285 0.29590017825311943
3 0.590625 0.8725490196078431 0.1 0.14260249554367202
3 0.755 0.7829768270944741 0.11375 0.16310160427807488
3 0.1953125 0.5280748663101604 0.154375 0.2415329768270945
3 0.6784375 0.8431372549019608 0.105625 0.13903743315508021
3 0.8378125 0.5129233511586453 0.124375 0.16666666666666666
