3 0.7753333333333333 0.6305609284332688 0.14 0.22823984526112184
3 0.43733333333333335 0.8636363636363636 0.10666666666666667 0.1450676982591876
3 0.5406666666666666 0.8578336557059961 0.108 0.16827852998065765
3 0.10866666666666666 0.16731141199226304 0.204 0.29206963249516443
3 0.222 0.6141199226305609 0.13733333333333334 0.24177949709864605
3 0.83 0.41102514506769827 0.17466666666666666 0.25338491295938104
3 0.8933333333333333 0.1644100580270793 0.20533333333333334 0.2901353965183752
3 0.3473333333333333 0.8278529980657641 0.116 0.13539651837524178
3 0.6333333333333333 0.8375241779497099 0.11466666666666667 0.15087040618955513
3 0.7006666666666667 0.7408123791102514 0.108 0.18181818181818182
3 0.16 0.40618955512572535 0.17333333333333334 0.2514506769825919
3 0.2733333333333333 0.781431334622824 0.072 0.13152804642166344
