0 0.34430379746835443 0.45825426944971537 0.02278481012658228 0.0967741935483871
0 0.5702531645569621 0.4620493358633776 0.11265822784810127 0.1461100569259962
0 0.4670886075949367 0.5464895635673624 0.03291139240506329 0.07210626185958255
0 0.46392405063291137 0.3557874762808349 0.07721518987341772 0.1157495256166983
0 0.22341772151898734 0.5132827324478179 0.016455696202531647 0.03225806451612903
3 0.13670886075949368 0.5009487666034156 0.26329113924050634 0.428842504743833
3 0.8373417721518988 0.4857685009487666 0.3227848101265823 0.5047438330170778
3 0.4740506329113924 0.4857685009487666 0.42658227848101266 0.573055028462998
0 0.19367088607594937 0.4506641366223909 0.012658227848101266 0.017077798861480076
1 0.47025316455696203 0.46110056925996207 0.31265822784810127 0.3415559772296015
1 0.839873417721519 0.4876660341555977 0.29240506329113924 0.2998102466793169
