3 0.476875 0.46 0.19625 0.22333333333333333
1 0.489375 0.46 0.06875 0.09333333333333334
0 0.505625 0.4091666666666667 0.00625 0.008333333333333333
3 0.285 0.08 0.1325 0.16
3 0.41375 0.08916666666666667 0.1525 0.17833333333333334
0 0.629375 0.8933333333333333 0.11125 0.21
3 0.614375 0.8808333333333334 0.20625 0.235
0 0.480625 0.4633333333333333 0.05125 0.08333333333333333
3 0.43125 0.27416666666666667 0.195 0.21166666666666667
0 0.41875 0.25333333333333335 0.005 0.016666666666666666
3 0.52875 0.6908333333333333 0.225 0.325
