0 0.5546875 0.5810546875 0.028645833333333332 0.037109375
0 0.376953125 0.7314453125 0.022135416666666668 0.119140625
3 0.9264322916666666 0.412109375 0.14453125 0.52734375
3 0.7591145833333334 0.5009765625 0.2760416666666667 0.568359375
0 0.24283854166666666 0.4912109375 0.02734375 0.013671875
0 0.3450520833333333 0.5478515625 0.08072916666666667 0.177734375
0 0.4290364583333333 0.3935546875 0.061197916666666664 0.123046875
1 0.3671875 0.5126953125 0.2734375 0.373046875
3 0.4069010416666667 0.5615234375 0.4544270833333333 0.712890625
0 0.5364583333333334 0.4462890625 0.020833333333333332 0.021484375
