1 0.526875 0.38084632516703787 0.10375 0.2182628062360802
3 0.7375 0.44988864142538976 0.1925 0.39643652561247217
3 0.545625 0.38752783964365256 0.14125 0.39198218262806234
0 0.01125 0.6347438752783965 0.0075 0.044543429844097995
3 0.901875 0.5734966592427617 0.17375 0.3051224944320713
0 0.0675 0.4576837416481069 0.1325 0.16258351893095768
0 0.5575 0.388641425389755 0.04 0.19821826280623608
3 0.365 0.38084632516703787 0.1725 0.4053452115812918
0 0.013125 0.5501113585746102 0.01375 0.062360801781737196
3 0.095 0.49443207126948774 0.19 0.46325167037861914
