0 0.5310015898251192 0.6233624454148472 0.019077901430842606 0.015283842794759825
3 0.7829888712241654 0.5578602620087336 0.35453100158982515 0.46943231441048033
0 0.143879173290938 0.6975982532751092 0.0047694753577106515 0.006550218340611353
0 0.24562798092209856 0.6244541484716157 0.00794912559618442 0.013100436681222707
3 0.48171701112877585 0.5993449781659389 0.31160572337042924 0.5436681222707423
0 0.08823529411764706 0.6517467248908297 0.0047694753577106515 0.010917030567685589
0 0.27106518282988873 0.7117903930131004 0.02066772655007949 0.008733624454148471
0 0.4467408585055644 0.4410480349344978 0.006359300476947536 0.008733624454148471
0 0.16772655007949125 0.6299126637554585 0.06836248012718601 0.03275109170305677
0 0.9562798092209857 0.2685589519650655 0.02384737678855326 0.013100436681222707
0 0.23370429252782193 0.6823144104803494 0.025437201907790145 0.028384279475982533
0 0.3251192368839428 0.6342794759825328 0.014308426073131956 0.03711790393013101
3 0.17965023847376788 0.6266375545851528 0.3179650238473768 0.537117903930131
3 0.9205087440381559 0.37554585152838427 0.15580286168521462 0.4017467248908297
