0 0.9231770833333334 0.7848722986247544 0.005208333333333333 0.01768172888015717
3 0.3815104166666667 0.5 0.21614583333333334 0.4066797642436149
3 0.8157552083333334 0.5471512770137524 0.22526041666666666 0.3516699410609037
0 0.11848958333333333 0.49705304518664045 0.005208333333333333 0.003929273084479371
0 0.10221354166666667 0.48919449901768175 0.016927083333333332 0.015717092337917484
0 0.09309895833333333 0.45579567779960706 0.006510416666666667 0.015717092337917484
3 0.13932291666666666 0.5176817288801572 0.2786458333333333 0.49705304518664045
1 0.080078125 0.611984282907662 0.16015625 0.26129666011787817
0 0.205078125 0.4518664047151277 0.01171875 0.0275049115913556
0 0.048828125 0.6974459724950884 0.006510416666666667 0.011787819253438114
3 0.5970052083333334 0.5117878192534381 0.22005208333333334 0.4223968565815324
3 0.9361979166666666 0.7003929273084479 0.125 0.3005893909626719
