3 0.6628125 0.5111111111111111 0.388125 0.6311111111111111
3 0.281875 0.47888888888888886 0.385 0.6155555555555555
1 0.66 0.5333333333333333 0.35 0.3244444444444444
1 0.311875 0.5644444444444444 0.325 0.38666666666666666
0 0.7059375 0.4533333333333333 0.003125 0.006666666666666667
0 0.7015625 0.45222222222222225 0.001875 0.006666666666666667
1 0.28 0.37444444444444447 0.03875 0.08888888888888889
3 0.9125 0.5527777777777778 0.17375 0.4988888888888889
1 0.713125 0.335 0.1175 0.13666666666666666
0 0.773125 0.49277777777777776 0.01125 0.027777777777777776
0 0.623125 0.5605555555555556 0.12625 0.25
0 0.745625 0.5538888888888889 0.04125 0.06777777777777778
