3 0.5208333333333334 0.588957055214724 0.14351851851851852 0.3312883435582822
3 0.6707175925925926 0.33640081799591004 0.17939814814814814 0.37014314928425357
3 0.7806712962962963 0.6094069529652352 0.13078703703703703 0.24948875255623723
0 0.84375 0.6339468302658486 0.018518518518518517 0.0408997955010225
0 0.5931712962962963 0.37321063394683024 0.010416666666666666 0.018404907975460124
3 0.35358796296296297 0.29141104294478526 0.15162037037037038 0.3210633946830266
0 0.5954861111111112 0.3445807770961145 0.005787037037037037 0.014314928425357873
3 0.5081018518518519 0.30265848670756645 0.16898148148148148 0.3803680981595092
3 0.8987268518518519 0.6012269938650306 0.11921296296296297 0.2167689161554192
3 0.8611111111111112 0.3773006134969325 0.21296296296296297 0.3619631901840491
0 0.9785879629629629 0.3374233128834356 0.04050925925925926 0.07770961145194274
3 0.9745370370370371 0.3936605316973415 0.04861111111111111 0.2310838445807771
3 0.6504629629629629 0.5991820040899796 0.13425925925925927 0.25357873210633947
0 0.6741898148148148 0.5797546012269938 0.003472222222222222 0.014314928425357873
1 0.6620370370370371 0.4325153374233129 0.07407407407407407 0.1411042944785276
0 0.6655092592592593 0.3997955010224949 0.05787037037037037 0.07157464212678936
