3 0.6245833333333334 0.5932415519399249 0.14583333333333334 0.4005006257822278
3 0.9329166666666666 0.5682102628285357 0.1325 0.31539424280350437
0 0.5945833333333334 0.5569461827284106 0.009166666666666667 0.02002503128911139
3 0.23 0.5469336670838548 0.20666666666666667 0.26783479349186484
0 0.44708333333333333 0.5225281602002503 0.0275 0.011264080100125156
0 0.5941666666666666 0.6946182728410513 0.008333333333333333 0.015018773466833541
3 0.43041666666666667 0.5237797246558198 0.2125 0.4267834793491865
3 0.7654166666666666 0.5588235294117647 0.15083333333333335 0.4267834793491865
0 0.4175 0.6727158948685857 0.013333333333333334 0.058823529411764705
0 0.5558333333333333 0.672090112640801 0.006666666666666667 0.02252816020025031
