0 0.5806451612903226 0.4400386847195358 0.007741935483870968 0.005802707930367505
0 0.5606451612903226 0.5077369439071566 0.0064516129032258064 0.013539651837524178
0 0.535483870967742 0.4574468085106383 0.005161290322580645 0.009671179883945842
0 0.10516129032258065 0.4922630560928433 0.0064516129032258064 0.009671179883945842
0 0.7025806451612904 0.3181818181818182 0.01935483870967742 0.02127659574468085
0 0.5541935483870968 0.4526112185686654 0.04516129032258064 0.0851063829787234
0 0.6438709677419355 0.562862669245648 0.03354838709677419 0.1276595744680851
1 0.6348387096774194 0.44197292069632493 0.20903225806451614 0.3539651837524178
3 0.6238709677419355 0.4458413926499033 0.3006451612903226 0.39264990328820115
3 0.3258064516129032 0.4864603481624758 0.33161290322580644 0.4584139264990329
0 0.532258064516129 0.44777562862669246 0.003870967741935484 0.005802707930367505
0 0.7225806451612903 0.3104448742746615 0.01032258064516129 0.017408123791102514
0 0.5464516129032259 0.4912959381044487 0.00903225806451613 0.01160541586073501
3 0.08387096774193549 0.5319148936170213 0.16774193548387098 0.3597678916827853
0 0.6709677419354839 0.49032882011605416 0.007741935483870968 0.04061895551257253
0 0.6638709677419354 0.5464216634429401 0.01935483870967742 0.05609284332688588
