3 0.03671875 0.45416666666666666 0.0734375 0.3625
3 0.6 0.49583333333333335 0.3 0.4791666666666667
0 0.5109375 0.684375 0.028125 0.035416666666666666
0 0.540625 0.63125 0.05 0.0625
0 0.525 0.5145833333333333 0.09375 0.1875
0 0.503125 0.38645833333333335 0.078125 0.14791666666666667
1 0.51015625 0.5083333333333333 0.1265625 0.4041666666666667
1 0.12734375 0.3958333333333333 0.1359375 0.2875
0 0.1296875 0.41354166666666664 0.134375 0.23541666666666666
3 0.85078125 0.5010416666666667 0.2765625 0.3854166666666667
3 0.24296875 0.4666666666666667 0.3703125 0.4791666666666667
