0 0.4828125 0.3745704467353952 0.011458333333333333 0.01718213058419244
0 0.459375 0.4570446735395189 0.01875 0.044673539518900345
0 0.4557291666666667 0.37285223367697595 0.019791666666666666 0.020618556701030927
1 0.5244791666666667 0.5077319587628866 0.190625 0.3075601374570447
0 0.5286458333333334 0.40378006872852235 0.023958333333333335 0.03436426116838488
0 0.5614583333333333 0.5034364261168385 0.008333333333333333 0.037800687285223365
3 0.5640625 0.5042955326460481 0.28854166666666664 0.5996563573883161
0 0.43385416666666665 0.511168384879725 0.017708333333333333 0.05326460481099656
0 0.559375 0.5618556701030928 0.025 0.07216494845360824
0 0.5791666666666667 0.4106529209621993 0.027083333333333334 0.058419243986254296
0 0.5223958333333333 0.49140893470790376 0.009375 0.05154639175257732
0 0.5838541666666667 0.5034364261168385 0.005208333333333333 0.030927835051546393
0 0.45625 0.5713058419243986 0.03125 0.14261168384879724
3 0.8427083333333333 0.5489690721649485 0.28541666666666665 0.5859106529209622
3 0.21822916666666667 0.5738831615120275 0.43645833333333334 0.7731958762886598
0 0.4375 0.42010309278350516 0.014583333333333334 0.03264604810996564
