3 0.8639208389715832 0.33732737611697805 0.06038565629228687 0.24654752233956134
3 0.2750338294993234 0.37916328188464665 0.08457374830852503 0.2538586515028432
3 0.503213802435724 0.5615353371242892 0.08728010825439783 0.2806661251015435
3 0.6669485791610285 0.5727051177904143 0.08728010825439783 0.24289195775792038
3 0.36273680649526385 0.3539805036555646 0.09759810554803788 0.252233956133225
3 0.9018944519621109 0.36921202274573517 0.04533152909336942 0.2258326563769293
3 0.45889715832205685 0.32778229082047117 0.10554803788903924 0.2688870836718115
3 0.26175575101488496 0.5525995125913891 0.07560893098782138 0.1653127538586515
3 0.2083897158322057 0.41551584077985376 0.05987821380243572 0.17140536149471974
3 0.7423883626522327 0.5509748172217709 0.07746955345060894 0.29041429731925267
3 0.8575778078484438 0.5473192526401299 0.05548037889039242 0.23923639317627945
3 0.41711772665764546 0.5670186839967506 0.09336941813261164 0.3192526401299756
3 0.7988836265223275 0.3188464662875711 0.07814614343707713 0.25751421608448416
3 0.8034506089309879 0.5700649878147848 0.06664411366711773 0.27741673436230707
3 0.699255751014885 0.30564581640942323 0.12686062246278756 0.3521527213647441
3 0.3268775372124493 0.5684402924451666 0.09083220568335588 0.2725426482534525
3 0.572648849797023 0.3194557270511779 0.1348105548037889 0.32453290008123475
3 0.5882949932341002 0.5970755483346872 0.08525033829499323 0.23639317627944761
