3 0.6833333333333333 0.44666666666666666 0.08666666666666667 0.14666666666666667
3 0.9183333333333333 0.45111111111111113 0.03666666666666667 0.14666666666666667
3 0.20666666666666667 0.47555555555555556 0.11333333333333333 0.20444444444444446
3 0.7716666666666666 0.6511111111111111 0.10333333333333333 0.21777777777777776
3 0.30333333333333334 0.4622222222222222 0.08666666666666667 0.16
3 0.7066666666666667 0.6422222222222222 0.08666666666666667 0.2088888888888889
3 0.8333333333333334 0.6355555555555555 0.04 0.12444444444444444
3 0.22333333333333333 0.6377777777777778 0.1 0.2
3 0.775 0.4911111111111111 0.11666666666666667 0.23555555555555555
0 0.6833333333333333 0.41333333333333333 0.08666666666666667 0.08888888888888889
3 0.845 0.4866666666666667 0.03666666666666667 0.18222222222222223
3 0.125 0.48 0.07 0.16
3 0.45166666666666666 0.6644444444444444 0.09 0.17333333333333334
3 0.8866666666666667 0.4688888888888889 0.05333333333333334 0.16444444444444445
3 0.8766666666666667 0.6222222222222222 0.08 0.16
3 0.3 0.6466666666666666 0.10666666666666667 0.19111111111111112
3 0.06333333333333334 0.47333333333333333 0.06 0.16444444444444445
3 0.525 0.6311111111111111 0.10333333333333333 0.17777777777777778
3 0.3983333333333333 0.6222222222222222 0.11 0.18666666666666668
3 0.6183333333333333 0.6355555555555555 0.10333333333333333 0.20444444444444446
0 0.8666666666666667 0.5044444444444445 0.013333333333333334 0.057777777777777775
0 0.8316666666666667 0.52 0.0033333333333333335 0.02666666666666667
3 0.085 0.6222222222222222 0.056666666666666664 0.1688888888888889
3 0.14333333333333334 0.64 0.06 0.1688888888888889
