3 0.27207207207207207 0.49065420560747663 0.13333333333333333 0.3395638629283489
3 0.2594594594594595 0.7071651090342679 0.08648648648648649 0.1308411214953271
3 0.17117117117117117 0.4968847352024922 0.0936936936936937 0.2772585669781931
3 0.4702702702702703 0.6822429906542056 0.09009009009009009 0.2616822429906542
3 0.8864864864864865 0.6744548286604362 0.06846846846846846 0.17133956386292834
3 0.6684684684684684 0.7398753894080997 0.1045045045045045 0.1526479750778816
3 0.35405405405405405 0.7398753894080997 0.1063063063063063 0.1588785046728972
3 0.7486486486486487 0.5155763239875389 0.11711711711711711 0.3146417445482866
3 0.7495495495495496 0.7336448598130841 0.06846846846846846 0.14018691588785046
3 0.18558558558558558 0.6838006230529595 0.07567567567567568 0.14018691588785046
3 0.4009009009009009 0.5311526479750779 0.18198198198198198 0.37694704049844235
3 0.8252252252252252 0.4672897196261682 0.08288288288288288 0.2803738317757009
3 0.6171171171171171 0.543613707165109 0.1891891891891892 0.37694704049844235
0 0.5693693693693693 0.43457943925233644 0.0936936936936937 0.1588785046728972
0 0.809009009009009 0.67601246105919 0.05045045045045045 0.11838006230529595
3 0.5612612612612613 0.7040498442367601 0.0918918918918919 0.23052959501557632
3 0.8189189189189189 0.6744548286604362 0.07027027027027027 0.14018691588785046
