3 0.6990909090909091 0.4201909959072306 0.11090909090909092 0.2019099590723056
3 0.5604545454545454 0.26125511596180084 0.10454545454545454 0.20054570259208732
3 0.4681818181818182 0.3083219645293315 0.10727272727272727 0.19099590723055934
3 0.8627272727272727 0.3635743519781719 0.06545454545454546 0.15688949522510232
0 0.4318181818181818 0.5491132332878581 0.02727272727272727 0.06684856753069578
3 0.785 0.37244201909959074 0.09727272727272727 0.1937244201909959
3 0.6068181818181818 0.4870395634379263 0.10818181818181818 0.2100954979536153
3 0.5009090909090909 0.5163710777626194 0.10363636363636364 0.22783083219645292
3 0.34136363636363637 0.32060027285129605 0.15545454545454546 0.24829467939972716
3 0.3659090909090909 0.572305593451569 0.12454545454545454 0.13233287858117326
3 0.22272727272727272 0.5225102319236017 0.13454545454545455 0.16916780354706684
0 0.38272727272727275 0.3519781718963165 0.07272727272727272 0.09004092769440655
