3 0.8815 0.671448087431694 0.235 0.4385245901639344
3 0.421 0.4672131147540984 0.382 0.5355191256830601
0 0.492 0.4583333333333333 0.056 0.031420765027322405
0 0.042 0.3592896174863388 0.006 0.02459016393442623
3 0.1575 0.3797814207650273 0.315 0.5218579234972678
0 0.333 0.44398907103825136 0.046 0.0546448087431694
0 0.471 0.4248633879781421 0.006 0.00819672131147541
0 0.354 0.5163934426229508 0.018 0.02459016393442623
0 0.427 0.3531420765027322 0.03 0.16256830601092895
0 0.6605 0.537568306010929 0.007 0.009562841530054645
0 0.646 0.5437158469945356 0.006 0.00819672131147541
0 0.6875 0.5437158469945356 0.025 0.01092896174863388
3 0.6865 0.5355191256830601 0.227 0.40710382513661203
