3 0.42475 0.5932075471698113 0.2285 0.46641509433962264
3 0.64275 0.5883018867924529 0.2315 0.3237735849056604
1 0.42275 0.5845283018867925 0.2245 0.24377358490566037
3 0.19875 0.5724528301886792 0.2345 0.4294339622641509
3 0.825 0.4739622641509434 0.233 0.26716981132075474
3 0.92125 0.28830188679245283 0.1565 0.35924528301886793
2 0.49225 0.6313207547169811 0.0535 0.07471698113207548
3 0.39 0.5124528301886793 0.092 0.09358490566037736
0 0.24125 0.5713207547169812 0.0385 0.06792452830188679
3 0.36975 0.6192452830188679 0.0715 0.14415094339622642
