3 0.3346354166666667 0.546875 0.17708333333333334 0.3671875
0 0.17415364583333334 0.48046875 0.060546875 0.064453125
0 0.8362630208333334 0.35546875 0.039713541666666664 0.048828125
0 0.2610677083333333 0.54736328125 0.014322916666666666 0.0126953125
1 0.3310546875 0.52294921875 0.15950520833333334 0.1943359375
0 0.3264973958333333 0.455078125 0.012369791666666666 0.021484375
1 0.2574869791666667 0.50146484375 0.017578125 0.0712890625
1 0.8792317708333334 0.6767578125 0.041015625 0.0390625
0 0.3072916666666667 0.49267578125 0.0234375 0.0791015625
0 0.2962239583333333 0.43408203125 0.013020833333333334 0.0107421875
1 0.5813802083333334 0.5380859375 0.23828125 0.41796875
1 0.8131510416666666 0.5146484375 0.2513020833333333 0.40234375
3 0.1806640625 0.4619140625 0.201171875 0.375
0 0.6233723958333334 0.55712890625 0.06966145833333333 0.0849609375
3 0.8024088541666666 0.5166015625 0.2766927083333333 0.44921875
3 0.564453125 0.52880859375 0.2890625 0.4677734375
0 0.7174479166666666 0.54833984375 0.046875 0.1474609375
0 0.9069010416666666 0.494140625 0.03125 0.125
