3 0.04345703125 0.5161054172767203 0.0869140625 0.3396778916544656
1 0.58056640625 0.5391654465592972 0.2421875 0.41215226939970717
0 0.722900390625 0.5472181551976574 0.05224609375 0.1486090775988287
1 0.812744140625 0.5142752562225475 0.24755859375 0.41947291361639827
0 0.175048828125 0.48060029282576866 0.05712890625 0.06661786237188873
0 0.26123046875 0.5457540263543191 0.0166015625 0.012445095168374817
3 0.334716796875 0.5461200585651538 0.17529296875 0.3645680819912152
1 0.336181640625 0.5197657393850659 0.17041015625 0.19619326500732065
0 0.62353515625 0.5611273792093704 0.0703125 0.08125915080527087
0 0.749755859375 0.5197657393850659 0.01318359375 0.03074670571010249
0 0.835205078125 0.34992679355783307 0.04736328125 0.040995607613469986
0 0.906005859375 0.5007320644216691 0.02978515625 0.1054172767203514
3 0.181640625 0.4630307467057101 0.1982421875 0.369692532942899
3 0.80078125 0.5186676427525623 0.275390625 0.44875549048316254
0 0.29833984375 0.4341142020497804 0.017578125 0.01171303074670571
0 0.87841796875 0.6775256222547584 0.041015625 0.04319180087847731
3 0.562744140625 0.5333089311859444 0.28076171875 0.45314787701317716
0 0.328369140625 0.45168374816983897 0.01513671875 0.029282576866764276
