0 0.3662420382165605 0.3376383763837638 0.1040339702760085 0.1881918819188192
0 0.6358811040339702 0.3062730627306273 0.040339702760084924 0.11070110701107011
3 0.5658174097664543 0.43726937269372695 0.18046709129511676 0.4022140221402214
3 0.39065817409766457 0.4188191881918819 0.18683651804670912 0.35793357933579334
3 0.9490445859872612 0.1918819188191882 0.09766454352441614 0.28044280442804426
0 0.7887473460721869 0.36531365313653136 0.11252653927813164 0.3173431734317343
3 0.881104033970276 0.3284132841328413 0.08492569002123142 0.23616236162361623
3 0.7590233545647559 0.3025830258302583 0.05732484076433121 0.1992619926199262
3 0.262208067940552 0.6845018450184502 0.11252653927813164 0.2988929889298893
3 0.37791932059447986 0.7656826568265682 0.12314225053078556 0.36531365313653136
3 0.2515923566878981 0.34317343173431736 0.12101910828025478 0.42066420664206644
0 0.26857749469214437 0.24723247232472326 0.02335456475583864 0.02952029520295203
3 0.7261146496815286 0.6808118081180812 0.13588110403397027 0.41697416974169743
3 0.9278131634819533 0.45387453874538747 0.11464968152866242 0.3025830258302583
3 0.8407643312101911 0.5719557195571956 0.13588110403397027 0.2878228782287823
3 0.15817409766454352 0.5682656826568265 0.10828025477707007 0.3173431734317343
0 0.6889596602972399 0.3210332103321033 0.05307855626326964 0.13284132841328414
3 0.09341825902335456 0.511070110701107 0.09341825902335456 0.2177121771217712
3 0.6825902335456475 0.41697416974169743 0.12526539278131635 0.33948339483394835
