0 0.3105263157894737 0.73828125 0.02631578947368421 0.0171875
0 0.2881578947368421 0.79453125 0.013157894736842105 0.0421875
3 0.7973684210526316 0.21875 0.21228070175438596 0.43125
0 0.8074561403508772 0.209375 0.04649122807017544 0.053125
3 0.25701754385964914 0.6828125 0.20350877192982456 0.33125
3 0.4026315789473684 0.45234375 0.21929824561403508 0.3765625
3 0.18289473684210528 0.8859375 0.2026315789473684 0.225
0 0.6346491228070176 0.35546875 0.034210526315789476 0.0671875
3 0.6 0.3578125 0.21754385964912282 0.471875
0 0.575 0.3703125 0.03245614035087719 0.04375
