3 0.23208333333333334 0.6190773067331671 0.09583333333333334 0.15835411471321695
3 0.2975 0.6346633416458853 0.075 0.16957605985037408
3 0.85625 0.4470074812967581 0.0675 0.1433915211970075
3 0.7458333333333333 0.6134663341645885 0.08 0.22194513715710723
3 0.355 0.6365336658354115 0.06833333333333333 0.20324189526184538
3 0.80375 0.4114713216957606 0.07416666666666667 0.2194513715710723
3 0.71875 0.4014962593516209 0.1075 0.20448877805486285
3 0.6016666666666667 0.4233167082294264 0.13333333333333333 0.29052369077306733
3 0.6725 0.6165835411471322 0.08666666666666667 0.20074812967581046
3 0.2920833333333333 0.4463840399002494 0.0875 0.23940149625935161
1 0.6045833333333334 0.3092269326683292 0.0775 0.06234413965087282
3 0.50625 0.6334164588528678 0.0825 0.20947630922693267
3 0.36541666666666667 0.4233167082294264 0.08916666666666667 0.24064837905236908
2 0.4716666666666667 0.42581047381546133 0.12333333333333334 0.1708229426433915
3 0.4708333333333333 0.39214463840399 0.125 0.23815461346633415
3 0.23875 0.4756857855361596 0.06916666666666667 0.1658354114713217
3 0.5883333333333334 0.6471321695760599 0.08 0.1745635910224439
3 0.42291666666666666 0.6377805486284289 0.08916666666666667 0.2231920199501247
3 0.8054166666666667 0.587281795511222 0.07083333333333333 0.14713216957605985
