0 0.7802734375 0.318359375 0.00390625 0.01171875
0 0.0751953125 0.169921875 0.013671875 0.01953125
0 0.8779296875 0.2421875 0.037109375 0.033854166666666664
0 0.64794921875 0.5162760416666666 0.1162109375 0.11588541666666667
3 0.18896484375 0.4446614583333333 0.3759765625 0.71484375
1 0.60595703125 0.490234375 0.4404296875 0.36328125
1 0.32177734375 0.4225260416666667 0.1103515625 0.21223958333333334
3 0.67138671875 0.494140625 0.6142578125 0.82421875
0 0.7978515625 0.3932291666666667 0.013671875 0.018229166666666668
0 0.64013671875 0.2591145833333333 0.0126953125 0.015625
0 0.7880859375 0.3489583333333333 0.015625 0.03125
0 0.82177734375 0.4114583333333333 0.0107421875 0.013020833333333334
0 0.7607421875 0.22135416666666666 0.017578125 0.06510416666666667
