3 0.08333333333333333 0.7593582887700535 0.10740740740740741 0.16042780748663102
3 0.13333333333333333 0.8128342245989305 0.05925925925925926 0.10695187165775401
3 0.42777777777777776 0.17379679144385027 0.05555555555555555 0.11229946524064172
3 0.4722222222222222 0.7112299465240641 0.07037037037037037 0.06417112299465241
3 0.17222222222222222 0.2620320855614973 0.07777777777777778 0.12834224598930483
0 0.08333333333333333 0.7299465240641712 0.04814814814814815 0.058823529411764705
0 0.4703703703703704 0.5775401069518716 0.044444444444444446 0.053475935828877004
3 0.4777777777777778 0.6550802139037433 0.07407407407407407 0.08021390374331551
3 0.17037037037037037 0.8262032085561497 0.05185185185185185 0.10160427807486631
3 0.2222222222222222 0.8235294117647058 0.05925925925925926 0.0748663101604278
3 0.25925925925925924 0.24331550802139038 0.11851851851851852 0.12299465240641712
3 0.48333333333333334 0.5935828877005348 0.09259259259259259 0.13903743315508021
3 0.3611111111111111 0.20588235294117646 0.10740740740740741 0.11229946524064172
