3 0.38166666666666665 0.53875 0.09 0.1925
3 0.31833333333333336 0.5225 0.07333333333333333 0.22
0 0.2125 0.335 0.058333333333333334 0.075
3 0.7341666666666666 0.58125 0.06166666666666667 0.1375
3 0.25416666666666665 0.575 0.06833333333333333 0.145
3 0.6783333333333333 0.56375 0.056666666666666664 0.1375
3 0.805 0.54 0.06666666666666667 0.11
3 0.6208333333333333 0.57 0.10166666666666667 0.2
3 0.6825 0.415 0.11166666666666666 0.185
3 0.46166666666666667 0.57125 0.08666666666666667 0.1625
3 0.43916666666666665 0.40625 0.135 0.2025
3 0.5458333333333333 0.56625 0.085 0.1725
3 0.7483333333333333 0.42125 0.07 0.2275
0 0.5233333333333333 0.37 0.023333333333333334 0.09
0 0.8108333333333333 0.3875 0.021666666666666667 0.02
0 0.6183333333333333 0.65 0.013333333333333334 0.02
3 0.7975 0.4275 0.055 0.115
3 0.5708333333333333 0.40625 0.12833333333333333 0.2025
3 0.775 0.5525 0.05333333333333334 0.125
3 0.22333333333333333 0.43 0.1 0.265
0 0.39 0.355 0.023333333333333334 0.07
0 0.4841666666666667 0.3675 0.008333333333333333 0.02
