1 0.2820121951219512 0.4611280487804878 0.3384146341463415 0.4679878048780488
0 0.7916666666666666 0.4344512195121951 0.008130081300813009 0.009146341463414634
1 0.728150406504065 0.5625 0.14735772357723578 0.3048780487804878
3 0.6854674796747967 0.4794207317073171 0.47459349593495936 0.6448170731707317
0 0.10721544715447154 0.4794207317073171 0.019308943089430895 0.022865853658536585
0 0.758130081300813 0.45198170731707316 0.03048780487804878 0.03201219512195122
0 0.6905487804878049 0.44359756097560976 0.009146341463414634 0.009146341463414634
0 0.6626016260162602 0.5129573170731707 0.008130081300813009 0.010670731707317074
0 0.654979674796748 0.6448170731707317 0.007113821138211382 0.009146341463414634
1 0.5401422764227642 0.4923780487804878 0.18191056910569106 0.38109756097560976
0 0.7611788617886179 0.59375 0.0040650406504065045 0.010670731707317074
3 0.2301829268292683 0.4565548780487805 0.4400406504065041 0.663109756097561
