3 0.7841726618705036 0.5363978127136022 0.06235011990407674 0.07074504442925496
3 0.720943245403677 0.5560492139439508 0.06314948041566747 0.10321257689678742
3 0.6597921662669864 0.5758714969241285 0.060111910471622704 0.1114149008885851
3 0.8474020783373302 0.3696172248803828 0.0657074340527578 0.15413533834586465
3 0.570343725019984 0.5931305536568694 0.03948840927258193 0.10423786739576213
3 0.6072741806554757 0.5845864661654135 0.050039968025579536 0.10423786739576213
3 0.5828936850519585 0.3781613123718387 0.09368505195843325 0.23479152426520847
3 0.5141486810551559 0.3791866028708134 0.06490807354116707 0.22180451127819548
3 0.5416466826538769 0.5833902939166097 0.02941646682653877 0.11756664388243336
3 0.8000799360511591 0.3586807928913192 0.0548361310951239 0.17259056732740943
3 0.6561950439648281 0.3624401913875598 0.07434052757793765 0.22727272727272727
3 0.7347721822541966 0.35714285714285715 0.08409272581934453 0.20642515379357484
