0 0.4049479166666667 0.625 0.018229166666666668 0.03125
0 0.6705729166666666 0.3935546875 0.013020833333333334 0.021484375
3 0.11783854166666667 0.58203125 0.23567708333333334 0.56640625
0 0.4622395833333333 0.275390625 0.0078125 0.05078125
3 0.8697916666666666 0.564453125 0.2578125 0.7421875
0 0.46875 0.4228515625 0.0234375 0.099609375
1 0.5638020833333334 0.490234375 0.23177083333333334 0.3671875
1 0.380859375 0.5224609375 0.08463541666666667 0.130859375
3 0.5247395833333334 0.359375 0.005208333333333333 0.0234375
3 0.4889322916666667 0.5390625 0.5325520833333334 0.75
0 0.4733072916666667 0.5380859375 0.014322916666666666 0.037109375
0 0.3860677083333333 0.53125 0.016927083333333332 0.02734375
