0 0.4217479674796748 0.3940548780487805 0.016260162601626018 0.010670731707317074
3 0.8511178861788617 0.45121951219512196 0.29573170731707316 0.725609756097561
0 0.13363821138211382 0.7019817073170732 0.027439024390243903 0.05030487804878049
0 0.4684959349593496 0.5838414634146342 0.07723577235772358 0.09146341463414634
0 0.3079268292682927 0.5342987804878049 0.01016260162601626 0.028963414634146343
3 0.10873983739837398 0.6585365853658537 0.21747967479674796 0.5152439024390244
3 0.5609756097560976 0.5617378048780488 0.31910569105691056 0.3978658536585366
0 0.08790650406504065 0.7324695121951219 0.039634146341463415 0.004573170731707317
3 0.45884146341463417 0.5274390243902439 0.5436991869918699 0.7042682926829268
0 0.39735772357723576 0.24923780487804878 0.016260162601626018 0.0625
1 0.3231707317073171 0.4192073170731707 0.052845528455284556 0.06707317073170732
0 0.8541666666666666 0.53125 0.14735772357723578 0.09908536585365854
1 0.32977642276422764 0.5503048780487805 0.057926829268292686 0.10365853658536585
