0 0.8877032520325203 0.2553353658536585 0.007113821138211382 0.038109756097560975
0 0.755589430894309 0.4009146341463415 0.029471544715447155 0.04573170731707317
0 0.08790650406504065 0.4070121951219512 0.009146341463414634 0.01524390243902439
3 0.17123983739837398 0.46646341463414637 0.31402439024390244 0.5
0 0.875 0.4092987804878049 0.014227642276422764 0.0350609756097561
3 0.49034552845528456 0.44740853658536583 0.33028455284552843 0.5533536585365854
0 0.11991869918699187 0.3673780487804878 0.0040650406504065045 0.009146341463414634
0 0.8033536585365854 0.3490853658536585 0.031504065040650404 0.03048780487804878
0 0.21595528455284552 0.3429878048780488 0.027439024390243903 0.039634146341463415
0 0.9308943089430894 0.34603658536585363 0.044715447154471545 0.027439024390243903
3 0.820630081300813 0.40472560975609756 0.3567073170731707 0.7210365853658537
