3 0.3421294875728751 0.6059602649006622 0.07394906413010126 0.22411990240501917
3 0.4759128567045106 0.6359358661554548 0.05308376802700215 0.1906587661205995
3 0.6039429272783062 0.3895085395608226 0.03973611537281375 0.20111537120948064
0 0.6148358392144829 0.3982223771348902 0.005369745320650507 0.010805158591843849
3 0.20796256520405032 0.5109794353433252 0.07226142988646825 0.12269083304287208
3 0.6251917766185947 0.5174276751481353 0.025161092359619514 0.15440920181247822
3 0.6039429272783062 0.6021261763680725 0.04433875421908561 0.22969675845242243
3 0.6383860079779073 0.3701638201463925 0.04081006443694385 0.2126176368072499
0 0.37335072108008593 0.3677239456256535 0.006597115679656336 0.03276402927849425
3 0.4550475606014115 0.40728476821192056 0.09205277692543726 0.23527361449982573
3 0.29341822644983123 0.3677239456256535 0.0768640687327401 0.24468455907981876
0 0.38838600797790734 0.3497734402230742 0.0010739490641301012 0.003136981526664343
3 0.37243019331083155 0.3868943882886023 0.08300092052776925 0.20982920878354827
0 0.4446149125498619 0.6029975601254792 0.004295796256520405 0.05507145346810736
0 0.4312672598956735 0.4670616939700244 0.0027615833077631177 0.006273963053328686
0 0.5862994783675974 0.5019170442662949 0.002608162012887389 0.007668177065179505
3 0.22476219699294261 0.36284419658417566 0.06535747161706044 0.1826420355524573
0 0.4930960417305922 0.5580341582432904 0.005523166615526235 0.006971070059254096
3 0.6192850567658791 0.5550714534681074 0.02807609696225836 0.17253398396653885
3 0.53053083768027 0.6413384454513767 0.053390610616753605 0.20146392471244337
3 0.416845658177355 0.6207737887765772 0.0736422215403498 0.1979783896828163
0 0.3746548020865296 0.4309864064133845 0.003988953666768947 0.02614151272220286
3 0.27209266646210495 0.5644823980481004 0.07502301319423135 0.16347159288950855
3 0.5428045412703283 0.4037992331822935 0.08898435102792268 0.23109097246427326
3 0.5698066891684566 0.6078773091669571 0.06443694384780607 0.18473335657023354
3 0.1702976373120589 0.3694667131404671 0.05032218471923903 0.1233879400487975
