0 0.0701219512195122 0.7019817073170732 0.03861788617886179 0.0350609756097561
1 0.4766260162601626 0.5129573170731707 0.37398373983739835 0.39176829268292684
3 0.43597560975609756 0.586890243902439 0.4573170731707317 0.7682926829268293
0 0.17479674796747968 0.5335365853658537 0.0040650406504065045 0.009146341463414634
0 0.44664634146341464 0.5449695121951219 0.041666666666666664 0.053353658536585365
0 0.3780487804878049 0.6272865853658537 0.0508130081300813 0.09603658536585366
0 0.8211382113821138 0.47027439024390244 0.0508130081300813 0.038109756097560975
0 0.5858739837398373 0.5525914634146342 0.04573170731707317 0.2027439024390244
3 0.10873983739837398 0.6448170731707317 0.21747967479674796 0.7073170731707317
0 0.12754065040650406 0.6089939024390244 0.007113821138211382 0.004573170731707317
3 0.8348577235772358 0.3948170731707317 0.30589430894308944 0.6097560975609756
