0 0.4147135416666667 0.8583984375 0.014322916666666666 0.029296875
0 0.03125 0.470703125 0.0625 0.1015625
1 0.4700520833333333 0.53515625 0.390625 0.3984375
3 0.11653645833333333 0.544921875 0.23307291666666666 0.73828125
3 0.4283854166666667 0.5615234375 0.4713541666666667 0.783203125
0 0.3489583333333333 0.609375 0.0390625 0.046875
1 0.3450520833333333 0.4501953125 0.041666666666666664 0.060546875
1 0.59375 0.8154296875 0.13541666666666666 0.240234375
3 0.8359375 0.4541015625 0.3255208333333333 0.634765625
1 0.5533854166666666 0.4033203125 0.041666666666666664 0.041015625
