3 0.5213414634146342 0.5083841463414634 0.2865853658536585 0.586890243902439
0 0.07266260162601626 0.850609756097561 0.019308943089430895 0.06402439024390244
0 0.16310975609756098 0.4847560975609756 0.019308943089430895 0.12804878048780488
0 0.12296747967479675 0.5716463414634146 0.04065040650406504 0.03048780487804878
0 0.5060975609756098 0.5137195121951219 0.034552845528455285 0.009146341463414634
0 0.45172764227642276 0.5060975609756098 0.003048780487804878 0.009146341463414634
0 0.4451219512195122 0.5144817073170732 0.0020325203252032522 0.007621951219512195
0 0.019308943089430895 0.5945121951219512 0.03861788617886179 0.09451219512195122
3 0.8048780487804879 0.45503048780487804 0.2865853658536585 0.5472560975609756
1 0.49390243902439024 0.49314024390243905 0.21951219512195122 0.3003048780487805
3 0.18800813008130082 0.6211890243902439 0.37601626016260165 0.6783536585365854
