3 0.24088541666666666 0.484375 0.4010416666666667 0.69140625
1 0.3502604166666667 0.470703125 0.12760416666666666 0.1875
1 0.018229166666666668 0.599609375 0.036458333333333336 0.07421875
3 0.048828125 0.5126953125 0.09765625 0.486328125
3 0.640625 0.578125 0.4661458333333333 0.703125
0 0.042317708333333336 0.498046875 0.01171875 0.0234375
1 0.18359375 0.5625 0.06770833333333333 0.078125
1 0.33984375 0.611328125 0.026041666666666668 0.03125
0 0.013020833333333334 0.423828125 0.026041666666666668 0.0234375
1 0.6334635416666666 0.521484375 0.2955729166666667 0.40625
0 0.19270833333333334 0.4150390625 0.018229166666666668 0.021484375
1 0.2727864583333333 0.2646484375 0.11067708333333333 0.244140625
1 0.2708333333333333 0.5537109375 0.06510416666666667 0.095703125
