0 0.2041015625 0.3218475073313783 0.00390625 0.024926686217008796
0 0.208984375 0.4208211143695015 0.017578125 0.08504398826979472
3 0.19482421875 0.5190615835777126 0.3681640625 0.6099706744868035
1 0.548828125 0.783724340175953 0.09765625 0.08064516129032258
3 0.56640625 0.5212609970674487 0.404296875 0.6378299120234604
0 0.2841796875 0.5161290322580645 0.01953125 0.011730205278592375
1 0.16552734375 0.4670087976539589 0.2197265625 0.37976539589442815
1 0.47216796875 0.5989736070381232 0.1201171875 0.1627565982404692
1 0.7958984375 0.47287390029325516 0.064453125 0.23900293255131966
3 0.8818359375 0.47653958944281527 0.234375 0.5659824046920822
0 0.1845703125 0.6121700879765396 0.013671875 0.021994134897360705
