0 0.95875 0.8053173241852487 0.015 0.029159519725557463
3 0.949375 0.7615780445969125 0.09875 0.19210977701543738
3 0.88125 0.6552315608919382 0.155 0.21612349914236706
3 0.726875 0.5677530017152659 0.16125 0.21612349914236706
3 0.24 0.46826758147512865 0.23 0.3053173241852487
3 0.580625 0.5969125214408233 0.13875 0.2504288164665523
0 0.054375 0.3850771869639794 0.10375 0.12521440823327615
0 0.22875 0.4202401372212693 0.16 0.16123499142367068
1 0.42375 0.5231560891938251 0.215 0.2607204116638079
0 0.585 0.6372212692967409 0.01 0.012006861063464836
0 0.470625 0.5420240137221269 0.01875 0.07204116638078903
0 0.37875 0.5677530017152659 0.0225 0.03773584905660377
3 0.073125 0.4528301886792453 0.14625 0.2950257289879931
0 0.55875 0.5668953687821612 0.0225 0.04631217838765009
1 0.58 0.5874785591766724 0.1375 0.15608919382504288
0 0.37625 0.4914236706689537 0.035 0.09433962264150944
3 0.423125 0.5368782161234992 0.21625 0.3018867924528302
0 0.73125 0.5917667238421955 0.015 0.017152658662092625
