3 0.895625 0.5841666666666666 0.15375 0.17166666666666666
3 0.569375 0.12166666666666667 0.15375 0.14666666666666667
3 0.05625 0.8833333333333333 0.1125 0.17333333333333334
3 0.85125 0.4375 0.17 0.19833333333333333
3 0.30625 0.18583333333333332 0.1275 0.145
3 0.9425 0.92 0.1125 0.15666666666666668
3 0.086875 0.7333333333333333 0.17375 0.24666666666666667
3 0.108125 0.5641666666666667 0.15375 0.165
3 0.801875 0.2866666666666667 0.13125 0.17
3 0.703125 0.195 0.12625 0.17666666666666667
3 0.206875 0.275 0.12625 0.17333333333333334
3 0.9175 0.76 0.1625 0.25666666666666665
3 0.15375 0.4141666666666667 0.165 0.185
3 0.423125 0.13083333333333333 0.14625 0.16833333333333333
