3 0.56328125 0.48014018691588783 0.3453125 0.4696261682242991
0 0.975 0.6869158878504673 0.021875 0.06542056074766354
0 0.5875 0.4182242990654206 0.028125 0.056074766355140186
1 0.59375 0.4766355140186916 0.2875 0.4532710280373832
3 0.91328125 0.6214953271028038 0.1703125 0.3925233644859813
0 0.59140625 0.5735981308411215 0.0296875 0.02570093457943925
0 0.54765625 0.4976635514018692 0.0328125 0.09345794392523364
3 0.10078125 0.23130841121495327 0.2015625 0.3411214953271028
3 0.296875 0.32710280373831774 0.2375 0.35514018691588783
0 0.93828125 0.5782710280373832 0.1140625 0.17523364485981308
0 0.51953125 0.4030373831775701 0.0515625 0.05841121495327103
