0 0.8235033259423503 0.8141958967571145 0.00753880266075388 0.004301786896095301
0 0.8405764966740576 0.8112177365982793 0.003991130820399113 0.007610853739245533
3 0.32228381374722836 0.1874586366644606 0.10931263858093127 0.157180675049636
3 0.23658536585365852 0.271343481138319 0.11929046563192905 0.1912640635340834
3 0.7895787139689578 0.4286896095301125 0.1458980044345898 0.18034414295168763
3 0.738580931263858 0.27332892124420916 0.11929046563192905 0.18596955658504302
3 0.8266075388026608 0.5780939774983455 0.14412416851441243 0.1727332892124421
0 0.8610864745011086 0.8676373262739907 0.005099778270509978 0.02316346790205162
3 0.5651884700665188 0.1199536730641959 0.13702882483370288 0.1869622766379881
3 0.18991130820399113 0.4228987425545996 0.13725055432372504 0.19788219722038386
3 0.13558758314855876 0.5473196558570483 0.1328159645232816 0.19192587690271343
3 0.9021064301552106 0.9303441429516877 0.17494456762749447 0.1386499007279947
3 0.8522172949002217 0.7673726009265387 0.18558758314855875 0.3170086035737922
0 0.7983370288248337 0.7764725347452018 0.011751662971175166 0.06254136333553938
1 0.1342572062084257 0.5569159497021839 0.0991130820399113 0.12971542025148908
0 0.847450110864745 0.821475843812045 0.010643015521064302 0.014228987425545996
0 0.8507760532150777 0.7890469887491728 0.01862527716186253 0.028788881535407016
3 0.6732815964523282 0.1601588352084712 0.11507760532150776 0.17207147584381205
1 0.2407982261640798 0.2686962276637988 0.07982261640798226 0.1369953673064196
1 0.7406873614190688 0.27845797485109197 0.06984478935698447 0.1300463269358041
0 0.9222838137472283 0.9672402382528127 0.04501108647450111 0.03970880211780278
0 0.9466740576496674 0.9875909993381866 0.025942350332594236 0.024156187954996692
