3 0.84 0.5847076461769115 0.194 0.33883058470764615
0 0.492 0.46551724137931033 0.018 0.043478260869565216
0 0.496 0.5344827586206896 0.036 0.031484257871064465
3 0.9635 0.6409295352323838 0.071 0.2563718140929535
0 0.4865 0.40104947526236884 0.045 0.05847076461769116
1 0.488 0.4917541229385307 0.212 0.22788605697151423
0 0.454 0.5299850074962519 0.042 0.049475262368815595
0 0.5575 0.49775112443778113 0.049 0.14992503748125938
3 0.468 0.5187406296851574 0.256 0.39580209895052476
3 0.67 0.5262368815592204 0.176 0.32983508245877063
