0 0.4375 0.2851617440225035 0.00273224043715847 0.028832630098452883
3 0.3092554644808743 0.3449367088607595 0.11851092896174864 0.2609001406469761
3 0.6775956284153005 0.37412095639943743 0.12704918032786885 0.2419127988748242
0 0.6536885245901639 0.4353023909985935 0.018442622950819672 0.04922644163150492
3 0.1557377049180328 0.7609001406469761 0.16666666666666666 0.3150492264416315
0 0.33811475409836067 0.4050632911392405 0.01707650273224044 0.03656821378340366
3 0.7616120218579235 0.5453586497890295 0.13866120218579234 0.30450070323488043
3 0.8128415300546448 0.8073136427566807 0.16939890710382513 0.29957805907172996
3 0.5744535519125683 0.2390998593530239 0.15368852459016394 0.27566807313642755
3 0.42008196721311475 0.22362869198312235 0.15027322404371585 0.2981715893108298
3 0.21448087431693988 0.5066807313642757 0.1325136612021858 0.2918424753867792
