1 0.44625 0.5225563909774437 0.2075 0.3383458646616541
0 0.45125 0.4830827067669173 0.0525 0.07894736842105263
0 0.095 0.4323308270676692 0.04 0.08270676691729323
1 0.1375 0.3684210526315789 0.125 0.20300751879699247
3 0.88375 0.599624060150376 0.2125 0.38721804511278196
0 0.14375 0.2556390977443609 0.0075 0.015037593984962405
3 0.6825 0.5469924812030075 0.22 0.36466165413533835
3 0.4425 0.5075187969924813 0.33 0.46616541353383456
0 0.1575 0.3890977443609023 0.03 0.02631578947368421
0 0.415 0.6823308270676691 0.02 0.018796992481203006
3 0.16 0.4473684210526316 0.305 0.5037593984962406
