3 0.2938218390804598 0.6109589041095891 0.08477011494252873 0.25753424657534246
3 0.21767241379310345 0.6328767123287671 0.09913793103448276 0.26301369863013696
3 0.3757183908045977 0.5684931506849316 0.09339080459770115 0.2547945205479452
3 0.3311781609195402 0.3643835616438356 0.10201149425287356 0.273972602739726
3 0.24281609195402298 0.3561643835616438 0.08333333333333333 0.33972602739726027
3 0.5524425287356322 0.5698630136986301 0.07902298850574713 0.2958904109589041
3 0.742816091954023 0.33287671232876714 0.1235632183908046 0.3589041095890411
3 0.45977011494252873 0.5821917808219178 0.08045977011494253 0.3041095890410959
3 0.6221264367816092 0.5904109589041096 0.09482758620689655 0.35342465753424657
3 0.6954022988505747 0.589041095890411 0.08620689655172414 0.30684931506849317
