3 0.7578302315024966 0.6807967313585291 0.11892873354516569 0.15219611848825332
3 0.9095551520653654 0.35137895812053116 0.09782115297321833 0.19748042219952333
3 0.672719019518838 0.731699012597889 0.10712664548343169 0.21927136533878108
3 0.4870630957784839 0.7861763704460334 0.13390830685428962 0.2744296901600272
3 0.7349069450748978 0.33605720122574056 0.08896958692691784 0.2240381341504937
0 0.35939627780299593 0.3699353081375553 0.015206536541080345 0.008512087163772558
0 0.4339536995006809 0.3765747361252979 0.03722197004085338 0.01906707524685053
3 0.5789832047208352 0.7788559754851889 0.1307308216068997 0.2522982635342186
0 0.29777576032682707 0.646407899216888 0.029051293690422152 0.05549880830779707
3 0.4026327734906945 0.3925774599931903 0.20335905583295505 0.25059584610146407
3 0.2261688606445756 0.35188968335035753 0.18724466636404902 0.223016683690841
3 0.8419201089423514 0.5961865849506299 0.11779391738538357 0.15389853592100783
0 0.39922832501134814 0.35972080354102826 0.008170676350431231 0.03915560095335376
3 0.6475261007716749 0.3459312223357167 0.10803449841125738 0.23765747361252978
3 0.8184294144348615 0.3478038815117467 0.09214707217430776 0.24480762683009874
3 0.28393100317748526 0.7160367722165475 0.20653654108034497 0.34048348655090227
3 0.13788016341352702 0.5943139257746 0.17271901951883795 0.24480762683009874
0 0.3997957330912392 0.40858018386108275 0.023377212891511574 0.044262853251617294
