0 0.9192472606002858 0.4197492163009404 0.021438780371605525 0.04200626959247649
3 0.07598856598380181 0.18557993730407524 0.15197713196760362 0.3360501567398119
3 0.2725107193901858 0.3852664576802508 0.3144354454502144 0.36175548589341694
1 0.5409718913768461 0.5686520376175549 0.12720343020485947 0.12413793103448276
3 0.5495474035254884 0.5012539184952978 0.30157217722725105 0.42821316614420063
0 0.536684135302525 0.5398119122257053 0.07098618389709385 0.04012539184952978
0 0.4995235826584088 0.46112852664576803 0.022391615054787994 0.006896551724137931
0 0.5740828966174368 0.4561128526645768 0.06193425440686041 0.04200626959247649
0 0.8075273939971415 0.8235109717868339 0.02572653644592663 0.03824451410658307
3 0.8220581229156741 0.6210031347962383 0.3549309194854693 0.5536050156739812
