3 0.873046875 0.4669509594882729 0.17838541666666666 0.2814498933901919
0 0.41796875 0.4275053304904051 0.015625 0.06609808102345416
3 0.4069010416666667 0.5330490405117271 0.23307291666666666 0.40085287846481876
3 0.5865885416666666 0.6023454157782516 0.15494791666666666 0.31343283582089554
3 0.19075520833333334 0.44243070362473347 0.23307291666666666 0.39445628997867804
3 0.7447916666666666 0.593816631130064 0.16666666666666666 0.2878464818763326
0 0.201171875 0.39019189765458423 0.04296875 0.03411513859275053
0 0.146484375 0.38486140724946694 0.02734375 0.014925373134328358
0 0.19270833333333334 0.34328358208955223 0.013020833333333334 0.03411513859275053
1 0.3665364583333333 0.4744136460554371 0.11328125 0.2537313432835821
