3 0.7342580361074417 0.4025759577278732 0.10024952297079114 0.17018934390136503
3 0.7600910024952298 0.5806913254073095 0.07793923381770146 0.18031704095112286
3 0.35278144723323057 0.5482166446499339 0.08292969323352414 0.19991193306913255
3 0.16094231616028182 0.6161382650814619 0.05063848524878908 0.11250550418317921
3 0.8682665492440922 0.6470717745486569 0.03449288125642155 0.06296785557023338
3 0.7121679142815206 0.35402906208718626 0.07338910905621605 0.1805372082782915
3 0.24012916483193894 0.4337296345222369 0.11478056656392191 0.1554381329810656
3 0.35109349772493764 0.3407089387934831 0.09100249522970791 0.20453544693967415
3 0.4528841919859093 0.5321444297666227 0.12549537648612946 0.2051959489211801
3 0.6809775429326288 0.5623073535887274 0.0873330397768971 0.20079260237780713
3 0.5093938059591957 0.32981065609863497 0.07970057243505063 0.19859092910612064
3 0.1869954498752385 0.5049537648612946 0.11595479230882137 0.12351387054161163
3 0.27344782034346105 0.5666006164685161 0.08131513283428739 0.1851607221488331
3 0.5817554674886247 0.3365257595772787 0.07970057243505063 0.18251871422280933
3 0.28651108175546747 0.3771466314398943 0.10215763980625275 0.1814178775869661
3 0.8414061353295171 0.6297886393659181 0.034199324820196685 0.09753412593571115
3 0.8126376045794804 0.6062307353588727 0.04506091296051666 0.138925583443417
3 0.6494936151475121 0.33740642888595335 0.07779245559958903 0.19088507265521795
3 0.2093057390283282 0.595442536327609 0.05694994862762366 0.14376926464112727
3 0.43262879788639363 0.3322324966974901 0.07881990312637605 0.19947159841479525
3 0.5774988991633642 0.5362175253192426 0.1252018200499046 0.21070013210039631
3 0.7655217965653897 0.4471598414795244 0.10817554674886247 0.14619110523998238
