3 0.5496323529411765 0.5839460784313726 0.09375 0.15318627450980393
3 0.2763480392156863 0.4769199346405229 0.0900735294117647 0.10416666666666667
3 0.39797794117647056 0.5477941176470589 0.07169117647058823 0.10130718954248366
3 0.8307291666666666 0.6019199346405228 0.04136029411764706 0.10416666666666667
3 0.46400122549019607 0.5720996732026143 0.0818014705882353 0.10416666666666667
3 0.8837316176470589 0.4528186274509804 0.05422794117647059 0.16625816993464052
3 0.5883884803921569 0.45894607843137253 0.10508578431372549 0.17851307189542484
3 0.8094362745098039 0.4556781045751634 0.11397058823529412 0.2079248366013072
3 0.4840686274509804 0.47671568627450983 0.1053921568627451 0.1707516339869281
3 0.7152267156862745 0.5620915032679739 0.06464460784313726 0.1503267973856209
3 0.31525735294117646 0.5522875816993464 0.10416666666666667 0.10049019607843138
3 0.8714767156862745 0.5863970588235294 0.043198529411764705 0.11315359477124183
3 0.6395526960784313 0.5755718954248366 0.08854166666666667 0.15604575163398693
0 0.3782169117647059 0.4812091503267974 0.07873774509803921 0.05718954248366013
3 0.7777267156862745 0.5602532679738562 0.06954656862745098 0.15318627450980393
