0 0.7015625 0.40053763440860213 0.0140625 0.043010752688172046
0 0.770703125 0.41801075268817206 0.00859375 0.043010752688172046
0 0.405078125 0.42943548387096775 0.01796875 0.038978494623655914
3 0.087890625 0.657258064516129 0.17578125 0.49731182795698925
0 0.69296875 0.5745967741935484 0.0125 0.05779569892473118
0 0.81015625 0.5295698924731183 0.0546875 0.07526881720430108
0 0.623828125 0.5026881720430108 0.03515625 0.043010752688172046
3 0.30390625 0.5423387096774194 0.4296875 0.6384408602150538
0 0.816015625 0.4522849462365591 0.03046875 0.0228494623655914
3 0.71015625 0.5154569892473119 0.425 0.5766129032258065
1 0.575 0.4657258064516129 0.1390625 0.31048387096774194
