0 0.2791666666666667 0.50625 0.008333333333333333 0.0125
0 0.3125 0.55625 0.025 0.025
0 0.5427083333333333 0.684375 0.027083333333333334 0.11875
0 0.5177083333333333 0.3828125 0.035416666666666666 0.140625
0 0.6208333333333333 0.5140625 0.016666666666666666 0.021875
3 0.8802083333333334 0.5125 0.23541666666666666 0.55625
3 0.48333333333333334 0.5140625 0.5708333333333333 0.778125
1 0.45 0.5265625 0.225 0.315625
3 0.11145833333333334 0.50625 0.22291666666666668 0.58125
0 0.04375 0.4875 0.0875 0.0625
