0 0.23589164785553046 0.39453125 0.029345372460496615 0.0234375
0 0.4040632054176072 0.4765625 0.013544018058690745 0.0234375
0 0.7674943566591422 0.958984375 0.03160270880361174 0.07421875
0 0.3002257336343115 0.615234375 0.03160270880361174 0.14453125
0 0.7720090293453724 0.794921875 0.05417607223476298 0.05078125
0 0.33747178329571104 0.35546875 0.020316027088036117 0.1015625
3 0.7573363431151241 0.666015625 0.48081264108352145 0.66015625
3 0.3126410835214447 0.4453125 0.5711060948081265 0.890625
0 0.7528216704288939 0.9453125 0.024830699774266364 0.078125
0 0.6681715575620768 0.765625 0.022573363431151242 0.0234375
0 0.8690744920993227 0.900390625 0.06772009029345373 0.05859375
0 0.43905191873589167 0.48046875 0.01580135440180587 0.0234375
