0 0.358739837398374 0.541920731707317 0.006097560975609756 0.028963414634146343
1 0.5899390243902439 0.5510670731707317 0.27947154471544716 0.3246951219512195
3 0.6300813008130082 0.49390243902439024 0.35365853658536583 0.6280487804878049
3 0.06961382113821138 0.7545731707317073 0.13922764227642276 0.40853658536585363
3 0.2865853658536585 0.5503048780487805 0.3516260162601626 0.5609756097560976
1 0.554369918699187 0.3125 0.027439024390243903 0.039634146341463415
1 0.619410569105691 0.4679878048780488 0.08028455284552846 0.10060975609756098
1 0.3323170731707317 0.5899390243902439 0.09552845528455285 0.14939024390243902
1 0.2073170731707317 0.6524390243902439 0.06504065040650407 0.14329268292682926
3 0.8897357723577236 0.4375 0.2184959349593496 0.7835365853658537
