3 0.40519877675840976 0.37771739130434784 0.23547400611620795 0.483695652173913
3 0.1926605504587156 0.25 0.24770642201834864 0.42934782608695654
0 0.7637614678899083 0.720108695652174 0.02599388379204893 0.043478260869565216
0 0.573394495412844 0.5516304347826086 0.01529051987767584 0.016304347826086956
0 0.768348623853211 0.8668478260869565 0.0045871559633027525 0.021739130434782608
1 0.46865443425076453 0.37771739130434784 0.11162079510703364 0.28804347826086957
3 0.7010703363914373 0.59375 0.40825688073394495 0.6657608695652174
0 0.6888379204892966 0.6820652173913043 0.019877675840978593 0.04891304347826087
0 0.7951070336391437 0.6114130434782609 0.11009174311926606 0.22282608695652173
1 0.7362385321100917 0.6304347826086957 0.2492354740061162 0.29891304347826086
0 0.6720183486238532 0.6372282608695652 0.019877675840978593 0.024456521739130436
