3 0.6125 0.5845070422535211 0.095 0.23943661971830985
3 0.1275 0.4471830985915493 0.115 0.19014084507042253
3 0.885 0.4630281690140845 0.05 0.2007042253521127
3 0.30375 0.6109154929577465 0.0975 0.25704225352112675
3 0.82375 0.6267605633802817 0.0525 0.176056338028169
3 0.11125 0.6073943661971831 0.0925 0.1443661971830986
3 0.40625 0.602112676056338 0.0925 0.2605633802816901
3 0.17 0.6091549295774648 0.07 0.16901408450704225
0 0.26375 0.3785211267605634 0.0325 0.02464788732394366
3 0.755 0.40669014084507044 0.135 0.2852112676056338
3 0.705 0.6038732394366197 0.1 0.25704225352112675
3 0.52625 0.5933098591549296 0.0925 0.24295774647887325
3 0.76875 0.6038732394366197 0.0725 0.20774647887323944
3 0.24125 0.3908450704225352 0.1225 0.28169014084507044
3 0.8675 0.6197183098591549 0.075 0.13380281690140844
3 0.23375 0.596830985915493 0.0775 0.18661971830985916
3 0.8425 0.44190140845070425 0.07 0.20774647887323944
