3 0.56689453125 0.5271260997067448 0.4013671875 0.6407624633431085
3 0.19775390625 0.5205278592375366 0.3642578125 0.6158357771260997
0 0.2841796875 0.5161290322580645 0.01953125 0.011730205278592375
0 0.20361328125 0.3218475073313783 0.0048828125 0.030791788856304986
1 0.794921875 0.4736070381231672 0.064453125 0.2404692082111437
1 0.5576171875 0.7910557184750733 0.12109375 0.09237536656891496
1 0.47216796875 0.5989736070381232 0.1201171875 0.1598240469208211
0 0.2099609375 0.4237536656891496 0.01171875 0.07331378299120235
3 0.8828125 0.47873900293255134 0.232421875 0.5615835777126099
1 0.1630859375 0.46994134897360706 0.20703125 0.3709677419354839
