3 0.07877604166666667 0.3224907063197026 0.15755208333333334 0.36617100371747213
3 0.8020833333333334 0.4154275092936803 0.2604166666666667 0.3513011152416357
3 0.8118489583333334 0.6905204460966543 0.2591145833333333 0.2955390334572491
1 0.7662760416666666 0.40985130111524165 0.19140625 0.3066914498141264
3 0.08723958333333333 0.5892193308550185 0.13541666666666666 0.3308550185873606
3 0.2506510416666667 0.6747211895910781 0.19401041666666666 0.4312267657992565
3 0.603515625 0.3940520446096654 0.17838541666666666 0.29739776951672864
3 0.5983072916666666 0.6821561338289963 0.17317708333333334 0.3159851301115242
3 0.2545572916666667 0.31691449814126393 0.21223958333333334 0.4033457249070632
3 0.43359375 0.7026022304832714 0.1875 0.34944237918215615
3 0.4342447916666667 0.38104089219330856 0.18359375 0.32342007434944237
