0 0.24 0.18617021276595744 0.015 0.031914893617021274
0 0.4475 0.35106382978723405 0.01 0.0425531914893617
0 0.0825 0.5132978723404256 0.015 0.03723404255319149
3 0.4725 0.5079787234042553 0.335 0.7393617021276596
0 0.15125 0.36436170212765956 0.0225 0.026595744680851064
1 0.1975 0.4734042553191489 0.215 0.4574468085106383
1 0.4925 0.5638297872340425 0.275 0.5425531914893617
3 0.75 0.4867021276595745 0.22 0.601063829787234
3 0.92875 0.5026595744680851 0.1375 0.5159574468085106
0 0.57375 0.7526595744680851 0.0125 0.015957446808510637
3 0.18375 0.5 0.2825 0.7340425531914894
1 0.75 0.48936170212765956 0.21 0.20212765957446807
