3 0.7854166666666667 0.348 0.0425 0.276
3 0.6179166666666667 0.668 0.07416666666666667 0.252
3 0.5820833333333333 0.395 0.1125 0.33
3 0.29 0.335 0.08 0.35
3 0.5495833333333333 0.638 0.06916666666666667 0.26
3 0.48083333333333333 0.656 0.07 0.22
3 0.68 0.654 0.06166666666666667 0.244
3 0.22458333333333333 0.535 0.05416666666666667 0.218
3 0.33916666666666667 0.63 0.07 0.284
3 0.47041666666666665 0.387 0.1075 0.322
3 0.8379166666666666 0.262 0.024166666666666666 0.212
3 0.4083333333333333 0.644 0.08166666666666667 0.268
3 0.7775 0.549 0.03833333333333333 0.146
3 0.81625 0.321 0.029166666666666667 0.222
3 0.735 0.619 0.06 0.222
3 0.18875 0.294 0.04416666666666667 0.248
3 0.27541666666666664 0.585 0.0675 0.254
3 0.73625 0.347 0.06583333333333333 0.37
3 0.8095833333333333 0.478 0.0425 0.16
3 0.37041666666666667 0.379 0.09583333333333334 0.306
3 0.67125 0.392 0.08583333333333333 0.316
3 0.23083333333333333 0.315 0.05333333333333334 0.286
