3 0.865 0.6047619047619047 0.19666666666666666 0.29523809523809524
0 0.42333333333333334 0.6976190476190476 0.02 0.04285714285714286
0 0.12666666666666668 0.4238095238095238 0.013333333333333334 0.009523809523809525
0 0.49666666666666665 0.5190476190476191 0.03333333333333333 0.0380952380952381
3 0.6683333333333333 0.611904761904762 0.19 0.35714285714285715
1 0.43 0.5404761904761904 0.08666666666666667 0.08095238095238096
0 0.37666666666666665 0.5190476190476191 0.02666666666666667 0.01904761904761905
3 0.19166666666666668 0.4857142857142857 0.27666666666666667 0.41904761904761906
3 0.43333333333333335 0.5761904761904761 0.3 0.42857142857142855
0 0.5166666666666667 0.48333333333333334 0.013333333333333334 0.014285714285714285
0 0.23666666666666666 0.4452380952380952 0.02 0.03333333333333333
0 0.45166666666666666 0.4666666666666667 0.01 0.05714285714285714
