1 0.06714285714285714 0.7786259541984732 0.12857142857142856 0.2340966921119593
3 0.5021428571428571 0.5292620865139949 0.55 0.9211195928753181
0 0.595 0.5725190839694656 0.16428571428571428 0.23918575063613232
0 0.41 0.5318066157760815 0.08857142857142856 0.183206106870229
1 0.6035714285714285 0.5852417302798982 0.21285714285714286 0.366412213740458
1 0.23 0.7595419847328244 0.02 0.03307888040712468
0 0.14357142857142857 0.6666666666666666 0.027142857142857142 0.015267175572519083
1 0.41285714285714287 0.5254452926208651 0.11714285714285715 0.29770992366412213
3 0.8678571428571429 0.5229007633587787 0.26142857142857145 0.7608142493638677
3 0.15142857142857144 0.5966921119592875 0.3028571428571429 0.8015267175572519
