0 0.5875 0.5823970037453183 0.02 0.026217228464419477
0 0.52625 0.4812734082397004 0.0125 0.026217228464419477
0 0.485 0.4606741573033708 0.035 0.02247191011235955
0 0.3775 0.5449438202247191 0.145 0.2209737827715356
3 0.51625 0.5 0.0225 0.056179775280898875
3 0.665 0.5205992509363296 0.195 0.3146067415730337
0 0.70375 0.5262172284644194 0.0375 0.04868913857677903
0 0.1525 0.5168539325842697 0.005 0.0149812734082397
3 0.1825 0.5692883895131086 0.27 0.3895131086142322
0 0.6175 0.39325842696629215 0.025 0.02247191011235955
3 0.8425 0.45318352059925093 0.18 0.2696629213483146
3 0.95375 0.5168539325842697 0.0875 0.2846441947565543
0 0.48625 0.5187265917602997 0.0275 0.06367041198501873
0 0.27125 0.5711610486891385 0.0125 0.011235955056179775
3 0.44 0.5187265917602997 0.275 0.3707865168539326
0 0.62125 0.5243445692883895 0.0575 0.12734082397003746
1 0.42 0.548689138576779 0.23 0.2209737827715356
1 0.61375 0.5168539325842697 0.0875 0.27715355805243447
