3 0.13072916666666667 0.462037037037037 0.259375 0.412962962962963
1 0.19947916666666668 0.35185185185185186 0.023958333333333335 0.04814814814814815
3 0.5651041666666666 0.44537037037037036 0.165625 0.4166666666666667
3 0.371875 0.4027777777777778 0.2520833333333333 0.6166666666666667
3 0.9036458333333334 0.43425925925925923 0.190625 0.40555555555555556
0 0.7307291666666667 0.45185185185185184 0.10520833333333333 0.10740740740740741
3 0.7328125 0.4212962962962963 0.184375 0.4351851851851852
0 0.5885416666666666 0.5027777777777778 0.12083333333333333 0.13148148148148148
1 0.0734375 0.525 0.08854166666666667 0.11296296296296296
0 0.07291666666666667 0.524074074074074 0.0875 0.11481481481481481
