0 0.21668362156663276 0.465675057208238 0.006103763987792472 0.02517162471395881
0 0.5406917599186165 0.4572845156369184 0.015259409969481181 0.02669717772692601
0 0.7520345879959308 0.4755911517925248 0.003560528992878942 0.008390541571319604
3 0.19608341810783317 0.597254004576659 0.34333672431332657 0.4820747520976354
3 0.7906917599186165 0.492372234935164 0.22126144455747712 0.37757437070938216
3 0.525178026449644 0.541952707856598 0.3301119023397762 0.4797864225781846
0 0.15488301119023398 0.5430968726163234 0.025940996948118005 0.03813882532418002
0 0.8212105798575788 0.444698703279939 0.010681586978636826 0.04424103737604882
3 0.9493896236012207 0.4591914569031274 0.10020345879959308 0.33867276887871856
0 0.17828077314343846 0.4248665141113654 0.005595116988809766 0.028985507246376812
0 0.27695829094608343 0.5697940503432495 0.04628687690742624 0.04271548436308162
0 0.19837232960325535 0.6014492753623188 0.004069175991861648 0.04042715484363082
0 0.465412004069176 0.540045766590389 0.01627670396744659 0.013729977116704805
0 0.2520345879959308 0.5987795575896262 0.011698880976602238 0.04729214340198322
0 0.13173957273652084 0.5080091533180778 0.01627670396744659 0.015255530129672006
0 0.5068667344862665 0.39321128909229597 0.010681586978636826 0.014492753623188406
0 0.5414547304170906 0.36003051106025935 0.019837232960325534 0.033562166285278416
0 0.20981688708036622 0.5118230358504958 0.004577822990844354 0.028985507246376812
0 0.19023397761953204 0.5450038138825324 0.03255340793489318 0.038901601830663615
