0 0.487962962962963 0.5833333333333334 0.027777777777777776 0.03333333333333333
0 0.21944444444444444 0.5902777777777778 0.2537037037037037 0.375
3 0.17037037037037037 0.6805555555555556 0.022222222222222223 0.05
0 0.26944444444444443 0.6583333333333333 0.016666666666666666 0.016666666666666666
0 0.725 0.5666666666666667 0.012962962962962963 0.05555555555555555
0 0.14814814814814814 0.5402777777777777 0.007407407407407408 0.019444444444444445
0 0.425 0.5916666666666667 0.05740740740740741 0.044444444444444446
0 0.33055555555555555 0.5680555555555555 0.020370370370370372 0.04722222222222222
3 0.0712962962962963 0.7555555555555555 0.1425925925925926 0.3333333333333333
3 0.7361111111111112 0.4097222222222222 0.39814814814814814 0.5416666666666666
3 0.44074074074074077 0.5111111111111111 0.2518518518518518 0.4
