3 0.3875801282051282 0.4607591324200913 0.17740384615384616 0.3256278538812785
3 0.5552083333333333 0.7263127853881278 0.11458333333333333 0.2785388127853881
3 0.21850961538461539 0.7157534246575342 0.10336538461538461 0.2585616438356164
3 0.98125 0.4599029680365297 0.03717948717948718 0.1675228310502283
3 0.7795673076923076 0.4530536529680365 0.1267628205128205 0.2748287671232877
3 0.4424679487179487 0.730593607305936 0.11346153846153846 0.2802511415525114
3 0.7833333333333333 0.6957762557077626 0.11698717948717949 0.261986301369863
3 0.9055288461538461 0.4410673515981735 0.13028846153846155 0.2828196347031963
3 0.12732371794871794 0.6789383561643836 0.11746794871794872 0.2425799086757991
3 0.03926282051282051 0.4440639269406393 0.046794871794871795 0.20776255707762556
3 0.11282051282051282 0.459046803652968 0.12435897435897436 0.2634132420091324
3 0.030368589743589743 0.5823344748858448 0.06009615384615385 0.14526255707762556
3 0.2342147435897436 0.4557648401826484 0.12740384615384615 0.2756849315068493
3 0.6699519230769231 0.7061929223744292 0.12067307692307692 0.2828196347031963
3 0.9645833333333333 0.5970319634703196 0.06794871794871794 0.1312785388127854
3 0.3283653846153846 0.7223173515981736 0.11923076923076924 0.2905251141552511
3 0.06378205128205128 0.629851598173516 0.061217948717948716 0.14098173515981735
3 0.6180288461538461 0.4557648401826484 0.17708333333333334 0.3299086757990868
3 0.8911057692307692 0.6645262557077626 0.12163461538461538 0.23886986301369864
