0 0.47619047619047616 0.3459422283356259 0.026915113871635612 0.0068775790921595595
1 0.4632505175983437 0.6629986244841816 0.2349896480331263 0.15818431911966988
3 0.42701863354037267 0.922627235213205 0.41304347826086957 0.15337001375515819
0 0.5346790890269151 0.15371389270976615 0.038302277432712216 0.04745529573590096
3 0.42960662525879917 0.7028885832187071 0.453416149068323 0.29160935350756534
3 0.5481366459627329 0.18053645116918846 0.43788819875776397 0.24002751031636863
0 0.4192546583850932 0.5374828060522696 0.026915113871635612 0.007565337001375516
1 0.4668737060041408 0.4346629986244842 0.21739130434782608 0.22696011004126548
0 0.5020703933747412 0.37551581843191195 0.016563146997929608 0.009628610729023384
0 0.4860248447204969 0.4040577716643741 0.007246376811594203 0.011691884456671253
0 0.4767080745341615 0.43638239339752405 0.005175983436853002 0.007565337001375516
0 0.5082815734989649 0.45426409903713894 0.006211180124223602 0.004814305364511692
0 0.5005175983436853 0.47283356258596976 0.007246376811594203 0.01031636863823934
3 0.4673913043478261 0.4250343878954608 0.4648033126293996 0.27097661623108665
0 0.4984472049689441 0.5402338376891335 0.007246376811594203 0.0020632737276478678
