0 0.484375 0.5711267605633803 0.01171875 0.015492957746478873
0 0.099609375 0.6711267605633803 0.03515625 0.04929577464788732
0 0.8203125 0.4373239436619718 0.005859375 0.007042253521126761
3 0.43310546875 0.5577464788732395 0.0126953125 0.04507042253521127
0 0.4873046875 0.5661971830985916 0.248046875 0.3295774647887324
3 0.0986328125 0.6507042253521127 0.19140625 0.27887323943661974
3 0.6806640625 0.5492957746478874 0.154296875 0.2619718309859155
0 0.919921875 0.5133802816901408 0.009765625 0.04647887323943662
0 0.39306640625 0.6577464788732394 0.0048828125 0.02535211267605634
3 0.2861328125 0.6183098591549295 0.240234375 0.3352112676056338
0 0.5087890625 0.6204225352112676 0.0078125 0.023943661971830985
0 0.35107421875 0.5309859154929577 0.0126953125 0.030985915492957747
0 0.1181640625 0.7359154929577465 0.013671875 0.057746478873239436
0 0.2216796875 0.5852112676056338 0.02734375 0.13943661971830987
0 0.2900390625 0.6732394366197183 0.017578125 0.036619718309859155
3 0.955078125 0.48169014084507045 0.087890625 0.23661971830985915
3 0.83349609375 0.5338028169014084 0.1611328125 0.29014084507042254
0 0.08837890625 0.6887323943661972 0.0166015625 0.01971830985915493
