0 0.4653284671532847 0.5163043478260869 0.07664233576642336 0.021739130434782608
3 0.9142335766423357 0.4320652173913043 0.06204379562043796 0.22282608695652173
3 0.10766423357664233 0.657608695652174 0.10583941605839416 0.18478260869565216
3 0.20437956204379562 0.41304347826086957 0.06569343065693431 0.21739130434782608
3 0.5802919708029197 0.6304347826086957 0.10218978102189781 0.2826086956521739
0 0.2591240875912409 0.6168478260869565 0.014598540145985401 0.016304347826086956
3 0.822992700729927 0.3641304347826087 0.09124087591240876 0.2391304347826087
3 0.8777372262773723 0.6684782608695652 0.04744525547445255 0.17391304347826086
0 0.9032846715328468 0.5163043478260869 0.01824817518248175 0.03260869565217391
3 0.7627737226277372 0.625 0.0948905109489051 0.22826086956521738
0 0.12043795620437957 0.375 0.0364963503649635 0.03260869565217391
3 0.6806569343065694 0.6086956521739131 0.09854014598540146 0.2391304347826087
3 0.7463503649635036 0.35054347826086957 0.08394160583941605 0.22282608695652173
3 0.07664233576642336 0.4320652173913043 0.051094890510948905 0.16847826086956522
3 0.8795620437956204 0.42934782608695654 0.058394160583941604 0.16304347826086957
3 0.4908759124087591 0.3423913043478261 0.13503649635036497 0.22826086956521738
3 0.8266423357664233 0.6277173913043478 0.06934306569343066 0.14673913043478262
3 0.36496350364963503 0.358695652173913 0.08759124087591241 0.20652173913043478
0 0.12226277372262774 0.6195652173913043 0.032846715328467155 0.06521739130434782
0 0.8156934306569343 0.453804347826087 0.06934306569343066 0.04891304347826087
3 0.2737226277372263 0.39945652173913043 0.10948905109489052 0.24456521739130435
3 0.3886861313868613 0.6114130434782609 0.08394160583941605 0.28804347826086957
3 0.3156934306569343 0.6304347826086957 0.10583941605839416 0.21739130434782608
3 0.9343065693430657 0.6739130434782609 0.072992700729927 0.14130434782608695
3 0.4781021897810219 0.6413043478260869 0.11678832116788321 0.2826086956521739
3 0.9671532846715328 0.4429347826086957 0.058394160583941604 0.19021739130434784
3 0.21350364963503649 0.654891304347826 0.11313868613138686 0.19021739130434784
0 0.583941605839416 0.5 0.051094890510948905 0.010869565217391304
3 0.1386861313868613 0.4320652173913043 0.08029197080291971 0.1793478260869565
3 0.6423357664233577 0.3342391304347826 0.13138686131386862 0.23369565217391305
