0 0.02184959349593496 0.4603658536585366 0.041666666666666664 0.0975609756097561
0 0.24034552845528456 0.71875 0.03353658536585366 0.0625
1 0.18699186991869918 0.5602134146341463 0.06707317073170732 0.09298780487804878
3 0.23983739837398374 0.4847560975609756 0.41260162601626016 0.6798780487804879
1 0.630589430894309 0.5213414634146342 0.30589430894308944 0.40853658536585363
1 0.3434959349593496 0.4657012195121951 0.10569105691056911 0.17835365853658536
0 0.09146341463414634 0.30640243902439024 0.018292682926829267 0.036585365853658534
3 0.6402439024390244 0.573170731707317 0.46747967479674796 0.676829268292683
1 0.2815040650406504 0.2728658536585366 0.12398373983739837 0.25
0 0.08739837398373984 0.41539634146341464 0.01016260162601626 0.05945121951219512
3 0.043191056910569105 0.5083841463414634 0.08638211382113821 0.4893292682926829
0 0.19258130081300814 0.4169207317073171 0.017276422764227643 0.022865853658536585
1 0.34146341463414637 0.6059451219512195 0.028455284552845527 0.053353658536585365
1 0.2738821138211382 0.5602134146341463 0.057926829268292686 0.07774390243902439
1 0.3983739837398374 0.538109756097561 0.032520325203252036 0.039634146341463415
