3 0.4775 0.15 0.135 0.155
3 0.24166666666666667 0.42625 0.15333333333333332 0.1775
3 0.8616666666666667 0.65625 0.16 0.2625
3 0.36083333333333334 0.16625 0.10833333333333334 0.1625
3 0.8941666666666667 0.85375 0.155 0.2325
3 0.1475 0.735 0.17833333333333334 0.26
3 0.73 0.59 0.13 0.175
3 0.7025 0.205 0.11166666666666666 0.175
3 0.2816666666666667 0.27125 0.11333333333333333 0.1775
3 0.23083333333333333 0.60875 0.125 0.1875
3 0.8241666666666667 0.45625 0.145 0.1775
3 0.8016666666666666 0.2875 0.12 0.175
3 0.6091666666666666 0.1575 0.12833333333333333 0.15
