3 0.45571428571428574 0.09871244635193133 0.12285714285714286 0.1630901287553648
3 0.22714285714285715 0.5429184549356223 0.13428571428571429 0.18454935622317598
0 0.8414285714285714 0.740343347639485 0.04285714285714286 0.03862660944206009
3 0.17 0.6931330472103004 0.15714285714285714 0.2446351931330472
3 0.2957142857142857 0.2510729613733906 0.08285714285714285 0.15879828326180256
3 0.7428571428571429 0.37553648068669526 0.13142857142857142 0.1759656652360515
3 0.7885714285714286 0.5407725321888412 0.13142857142857142 0.18025751072961374
3 0.2671428571428571 0.3948497854077253 0.14 0.17167381974248927
3 0.5771428571428572 0.1223175965665236 0.12 0.15879828326180256
3 0.7542857142857143 0.20386266094420602 0.09714285714285714 0.16738197424892703
3 0.8185714285714286 0.6824034334763949 0.15714285714285714 0.24034334763948498
3 0.36 0.16738197424892703 0.09142857142857143 0.15450643776824036
3 0.6628571428571428 0.2017167381974249 0.09714285714285714 0.15450643776824036
0 0.2342857142857143 0.740343347639485 0.017142857142857144 0.012875536480686695
0 0.15857142857142856 0.7618025751072961 0.04285714285714286 0.03862660944206009
0 0.15428571428571428 0.6888412017167382 0.03428571428571429 0.055793991416309016
1 0.8014285714285714 0.6566523605150214 0.12285714285714286 0.17167381974248927
3 0.8428571428571429 0.869098712446352 0.15428571428571428 0.21030042918454936
