3 0.7554166666666666 0.6441947565543071 0.050833333333333335 0.0749063670411985
3 0.3258333333333333 0.4769038701622971 0.056666666666666664 0.12484394506866417
3 0.38416666666666666 0.4762796504369538 0.06333333333333334 0.14107365792759052
0 0.5770833333333333 0.517478152309613 0.024166666666666666 0.016229712858926344
3 0.6995833333333333 0.4769038701622971 0.05583333333333333 0.14232209737827714
3 0.6470833333333333 0.6229712858926342 0.07416666666666667 0.1198501872659176
3 0.32166666666666666 0.6310861423220974 0.06666666666666667 0.13358302122347065
3 0.43333333333333335 0.6298377028714107 0.065 0.14856429463171036
3 0.27708333333333335 0.6329588014981273 0.060833333333333336 0.10736579275905118
3 0.37333333333333335 0.6310861423220974 0.056666666666666664 0.14606741573033707
3 0.2945833333333333 0.5 0.05416666666666667 0.10362047440699126
3 0.5608333333333333 0.4600499375780275 0.09833333333333333 0.1585518102372035
3 0.6404166666666666 0.4681647940074906 0.06583333333333333 0.1523096129837703
3 0.71 0.6385767790262172 0.058333333333333334 0.08614232209737828
3 0.7425 0.5037453183520599 0.051666666666666666 0.10861423220973783
3 0.5054166666666666 0.6317103620474407 0.06583333333333333 0.149812734082397
3 0.5754166666666667 0.6267166042446941 0.0675 0.1373283395755306
3 0.4633333333333333 0.4706616729088639 0.09833333333333333 0.17478152309612985
