3 0.7049742710120068 0.4404470300061237 0.025157232704402517 0.11298224127372933
0 0.4348913664951401 0.461573790569504 0.007004002287021155 0.008266993263931415
3 0.24056603773584906 0.4396815676668708 0.024299599771297885 0.1316595223515003
3 0.5441680960548885 0.45024494794856096 0.09090909090909091 0.16870789957134108
3 0.6964694110920526 0.5506736068585426 0.04416809605488851 0.08297611757501532
3 0.7196969696969697 0.43233312921004285 0.02115494568324757 0.09001837109614207
0 0.6415094339622641 0.6053276178812003 0.02058319039451115 0.03919167176974893
3 0.60062893081761 0.5901714635639926 0.06260720411663807 0.13196570728720147
3 0.6548027444253859 0.5728720146968769 0.05317324185248713 0.12492345376607471
3 0.6728130360205832 0.4598897734231476 0.06203544882790166 0.15982853643600733
3 0.2698684962835906 0.4603490508266993 0.03945111492281304 0.16748315982853643
3 0.6122069754145226 0.4624923453766075 0.061177815894797025 0.13563992651561543
3 0.31403659233847914 0.565523576240049 0.05002858776443682 0.07593386405388855
3 0.4841337907375643 0.6071647274954072 0.05946255002858777 0.13962033067973056
3 0.31646655231560894 0.46876913655848135 0.06689536878216124 0.21187997550520515
3 0.7148370497427101 0.5254133496631965 0.048027444253859346 0.08266993263931414
3 0.36242138364779874 0.5800673606858543 0.06275014293882218 0.12278015921616657
3 0.45275871926815325 0.4421310471524801 0.09190966266437965 0.18064911206368647
3 0.37607204116638077 0.44519289650949173 0.06432246998284734 0.15982853643600733
3 0.4238136077758719 0.593692590324556 0.06289308176100629 0.14206981016533987
3 0.5411663807890223 0.6073178199632578 0.05574614065180103 0.12767911818738517
