3 0.7146719538572458 0.3870967741935484 0.08904109589041095 0.18548387096774194
3 0.3201153568853641 0.4435483870967742 0.07786589762076424 0.17857142857142858
3 0.4992790194664744 0.5803571428571429 0.07498197548666186 0.09389400921658986
3 0.4978370583994232 0.43922811059907835 0.1240086517664023 0.1975806451612903
3 0.3997837058399423 0.5547235023041475 0.083633741888969 0.0956221198156682
3 0.7837058399423216 0.46486175115207373 0.0692141312184571 0.12672811059907835
3 0.6104902667627974 0.4277073732718894 0.11643835616438356 0.22292626728110598
3 0.39563806777217014 0.4536290322580645 0.08904109589041095 0.16647465437788017
3 0.2810021629416006 0.48099078341013823 0.054434030281182405 0.11059907834101383
3 0.779379956741168 0.3948732718894009 0.05263157894736842 0.12039170506912443
3 0.7361211247296323 0.5109447004608295 0.04974765681326604 0.09331797235023041
3 0.22801009372746936 0.3980414746543779 0.07606344628695025 0.1347926267281106
3 0.6876351838500361 0.508352534562212 0.06380677721701514 0.14919354838709678
3 0.6202235039653929 0.5607718894009217 0.07534246575342465 0.10195852534562212
