3 0.5732758620689655 0.9073170731707317 0.09482758620689655 0.13170731707317074
3 0.39827586206896554 0.8878048780487805 0.10344827586206896 0.15121951219512195
3 0.8767241379310344 0.11585365853658537 0.18448275862068966 0.23170731707317074
3 0.2 0.55 0.14482758620689656 0.1878048780487805
3 0.4836206896551724 0.9121951219512195 0.09137931034482759 0.14634146341463414
3 0.14913793103448275 0.3780487804878049 0.19137931034482758 0.2682926829268293
3 0.6482758620689655 0.8646341463414634 0.1 0.16829268292682928
3 0.3112068965517241 0.8219512195121951 0.10517241379310345 0.18536585365853658
3 0.2439655172413793 0.6926829268292682 0.12586206896551724 0.1902439024390244
3 0.7637931034482759 0.6609756097560976 0.1206896551724138 0.18536585365853658
3 0.7965517241379311 0.5048780487804878 0.13793103448275862 0.17073170731707318
3 0.8293103448275863 0.32439024390243903 0.1793103448275862 0.2634146341463415
3 0.09568965517241379 0.15365853658536585 0.18448275862068966 0.22926829268292684
3 0.721551724137931 0.8 0.09137931034482759 0.18048780487804877
