3 0.8934426229508197 0.5546218487394958 0.21059268600252207 0.47058823529411764
0 0.6544766708701135 0.5504201680672269 0.012610340479192938 0.011764705882352941
3 0.08007566204287515 0.4613445378151261 0.1601513240857503 0.5798319327731093
3 0.3373266078184111 0.5302521008403361 0.3770491803278688 0.5764705882352941
0 0.6324085750315258 0.4756302521008403 0.0416141235813367 0.040336134453781515
3 0.6778058007566204 0.5529411764705883 0.2686002522068096 0.4773109243697479
0 0.4426229508196721 0.6764705882352942 0.0201765447667087 0.03529411764705882
0 0.4501891551071879 0.5159663865546219 0.0605296343001261 0.20168067226890757
1 0.6721311475409836 0.5361344537815126 0.25220680958385877 0.31596638655462184
1 0.3720050441361917 0.5453781512605042 0.31273644388398486 0.4151260504201681
