0 0.46166666666666667 0.5931952662721893 0.11666666666666667 0.1804733727810651
0 0.33666666666666667 0.6834319526627219 0.09 0.14201183431952663
3 0.7975 0.5177514792899408 0.305 0.6686390532544378
3 0.455 0.5547337278106509 0.41333333333333333 0.8136094674556213
1 0.3975 0.5931952662721893 0.25166666666666665 0.5059171597633136
3 0.13416666666666666 0.5 0.2683333333333333 0.7514792899408284
3 0.9666666666666667 0.46745562130177515 0.06333333333333334 0.3905325443786982
1 0.11583333333333333 0.5547337278106509 0.23166666666666666 0.45857988165680474
0 0.1 0.5695266272189349 0.2 0.34615384615384615
0 0.1125 0.7396449704142012 0.008333333333333333 0.029585798816568046
