3 0.9812646370023419 0.4098939929328622 0.03278688524590164 0.4098939929328622
3 0.8126463700234192 0.4275618374558304 0.3325526932084309 0.6360424028268551
0 0.6381733021077284 0.44876325088339225 0.02576112412177986 0.13427561837455831
0 0.382903981264637 0.8692579505300353 0.0117096018735363 0.014134275618374558
0 0.4063231850117096 0.8409893992932862 0.0117096018735363 0.02120141342756184
0 0.3231850117096019 0.7826855123674912 0.01405152224824356 0.038869257950530034
3 0.08313817330210772 0.6183745583038869 0.16627634660421545 0.7561837455830389
1 0.319672131147541 0.5706713780918727 0.19437939110070257 0.2508833922261484
3 0.405152224824356 0.5141342756183745 0.5105386416861827 0.8303886925795053
0 0.4133489461358314 0.5547703180212014 0.0117096018735363 0.014134275618374558
0 0.30679156908665106 0.5388692579505301 0.07962529274004684 0.17314487632508835
1 0.6007025761124122 0.450530035335689 0.11475409836065574 0.21554770318021202
