2 0.619375 0.8258426966292135 0.31625 0.11610486891385768
0 0.546875 0.5046816479400749 0.04625 0.035580524344569285
3 0.04 0.5608614232209738 0.08 0.31273408239700373
3 0.268125 0.5608614232209738 0.40375 0.548689138576779
3 0.914375 0.5608614232209738 0.16875 0.5
3 0.6525 0.5720973782771536 0.395 0.6273408239700374
0 0.27625 0.7968164794007491 0.0075 0.013108614232209739
0 0.330625 0.8014981273408239 0.00625 0.011235955056179775
0 0.254375 0.7874531835205992 0.01125 0.013108614232209739
2 0.64875 0.6095505617977528 0.345 0.26779026217228463
