3 0.107 0.42492492492492495 0.046 0.13513513513513514
3 0.188 0.6186186186186187 0.06 0.15015015015015015
0 0.445 0.35585585585585583 0.066 0.03903903903903904
3 0.748 0.3813813813813814 0.076 0.18018018018018017
3 0.794 0.5630630630630631 0.088 0.11711711711711711
3 0.56 0.39039039039039036 0.124 0.18018018018018017
3 0.18 0.4189189189189189 0.068 0.14114114114114115
3 0.123 0.5705705705705706 0.07 0.10810810810810811
3 0.668 0.3768768768768769 0.112 0.1891891891891892
3 0.889 0.5645645645645646 0.054 0.11411411411411411
3 0.687 0.6141141141141141 0.082 0.16516516516516516
3 0.538 0.6201201201201201 0.08 0.17117117117117117
3 0.857 0.5765765765765766 0.066 0.1021021021021021
3 0.615 0.6021021021021021 0.09 0.14714714714714713
3 0.244 0.4039039039039039 0.092 0.17117117117117117
3 0.312 0.6276276276276276 0.084 0.16216216216216217
3 0.137 0.42042042042042044 0.05 0.13213213213213212
3 0.389 0.6156156156156156 0.086 0.15615615615615616
3 0.464 0.6156156156156156 0.08 0.15615615615615616
0 0.401 0.3708708708708709 0.014 0.03303303303303303
3 0.747 0.5855855855855856 0.102 0.14414414414414414
3 0.814 0.39039039039039036 0.06 0.14414414414414414
3 0.852 0.3888888888888889 0.048 0.14714714714714713
3 0.144 0.5975975975975976 0.072 0.11411411411411411
3 0.892 0.37987987987987987 0.04 0.13513513513513514
3 0.257 0.6216216216216216 0.106 0.15015015015015015
3 0.331 0.3978978978978979 0.11 0.16516516516516516
0 0.448 0.3993993993993994 0.028 0.012012012012012012
