3 0.4472573839662447 0.08227848101265822 0.06751054852320675 0.12658227848101267
0 0.25738396624472576 0.3322784810126582 0.02531645569620253 0.0189873417721519
3 0.729957805907173 0.27848101265822783 0.09282700421940929 0.16455696202531644
0 0.8080168776371308 0.8386075949367089 0.046413502109704644 0.06962025316455696
0 0.8839662447257384 0.7689873417721519 0.012658227848101266 0.03164556962025317
0 0.6413502109704642 0.17721518987341772 0.04219409282700422 0.08860759493670886
0 0.5864978902953587 0.11075949367088607 0.05907172995780591 0.08227848101265822
0 0.5253164556962026 0.06962025316455696 0.0379746835443038 0.10126582278481013
0 0.4451476793248945 0.09177215189873418 0.05485232067510549 0.0949367088607595
0 0.39029535864978904 0.12974683544303797 0.05485232067510549 0.08227848101265822
3 0.5189873417721519 0.06329113924050633 0.06751054852320675 0.12658227848101267
3 0.3143459915611814 0.18037974683544303 0.0970464135021097 0.14556962025316456
3 0.6582278481012658 0.15822784810126583 0.09282700421940929 0.13924050632911392
0 0.30168776371308015 0.30063291139240506 0.012658227848101266 0.03164556962025317
3 0.25949367088607594 0.29430379746835444 0.10548523206751055 0.15822784810126583
3 0.18143459915611815 0.8354430379746836 0.1518987341772152 0.22784810126582278
0 0.2848101265822785 0.27848101265822783 0.012658227848101266 0.02531645569620253
0 0.3333333333333333 0.189873417721519 0.05907172995780591 0.10126582278481013
3 0.8270042194092827 0.8164556962025317 0.16033755274261605 0.24050632911392406
3 0.7552742616033755 0.40822784810126583 0.11814345991561181 0.15822784810126583
3 0.5949367088607594 0.09177215189873418 0.09282700421940929 0.14556962025316456
3 0.3818565400843882 0.11708860759493671 0.08016877637130802 0.13291139240506328
3 0.8143459915611815 0.5886075949367089 0.16033755274261605 0.25316455696202533
3 0.22573839662447256 0.4272151898734177 0.12236286919831224 0.15822784810126583
3 0.20464135021097046 0.6139240506329114 0.1729957805907173 0.24050632911392406
