3 0.524 0.5196261682242991 0.30933333333333335 0.4934579439252336
3 0.25866666666666666 0.5093457943925234 0.18666666666666668 0.35700934579439253
3 0.8173333333333334 0.5093457943925234 0.29333333333333333 0.49906542056074765
0 0.6193333333333333 0.5037383177570094 0.03333333333333333 0.05046728971962617
0 0.6293333333333333 0.5747663551401869 0.021333333333333333 0.06542056074766354
0 0.9206666666666666 0.6093457943925233 0.012 0.007476635514018692
3 0.08266666666666667 0.5308411214953271 0.16533333333333333 0.3663551401869159
1 0.6246666666666667 0.602803738317757 0.10266666666666667 0.2672897196261682
1 0.25933333333333336 0.5177570093457944 0.16666666666666666 0.3401869158878505
0 0.2733333333333333 0.5205607476635514 0.13066666666666665 0.2822429906542056
