0 0.65125 0.6217228464419475 0.0575 0.14232209737827714
0 0.27375 0.5786516853932584 0.0475 0.10112359550561797
0 0.18 0.5 0.11 0.04119850187265917
0 0.895 0.50187265917603 0.04 0.09737827715355805
0 0.61625 0.49250936329588013 0.0375 0.04119850187265917
0 0.43125 0.5093632958801498 0.0275 0.0599250936329588
3 0.29 0.5056179775280899 0.475 0.6367041198501873
0 0.83875 0.795880149812734 0.0225 0.026217228464419477
3 0.75125 0.5205992509363296 0.4875 0.6966292134831461
0 0.755 0.43820224719101125 0.05 0.10486891385767791
0 0.75125 0.3295880149812734 0.0225 0.0599250936329588
0 0.77 0.5880149812734082 0.03 0.052434456928838954
0 0.33 0.42134831460674155 0.135 0.18352059925093633
0 0.81125 0.5168539325842697 0.0175 0.0449438202247191
