3 0.30727554179566563 0.4105263157894737 0.15015479876160992 0.21052631578947367
3 0.6772445820433437 0.7336842105263158 0.12229102167182662 0.19157894736842104
3 0.5998452012383901 0.4473684210526316 0.12538699690402477 0.21263157894736842
3 0.13622291021671826 0.3231578947368421 0.19195046439628483 0.3136842105263158
3 0.12693498452012383 0.08947368421052632 0.21052631578947367 0.17473684210526316
3 0.6857585139318886 0.5621052631578948 0.1238390092879257 0.20210526315789473
3 0.5696594427244582 0.7494736842105263 0.1021671826625387 0.16842105263157894
3 0.26393188854489164 0.8042105263157895 0.12848297213622292 0.19789473684210526
3 0.5348297213622291 0.8757894736842106 0.1130030959752322 0.2063157894736842
3 0.45743034055727555 0.8452631578947368 0.10681114551083591 0.17894736842105263
3 0.846749226006192 0.2863157894736842 0.19195046439628483 0.31157894736842107
3 0.22678018575851394 0.5389473684210526 0.16253869969040247 0.21894736842105264
3 0.184984520123839 0.7063157894736842 0.13777089783281735 0.19157894736842104
0 0.14628482972136223 0.07263157894736842 0.029411764705882353 0.035789473684210524
0 0.8413312693498453 0.24842105263157896 0.010835913312693499 0.01263157894736842
0 0.8591331269349846 0.23473684210526316 0.015479876160990712 0.014736842105263158
0 0.6478328173374613 0.28210526315789475 0.0046439628482972135 0.008421052631578947
0 0.6400928792569659 0.2810526315789474 0.007739938080495356 0.010526315789473684
0 0.13157894736842105 0.25157894736842107 0.01238390092879257 0.014736842105263158
3 0.6687306501547987 0.32210526315789473 0.15789473684210525 0.21894736842105264
3 0.3459752321981424 0.5852631578947368 0.12538699690402477 0.20210526315789473
3 0.7894736842105263 0.4831578947368421 0.16408668730650156 0.2294736842105263
3 0.3684210526315789 0.7884210526315789 0.12074303405572756 0.16210526315789472
