3 0.14958333333333335 0.5247747747747747 0.16583333333333333 0.44594594594594594
3 0.48041666666666666 0.5427927927927928 0.19083333333333333 0.46096096096096095
3 0.6716666666666666 0.4804804804804805 0.21833333333333332 0.5195195195195195
0 0.7066666666666667 0.41066066066066065 0.005 0.010510510510510511
0 0.6595833333333333 0.31681681681681684 0.010833333333333334 0.009009009009009009
0 0.3254166666666667 0.3933933933933934 0.1425 0.15315315315315314
0 0.59125 0.4496996996996997 0.0125 0.02252252252252252
0 0.5995833333333334 0.4099099099099099 0.005833333333333334 0.021021021021021023
0 0.7195833333333334 0.36036036036036034 0.0275 0.03003003003003003
3 0.3070833333333333 0.5578078078078078 0.18583333333333332 0.49099099099099097
3 0.8875 0.47072072072072074 0.22333333333333333 0.45495495495495497
3 0.08541666666666667 0.5968468468468469 0.10083333333333333 0.4039039039039039
0 0.6408333333333334 0.34384384384384387 0.015 0.018018018018018018
0 0.6604166666666667 0.3333333333333333 0.004166666666666667 0.003003003003003003
0 0.7091666666666666 0.31156156156156156 0.008333333333333333 0.01951951951951952
0 0.9158333333333334 0.3160660660660661 0.13 0.13963963963963963
0 0.16541666666666666 0.42342342342342343 0.13416666666666666 0.23423423423423423
