3 0.042317708333333336 0.388671875 0.08203125 0.27734375
0 0.794921875 0.57470703125 0.005208333333333333 0.0087890625
0 0.14583333333333334 0.408203125 0.010416666666666666 0.0234375
1 0.3447265625 0.482421875 0.16861979166666666 0.21484375
0 0.21842447916666666 0.43115234375 0.004557291666666667 0.0263671875
0 0.5406901041666666 0.39306640625 0.008463541666666666 0.0048828125
0 0.5693359375 0.37451171875 0.004557291666666667 0.0126953125
0 0.787109375 0.5537109375 0.005208333333333333 0.01171875
3 0.5563151041666666 0.5224609375 0.2858072916666667 0.3828125
0 0.2757161458333333 0.396484375 0.012369791666666666 0.033203125
0 0.2721354166666667 0.4794921875 0.009114583333333334 0.017578125
3 0.345703125 0.48291015625 0.171875 0.3193359375
3 0.16438802083333334 0.47216796875 0.20377604166666666 0.2919921875
0 0.736328125 0.5361328125 0.005208333333333333 0.021484375
3 0.8157552083333334 0.54443359375 0.26953125 0.4013671875
