0 0.33370535714285715 0.7181208053691275 0.08705357142857142 0.12751677852348994
0 0.3783482142857143 0.4983221476510067 0.16294642857142858 0.29194630872483224
0 0.23660714285714285 0.5587248322147651 0.04017857142857143 0.17114093959731544
1 0.40625 0.5083892617449665 0.42410714285714285 0.714765100671141
0 0.7957589285714286 0.7197986577181208 0.011160714285714286 0.016778523489932886
3 0.9810267857142857 0.3724832214765101 0.033482142857142856 0.2953020134228188
0 0.48660714285714285 0.22986577181208054 0.017857142857142856 0.03691275167785235
3 0.44754464285714285 0.5083892617449665 0.5691964285714286 0.9228187919463087
3 0.8392857142857143 0.6359060402684564 0.3080357142857143 0.35906040268456374
3 0.10379464285714286 0.46140939597315433 0.20758928571428573 0.7885906040268457
0 0.2767857142857143 0.32046979865771813 0.044642857142857144 0.050335570469798654
0 0.4497767857142857 0.7013422818791947 0.06473214285714286 0.2080536912751678
