3 0.865 0.5527156549520766 0.266 0.7220447284345048
0 0.046 0.5527156549520766 0.016 0.012779552715654952
1 0.483 0.5814696485623003 0.43 0.44089456869009586
3 0.139 0.4792332268370607 0.278 0.549520766773163
0 0.516 0.5575079872204473 0.344 0.3035143769968051
0 0.984 0.6869009584664537 0.028 0.12779552715654952
0 0.938 0.6086261980830671 0.052 0.03514376996805112
0 0.851 0.6038338658146964 0.062 0.03194888178913738
0 0.988 0.4680511182108626 0.016 0.15654952076677317
0 0.082 0.536741214057508 0.036 0.025559105431309903
0 0.177 0.5191693290734825 0.086 0.08626198083067092
0 0.624 0.3514376996805112 0.024 0.012779552715654952
0 0.484 0.35942492012779553 0.008 0.03514376996805112
3 0.499 0.5175718849840255 0.49 0.7220447284345048
