3 0.23916666666666667 0.4925 0.425 0.63
3 0.81 0.5525 0.28 0.495
3 0.9675 0.59125 0.06166666666666667 0.4875
3 0.5633333333333334 0.54875 0.25333333333333335 0.5525
0 0.020833333333333332 0.5625 0.008333333333333333 0.03
0 0.029166666666666667 0.24875 0.021666666666666667 0.0325
0 0.5441666666666667 0.53 0.09166666666666666 0.025
0 0.18416666666666667 0.5375 0.005 0.015
0 0.37 0.515 0.01 0.015
0 0.2625 0.515 0.011666666666666667 0.01
1 0.6375 0.48375 0.085 0.1775
3 0.059166666666666666 0.37375 0.11833333333333333 0.5525
