3 0.565 0.13688212927756654 0.14333333333333334 0.16730038022813687
3 0.07333333333333333 0.8098859315589354 0.14666666666666667 0.21292775665399238
3 0.8733333333333333 0.844106463878327 0.16666666666666666 0.19771863117870722
3 0.79 0.40874524714828897 0.13333333333333333 0.14068441064638784
3 0.6833333333333333 0.18250950570342206 0.11333333333333333 0.1520912547528517
0 0.10333333333333333 0.7110266159695817 0.06 0.06844106463878327
3 0.12666666666666668 0.6653992395437263 0.16666666666666666 0.22053231939163498
3 0.8216666666666667 0.6977186311787072 0.17666666666666667 0.22433460076045628
3 0.14833333333333334 0.5209125475285171 0.13666666666666666 0.13688212927756654
3 0.815 0.526615969581749 0.14333333333333334 0.14068441064638784
3 0.7466666666666667 0.27566539923954375 0.12 0.1482889733840304
3 0.885 0.9524714828897338 0.15666666666666668 0.08745247148288973
3 0.425 0.13878326996197718 0.13666666666666666 0.17110266159695817
3 0.06666666666666667 0.9429657794676806 0.13333333333333333 0.10646387832699619
3 0.195 0.4068441064638783 0.14333333333333334 0.1444866920152091
3 0.31166666666666665 0.1806083650190114 0.13 0.14068441064638784
3 0.24 0.26806083650190116 0.13333333333333333 0.155893536121673
