3 0.048125 0.8907721280602636 0.09125 0.21468926553672316
3 0.905 0.5903954802259888 0.1875 0.5480225988700564
3 0.62875 0.5612052730696798 0.42 0.583804143126177
1 0.230625 0.5433145009416196 0.38875 0.4463276836158192
0 0.100625 0.6440677966101694 0.06125 0.1807909604519774
0 0.220625 0.623352165725047 0.01875 0.030131826741996232
0 0.3075 0.4924670433145009 0.1525 0.22033898305084745
0 0.255 0.4689265536723164 0.01 0.007532956685499058
1 0.629375 0.5508474576271186 0.41375 0.3935969868173258
0 0.438125 0.7137476459510358 0.01625 0.030131826741996232
0 0.458125 0.6826741996233522 0.04625 0.02824858757062147
0 0.415625 0.6026365348399246 0.01375 0.018832391713747645
0 0.361875 0.6271186440677966 0.09875 0.060263653483992465
0 0.61875 0.6252354048964218 0.0525 0.07909604519774012
3 0.213125 0.596045197740113 0.42625 0.623352165725047
0 0.504375 0.568738229755179 0.07125 0.17325800376647835
