0 0.24308300395256918 0.5542427497314716 0.004830917874396135 0.009308986752595776
1 0.8435441370223979 0.3306480486931615 0.010759771629336846 0.017543859649122806
3 0.605072463768116 0.80343716433942 0.09859464207290294 0.15252416756176154
3 0.8369565217391305 0.24579305406373075 0.1701800614844093 0.30683852488363766
3 0.7245278875713659 0.6102756892230576 0.11440491875274483 0.22090941639813821
3 0.08333333333333333 0.04457572502685284 0.15217391304347827 0.08628714643752237
3 0.9789196310935442 0.020229144289294666 0.041721563460693896 0.03759398496240601
3 0.7712999560825647 0.4480844969566774 0.12845849802371542 0.20802005012531327
3 0.6359244620114185 0.6997851772287863 0.11857707509881422 0.18510562119584675
3 0.8931708388230127 0.060866451843895455 0.1512955643390426 0.12173290368779091
3 0.12812911725955203 0.22878625134264233 0.18028107158541942 0.3050483351235231
3 0.29292929292929293 0.7361260293591121 0.103645147123408 0.18045112781954886
3 0.18434343434343434 0.42696025778732544 0.13724198506807203 0.20802005012531327
3 0.22529644268774704 0.5989974937343359 0.11550285463328941 0.20766201217329036
3 0.45816864295125165 0.8174006444683136 0.0836627140974967 0.15753669889008234
3 0.37450592885375494 0.8045112781954887 0.09156785243741765 0.17042606516290726
3 0.5314009661835749 0.7857142857142857 0.08871321914800176 0.1686358754027927
0 0.7505489679402723 0.47619047619047616 0.005709266578831796 0.015753669889008236
0 0.7323232323232324 0.4824561403508772 0.006587615283267457 0.007518796992481203
0 0.7310057092665788 0.5599713569638382 0.007905138339920948 0.014321518080916577
0 0.764163372859025 0.40852130325814534 0.021958717610891524 0.015037593984962405
0 0.8983311374615722 0.1811672037235947 0.007026789635485288 0.007160759040458289
1 0.8685770750988142 0.1573576799140709 0.010320597277119016 0.019692087361260293
