3 0.845 0.6101190476190477 0.14333333333333334 0.24404761904761904
3 0.5466666666666666 0.08928571428571429 0.13333333333333333 0.17857142857142858
3 0.2 0.49107142857142855 0.17333333333333334 0.24404761904761904
3 0.13833333333333334 0.7857142857142857 0.19666666666666666 0.4166666666666667
3 0.7333333333333333 0.2113095238095238 0.14 0.24404761904761904
3 0.895 0.8303571428571429 0.18333333333333332 0.3273809523809524
3 0.24666666666666667 0.2648809523809524 0.14 0.24404761904761904
3 0.41833333333333333 0.11011904761904762 0.13 0.22023809523809523
3 0.6466666666666666 0.11904761904761904 0.12 0.23809523809523808
3 0.3233333333333333 0.14285714285714285 0.11333333333333333 0.23809523809523808
3 0.79 0.4107142857142857 0.16 0.2619047619047619
