3 0.4357682619647355 0.5176991150442478 0.17632241813602015 0.45132743362831856
1 0.04408060453400504 0.6747787610619469 0.08816120906801007 0.06637168141592921
1 0.9395465994962217 0.4269911504424779 0.055415617128463476 0.11946902654867257
1 0.8778337531486146 0.3805309734513274 0.05793450881612091 0.10619469026548672
1 0.6977329974811083 0.5486725663716814 0.08564231738035265 0.20353982300884957
1 0.6246851385390428 0.4314159292035398 0.07052896725440806 0.11946902654867257
0 0.4659949622166247 0.4756637168141593 0.030226700251889168 0.11946902654867257
3 0.08438287153652393 0.6637168141592921 0.16876574307304787 0.36283185840707965
3 0.6423173803526449 0.42920353982300885 0.2619647355163728 0.4778761061946903
3 0.2607052896725441 0.5907079646017699 0.19395465994962216 0.47345132743362833
3 0.9697732997481109 0.13495575221238937 0.055415617128463476 0.2168141592920354
3 0.020151133501259445 0.9004424778761062 0.04030226700251889 0.17256637168141592
3 0.8702770780856424 0.4269911504424779 0.24937027707808565 0.4646017699115044
1 0.4521410579345088 0.49336283185840707 0.0982367758186398 0.2345132743362832
