0 0.49722222222222223 0.6333333333333333 0.07222222222222222 0.06666666666666667
0 0.24791666666666667 0.42685185185185187 0.15416666666666667 0.21296296296296297
3 0.06319444444444444 0.575925925925926 0.12361111111111112 0.5481481481481482
3 0.8784722222222222 0.23796296296296296 0.24027777777777778 0.4759259259259259
3 0.7861111111111111 0.5990740740740741 0.35 0.5722222222222222
3 0.3715277777777778 0.49537037037037035 0.5236111111111111 0.6351851851851852
1 0.37083333333333335 0.47129629629629627 0.45555555555555555 0.5537037037037037
0 0.4076388888888889 0.3037037037037037 0.09305555555555556 0.2074074074074074
0 0.19722222222222222 0.6175925925925926 0.06111111111111111 0.10555555555555556
0 0.24722222222222223 0.6101851851851852 0.13055555555555556 0.12407407407407407
0 0.2 0.525 0.016666666666666666 0.03148148148148148
0 0.525 0.4398148148148148 0.05277777777777778 0.07592592592592592
0 0.28541666666666665 0.5148148148148148 0.043055555555555555 0.05925925925925926
0 0.38819444444444445 0.7074074074074074 0.1486111111111111 0.07037037037037037
