3 0.33483976992604764 0.4731123388581952 0.060969597370583405 0.19410681399631677
3 0.6704190632703368 0.472744014732965 0.05834018077239113 0.23683241252302026
3 0.37880032867707475 0.5942909760589319 0.04239934264585045 0.0430939226519337
3 0.2943303204601479 0.44604051565377534 0.04174198849630238 0.18047882136279927
3 0.5590797041906327 0.6171270718232044 0.06277732128184059 0.06445672191528545
3 0.6210353327855382 0.603683241252302 0.06376335250616269 0.04640883977900553
3 0.5435497124075596 0.49742173112338856 0.08233360723089564 0.2132596685082873
3 0.4974527526705012 0.6138121546961326 0.06113393590797042 0.07697974217311233
3 0.7129827444535743 0.4572744014732965 0.041577649958915365 0.22357274401473295
3 0.3915365653245686 0.4839779005524862 0.07411668036154478 0.20478821362799263
3 0.2629416598192276 0.42154696132596686 0.030238290879211174 0.16169429097605892
3 0.7691865242399343 0.42062615101289136 0.02744453574363188 0.16058931860036832
3 0.4599835661462613 0.49171270718232046 0.08512736236647493 0.2128913443830571
3 0.7456039441248973 0.44014732965009207 0.02826622843056697 0.19668508287292819
3 0.433114215283484 0.6044198895027625 0.06721446179129006 0.06482504604051566
3 0.6133935907970419 0.481767955801105 0.0705012325390304 0.2165745856353591
