1 0.9165580182529335 0.15760869565217392 0.1303780964797914 0.14130434782608695
3 0.6649282920469362 0.4369565217391304 0.13559322033898305 0.2782608695652174
1 0.5651890482398957 0.5891304347826087 0.09517601043024772 0.10869565217391304
1 0.6734028683181226 0.43478260869565216 0.11082138200782268 0.24782608695652175
1 0.7842242503259452 0.3532608695652174 0.12646675358539766 0.17173913043478262
3 0.9517601043024772 0.02282608695652174 0.0938722294654498 0.041304347826086954
3 0.9217731421121251 0.15978260869565217 0.15384615384615385 0.19782608695652174
3 0.5495436766623207 0.5119565217391304 0.1316818774445893 0.2717391304347826
3 0.7842242503259452 0.3576086956521739 0.15514993481095177 0.20217391304347826
1 0.4172099087353325 0.6565217391304348 0.15123859191655803 0.12173913043478261
1 0.5338983050847458 0.4380434782608696 0.08735332464146023 0.11521739130434783
1 0.3891786179921773 0.4467391304347826 0.15514993481095177 0.14565217391304347
0 0.17926988265971316 0.6728260869565217 0.011734028683181226 0.03695652173913044
0 0.15971316818774445 0.5478260869565217 0.00651890482398957 0.017391304347826087
0 0.17079530638852672 0.6032608695652174 0.005215123859191656 0.04565217391304348
3 0.3852672750977836 0.55 0.22294654498044328 0.3565217391304348
3 0.227509778357236 0.6684782608695652 0.21773142112125163 0.35
