3 0.20879676440849343 0.5527047522750252 0.0859453993933266 0.13877654196157735
3 0.24435456690259522 0.36564711830131447 0.09167509268621503 0.22371081900910011
3 0.621587462082912 0.5932760364004045 0.08442871587462084 0.20070778564206268
3 0.5358948432760364 0.6107178968655207 0.09167509268621503 0.19716885743174925
3 0.6524266936299292 0.3479524772497472 0.07633973710819009 0.20551061678463095
3 0.7893495112908662 0.32848837209302323 0.08257499157398045 0.16102123356926187
3 0.7337377822716549 0.5385490394337715 0.1102123356926188 0.15647118301314458
3 0.8529659588810246 0.3140798786653185 0.047691270643747896 0.1038928210313448
3 0.17433434445567914 0.3748736097067745 0.06117290192113246 0.14509605662285135
3 0.326845298281092 0.3695652173913043 0.08543983822042467 0.21739130434782608
3 0.43714189416919447 0.6172901921132457 0.09976407145264576 0.1890798786653185
3 0.34622514324233233 0.612108190091001 0.0908324907313785 0.18174924165824063
3 0.7226154364678126 0.34719413549039435 0.08796764408493428 0.18680485338725986
3 0.7799966295921806 0.4981041456016178 0.10465116279069768 0.13624873609706775
3 0.18495112908661948 0.5200960566228514 0.10701044826423997 0.11905965621840242
3 0.4166666666666667 0.3384732052578362 0.14004044489383216 0.23255813953488372
3 0.6970003370407819 0.5777300303336703 0.07819346140883048 0.18124368048533873
3 0.271402089652848 0.5877148634984833 0.0719582069430401 0.17290192113245703
3 0.55350522413212 0.3423913043478261 0.14644421975058983 0.2211830131445905
