3 0.24666666666666667 0.5141666666666667 0.2288888888888889 0.395
0 0.6372222222222222 0.45166666666666666 0.05444444444444444 0.13
3 0.8394444444444444 0.3125 0.3188888888888889 0.5283333333333333
3 0.5394444444444444 0.6908333333333333 0.01888888888888889 0.011666666666666667
1 0.51 0.4741666666666667 0.3244444444444444 0.4683333333333333
3 0.5311111111111111 0.44333333333333336 0.37333333333333335 0.5366666666666666
0 0.22166666666666668 0.43 0.012222222222222223 0.013333333333333334
0 0.07944444444444444 0.5166666666666667 0.01 0.04
0 0.49666666666666665 0.6933333333333334 0.013333333333333334 0.016666666666666666
0 0.4688888888888889 0.6141666666666666 0.006666666666666667 0.015
0 0.41833333333333333 0.5125 0.03666666666666667 0.12833333333333333
3 0.07277777777777777 0.5825 0.14555555555555555 0.37166666666666665
