3 0.725 0.2911111111111111 0.11666666666666667 0.14666666666666667
0 0.205 0.5133333333333333 0.023333333333333334 0.06666666666666667
3 0.7366666666666667 0.39555555555555555 0.02666666666666667 0.035555555555555556
3 0.75 0.4488888888888889 0.02 0.02666666666666667
3 0.8016666666666666 0.5333333333333333 0.03 0.08
3 0.20333333333333334 0.5044444444444445 0.12 0.13777777777777778
3 0.175 0.6488888888888888 0.14333333333333334 0.20444444444444446
0 0.25333333333333335 0.4288888888888889 0.02 0.04
3 0.805 0.6955555555555556 0.13666666666666666 0.2088888888888889
3 0.7933333333333333 0.5288888888888889 0.12 0.13333333333333333
3 0.755 0.4222222222222222 0.13 0.13333333333333333
3 0.5633333333333334 0.13777777777777778 0.12 0.16
3 0.6616666666666666 0.18444444444444444 0.10333333333333333 0.14666666666666667
3 0.44666666666666666 0.13555555555555557 0.12666666666666668 0.15555555555555556
3 0.3466666666666667 0.17333333333333334 0.11333333333333333 0.1511111111111111
3 0.28833333333333333 0.2733333333333333 0.11 0.15555555555555556
3 0.25333333333333335 0.40444444444444444 0.12 0.14222222222222222
0 0.18166666666666667 0.7 0.07 0.07555555555555556
