0 0.19986410405746458 0.2983842641376888 0.028149873810910504 0.02985598876009835
3 0.19238982721801592 0.049350193185809625 0.1296835565909532 0.09870038637161925
3 0.40283440108716756 0.615033368458026 0.07338380896913221 0.1334738321039691
0 0.24975732867404388 0.2743238496663154 0.0165016501650165 0.02528977871443625
3 0.6742380120364978 0.5614682121531437 0.0858085808580858 0.18018967334035826
3 0.22199572898466316 0.19985950122936424 0.14540865851291013 0.2571127502634352
1 0.22442244224422442 0.20828942746750967 0.11221122112211221 0.21285563751317177
3 0.24519510774606873 0.3672286617492097 0.10017472335468841 0.15419740077274324
3 0.3371190060182489 0.5523357920618195 0.0836730731896719 0.17737969792764313
3 0.28353717724713645 0.47137337548296454 0.08755581440496991 0.16297857393747806
3 0.6161910308677927 0.6357569371268001 0.07260726072607261 0.13558131366350545
0 0.7540283440108717 0.39234281700035123 0.060570762958648806 0.10748155953635406
0 0.7278198408076102 0.46241657885493503 0.047757716948165406 0.07060063224446786
3 0.47699475829935933 0.6554267650158061 0.07260726072607261 0.11801896733403583
3 0.5468841001747233 0.6575342465753424 0.0687245195107746 0.11310151036178434
3 0.7424771888953601 0.49350193185809627 0.0448456610366919 0.08991921320688444
