3 0.2005859375 0.46221441124780316 0.351171875 0.5190392501464558
0 0.2015625 0.36965436438195665 0.1640625 0.18863503222026948
3 0.5345703125 0.4941417691857059 0.326953125 0.520796719390744
0 0.4599609375 0.45752782659636787 0.019921875 0.018746338605741066
3 0.7970703125 0.45840656121851203 0.248046875 0.4434680726420621
0 0.5478515625 0.4961921499707089 0.038671875 0.070298769771529
0 0.7619140625 0.3995313415348565 0.016796875 0.0351493848857645
1 0.7982421875 0.4721734036321031 0.155078125 0.15231400117164617
3 0.9490234375 0.5032220269478618 0.101171875 0.37961335676625657
0 0.40703125 0.5954891622729935 0.01640625 0.05565319273579379
