3 0.481981981981982 0.60546875 0.3783783783783784 0.6171875
0 0.46734234234234234 0.57421875 0.024774774774774775 0.0234375
1 0.46621621621621623 0.630859375 0.18018018018018017 0.43359375
0 0.46846846846846846 0.515625 0.036036036036036036 0.046875
0 0.5743243243243243 0.572265625 0.018018018018018018 0.01171875
3 0.7781531531531531 0.763671875 0.31756756756756754 0.46484375
0 0.5349099099099099 0.4609375 0.006756756756756757 0.015625
3 0.22297297297297297 0.41015625 0.25225225225225223 0.484375
3 0.08333333333333333 0.18359375 0.16666666666666666 0.3671875
0 0.8141891891891891 0.849609375 0.006756756756756757 0.03515625
0 0.8693693693693694 0.8359375 0.009009009009009009 0.015625
0 0.8141891891891891 0.70703125 0.006756756756756757 0.03125
