0 0.7320675105485233 0.4768211920529801 0.012658227848101266 0.019867549668874173
0 0.4694092827004219 0.5182119205298014 0.12025316455696203 0.18211920529801323
0 0.6571729957805907 0.5165562913907285 0.006329113924050633 0.026490066225165563
0 0.7742616033755274 0.4470198675496689 0.03375527426160337 0.039735099337748346
0 0.8607594936708861 0.4288079470198676 0.02531645569620253 0.029801324503311258
3 0.8860759493670886 0.4917218543046358 0.189873417721519 0.31456953642384106
3 0.6972573839662447 0.5115894039735099 0.1962025316455696 0.32781456953642385
0 0.0938818565400844 0.6357615894039735 0.052742616033755275 0.11258278145695365
3 0.20358649789029537 0.5314569536423841 0.29324894514767935 0.4337748344370861
0 0.9272151898734177 0.4602649006622517 0.014767932489451477 0.019867549668874173
