3 0.851063829787234 0.516042780748663 0.28191489361702127 0.393048128342246
0 0.44813829787234044 0.5447860962566845 0.0062056737588652485 0.012032085561497326
0 0.6356382978723404 0.4946524064171123 0.0070921985815602835 0.05080213903743316
1 0.8062943262411347 0.5006684491978609 0.18351063829787234 0.21524064171122995
1 0.37189716312056736 0.47058823529411764 0.11436170212765957 0.16042780748663102
3 0.13164893617021275 0.4197860962566845 0.2225177304964539 0.3074866310160428
1 0.5656028368794326 0.49732620320855614 0.2624113475177305 0.2807486631016043
3 0.5704787234042553 0.4786096256684492 0.2721631205673759 0.40106951871657753
3 0.33111702127659576 0.4565508021390374 0.1976950354609929 0.33288770053475936
0 0.33865248226950356 0.41911764705882354 0.010638297872340425 0.0066844919786096255
