3 0.1700750711881957 0.50951271597748 0.06135128138752265 0.2133566297806251
3 0.898006730520321 0.5081537565521258 0.04918457157649495 0.1784119588429431
3 0.21887134351540255 0.6870510580469812 0.07274139269997411 0.1712288875946418
3 0.8416386228319959 0.6726849155503786 0.07830701527310381 0.14754416618132402
3 0.21453533523168522 0.5233935158221704 0.07157649495210976 0.23179965055329063
3 0.7180947450168264 0.72820811492914 0.09319181982914833 0.24228305183459523
3 0.6970618690137199 0.5359153562415065 0.10885322288376909 0.21296835565909533
3 0.786241263266891 0.5449427295670743 0.09021485891793943 0.2512133566297806
3 0.5713176287859176 0.5131042516016308 0.15687289671239968 0.27373325567850904
3 0.27944602640434896 0.717433508056688 0.07222366036758995 0.1593865268879829
3 0.12199068081801709 0.4701028926422054 0.05319699715247217 0.19122500485342653
3 0.14554750194149624 0.6366724907784896 0.10108723789800673 0.16909337992622792
3 0.5433600828371732 0.7432537371384197 0.10069893864871861 0.22034556396816152
3 0.9117913538700492 0.6227916909337993 0.08633186642505825 0.16773442050087362
3 0.29154801967382865 0.5394098233352747 0.10108723789800673 0.22772277227722773
3 0.4165156614030546 0.5160163075131042 0.15635516438001554 0.2725684333139196
3 0.35445249805850376 0.7141331780236847 0.09487444990939684 0.21490972626674432
3 0.634804556044525 0.727334498155698 0.09280352057986022 0.2024849543777907
3 0.4480973336784882 0.7356823917685886 0.09578048149106912 0.20753251795767813
3 0.8508930882733626 0.5302853814793244 0.07118819570282164 0.21141525917297613
3 0.7850763655190267 0.7185983304212774 0.06795236862542066 0.16016307513104253
