3 0.9664556962025317 0.37577639751552794 0.06455696202531645 0.18840579710144928
3 0.8487341772151898 0.39233954451345754 0.20379746835443038 0.2795031055900621
3 0.4531645569620253 0.6594202898550725 0.1240506329113924 0.2587991718426501
3 0.8911392405063291 0.6594202898550725 0.1240506329113924 0.3830227743271222
3 0.7367088607594937 0.650103519668737 0.10379746835443038 0.34782608695652173
3 0.9677215189873418 0.6532091097308489 0.0620253164556962 0.37060041407867494
3 0.6797468354430379 0.4109730848861284 0.14177215189873418 0.2587991718426501
3 0.5246835443037975 0.39855072463768115 0.16582278481012658 0.2919254658385093
3 0.3905063291139241 0.45134575569358176 0.12278481012658228 0.36024844720496896
3 0.5810126582278481 0.6438923395445134 0.13164556962025317 0.2608695652173913
3 0.10822784810126582 0.36024844720496896 0.15822784810126583 0.2691511387163561
0 0.06835443037974684 0.44616977225672877 0.043037974683544304 0.039337474120082816
3 0.2968354430379747 0.4886128364389234 0.12531645569620253 0.36853002070393376
