3 0.1425 0.4642857142857143 0.285 0.6127819548872181
0 0.47125 0.3966165413533835 0.0225 0.07142857142857142
0 0.45875 0.5582706766917294 0.0375 0.07894736842105263
0 0.58375 0.7368421052631579 0.0675 0.09022556390977443
0 0.51875 0.7330827067669173 0.0425 0.17293233082706766
0 0.93375 0.5075187969924813 0.1275 0.21804511278195488
1 0.51 0.6090225563909775 0.375 0.5714285714285714
3 0.50875 0.5300751879699248 0.4675 0.7218045112781954
3 0.85375 0.5488721804511278 0.2875 0.7293233082706767
0 0.3425 0.39849624060150374 0.04 0.07518796992481203
0 0.44625 0.4830827067669173 0.0225 0.041353383458646614
