3 0.7201612903225807 0.43805309734513276 0.053870967741935484 0.16085372201978138
3 0.2940322580645161 0.5853722019781364 0.0532258064516129 0.14627798021863614
3 0.5933870967741935 0.4281624154086413 0.09709677419354838 0.19625195210827695
3 0.6720967741935484 0.4161894846434149 0.06225806451612903 0.16501821967725144
3 0.7472580645161291 0.4573138990109318 0.034516129032258064 0.13066111400312339
3 0.5017741935483871 0.6017699115044248 0.06870967741935484 0.15720978656949505
3 0.7246774193548388 0.57756376887038 0.03064516129032258 0.1202498698594482
3 0.2667741935483871 0.47683498178032274 0.05806451612903226 0.13222280062467465
3 0.5698387096774193 0.5978656949505466 0.06419354838709677 0.14523685580426862
3 0.6324193548387097 0.5806871421134826 0.06290322580645161 0.1691827173347215
3 0.2275806451612903 0.4976574700676731 0.04935483870967742 0.11035918792295679
3 0.24661290322580645 0.5874544508068714 0.04161290322580645 0.10983862571577303
3 0.3514516129032258 0.5908381051535658 0.06225806451612903 0.16970327954190526
3 0.42096774193548386 0.5921395106715253 0.07225806451612904 0.1618948464341489
3 0.4898387096774194 0.4305049453409682 0.11258064516129032 0.19573138990109318
3 0.3285483870967742 0.44456012493492975 0.07387096774193548 0.15825091098386257
3 0.687741935483871 0.5825091098386257 0.05161290322580645 0.15720978656949505
3 0.395 0.4341488807912546 0.08225806451612903 0.1655387818844352
