3 0.830168776371308 0.368 0.16666666666666666 0.16533333333333333
3 0.3037974683544304 0.192 0.10126582278481013 0.14933333333333335
3 0.7742616033755274 0.244 0.1518987341772152 0.19466666666666665
3 0.07383966244725738 0.892 0.14767932489451477 0.19466666666666665
3 0.8470464135021097 0.5053333333333333 0.16244725738396623 0.16266666666666665
3 0.1719409282700422 0.428 0.15822784810126583 0.17866666666666667
3 0.42616033755274263 0.14 0.16877637130801687 0.17866666666666667
3 0.879746835443038 0.644 0.1940928270042194 0.25333333333333335
3 0.8945147679324894 0.8026666666666666 0.1940928270042194 0.19733333333333333
3 0.7014767932489452 0.16266666666666665 0.13291139240506328 0.144
3 0.12763713080168776 0.5626666666666666 0.1751054852320675 0.18666666666666668
3 0.09915611814345991 0.7146666666666667 0.1940928270042194 0.2613333333333333
3 0.5843881856540084 0.136 0.16033755274261605 0.18666666666666668
3 0.229957805907173 0.2813333333333333 0.13924050632911392 0.18933333333333333
