3 0.33455882352941174 0.6123273390669794 0.06185121107266436 0.14672921553296847
3 0.6434544405997693 0.44826687516288766 0.02364475201845444 0.16575449569976544
3 0.6189446366782007 0.6170185040396143 0.03373702422145329 0.11962470680218922
3 0.3219434832756632 0.4321084180349231 0.06776239907727798 0.19025280166796976
3 0.4588379469434833 0.44266353922335155 0.08203575547866206 0.2066718790721918
3 0.6004181084198386 0.6226218399791503 0.03618800461361015 0.145426114151681
3 0.5705738177623991 0.616627573625228 0.046280276816609 0.1636695334897055
3 0.6257929642445214 0.4499609069585614 0.04080161476355248 0.18425853531404743
3 0.3876874279123414 0.6071149335418295 0.05363321799307959 0.16601511597602295
3 0.5914071510957324 0.45608548345061245 0.045271049596309114 0.16523325514725046
3 0.18901384083044984 0.44513943184779775 0.04209919261822376 0.12249152984102163
3 0.38624567474048443 0.4345843106593693 0.0657439446366782 0.1816523325514725
3 0.43843713956170705 0.6015115976022934 0.049596309111880045 0.1558509252019807
3 0.5289792387543253 0.6217096690122491 0.049596309111880045 0.15298410216314828
3 0.2277249134948097 0.4433150899139953 0.042820069204152246 0.1339588219963513
3 0.5359717416378316 0.4530883502736513 0.07598039215686274 0.19051342194422727
3 0.2501441753171857 0.5861350013031014 0.07122260668973472 0.1052905916080271
3 0.2920271049596309 0.6038571800886109 0.0589677047289504 0.12249152984102163
3 0.6219723183391004 0.5964295022152724 0.05161476355247981 0.11858222569715923
3 0.6547722029988466 0.4545217617930675 0.0197520184544406 0.14386239249413604
3 0.2684544405997693 0.44266353922335155 0.046424452133794696 0.15506906437320825
3 0.48428489042675893 0.6168881939014855 0.047001153402537486 0.16523325514725046
