3 0.4454784733972551 0.27834179357022 0.22617033276931753 0.35194585448392557
3 0.6116751269035533 0.6112521150592216 0.14006392178981011 0.21799210377890582
3 0.8157548411355517 0.516497461928934 0.12521150592216582 0.18527918781725888
3 0.9110735100582816 0.21122391426959955 0.1018988531678887 0.3767625493513818
0 0.9157736416619665 0.501551043429216 0.10302688475277308 0.1553863508178229
3 0.8103026884752773 0.23815566835871405 0.1312276743748825 0.29244218838127467
3 0.6657266403459297 0.2632543711223914 0.2233502538071066 0.3900169204737733
3 0.07830419251739049 0.5486463620981388 0.09907877420567776 0.22588832487309646
3 0.26818950930626057 0.25070501974055276 0.1551043429216018 0.311336717428088
3 0.1322617033276932 0.561336717428088 0.10810302688475278 0.20163564579808235
3 0.476029328821207 0.6208403835307389 0.14927617973303253 0.2326565143824027
3 0.06420379770633577 0.2188381274675691 0.06034968979131416 0.26001128031584886
3 0.3543899229178417 0.6106880992667795 0.13310772701635645 0.25070501974055276
3 0.14485805602556873 0.2533840947546531 0.10885504794134236 0.3448956570783982
3 0.734724572288024 0.5851663846587705 0.13874788494077833 0.17822899041173154
3 0.23594660650498214 0.5874224478285393 0.12107539011092311 0.24985899605188946
