0 0.5816666666666667 0.34787018255578095 0.02666666666666667 0.018255578093306288
1 0.6408333333333334 0.4716024340770791 0.31833333333333336 0.2778904665314402
0 0.15 0.2920892494929006 0.006666666666666667 0.032454361054766734
0 0.6416666666666667 0.19776876267748478 0.02 0.05070993914807302
3 0.43666666666666665 0.5091277890466531 0.79 0.7910750507099391
0 0.14583333333333334 0.3813387423935091 0.008333333333333333 0.056795131845841784
0 0.495 0.7718052738336714 0.06 0.12778904665314403
0 0.4475 0.6318458417849898 0.03166666666666667 0.09939148073022312
3 0.6558333333333334 0.22920892494929007 0.495 0.4543610547667343
0 0.5383333333333333 0.44726166328600403 0.03333333333333333 0.05070993914807302
