3 0.6197916666666666 0.5183333333333333 0.08541666666666667 0.16333333333333333
3 0.815625 0.5533333333333333 0.035416666666666666 0.09333333333333334
3 0.30104166666666665 0.565 0.06875 0.17666666666666667
3 0.134375 0.45666666666666667 0.06875 0.11333333333333333
0 0.14895833333333333 0.27666666666666667 0.10208333333333333 0.06666666666666667
0 0.89375 0.585 0.020833333333333332 0.023333333333333334
0 0.8583333333333333 0.5233333333333333 0.058333333333333334 0.08
0 0.84375 0.355 0.008333333333333333 0.016666666666666666
0 0.784375 0.335 0.05625 0.03666666666666667
0 0.8802083333333334 0.29 0.04791666666666667 0.04
3 0.340625 0.4033333333333333 0.09791666666666667 0.20666666666666667
3 0.5375 0.5333333333333333 0.0875 0.16
3 0.2520833333333333 0.5366666666666666 0.04583333333333333 0.08
3 0.7072916666666667 0.5433333333333333 0.08541666666666667 0.21333333333333335
3 0.17395833333333333 0.49166666666666664 0.08541666666666667 0.15666666666666668
3 0.3770833333333333 0.56 0.09166666666666666 0.16666666666666666
3 0.44583333333333336 0.42 0.11666666666666667 0.14666666666666667
3 0.76875 0.54 0.075 0.18666666666666668
3 0.14583333333333334 0.47833333333333333 0.0625 0.14333333333333334
3 0.903125 0.35 0.11041666666666666 0.17333333333333334
3 0.884375 0.49333333333333335 0.11458333333333333 0.16666666666666666
3 0.14375 0.32666666666666666 0.14166666666666666 0.17333333333333334
3 0.7854166666666667 0.42 0.125 0.21333333333333335
0 0.215625 0.5066666666666667 0.03958333333333333 0.12
0 0.5552083333333333 0.395 0.09375 0.12333333333333334
3 0.2520833333333333 0.4083333333333333 0.075 0.22333333333333333
3 0.453125 0.5483333333333333 0.08125 0.16333333333333333
