3 0.5877700617283951 0.49254115226337447 0.17554012345679013 0.2813786008230453
3 0.24228395061728394 0.8166152263374485 0.12808641975308643 0.2978395061728395
3 0.2795138888888889 0.5162037037037037 0.11689814814814815 0.2525720164609053
3 0.21103395061728394 0.5576131687242798 0.11959876543209877 0.33539094650205764
0 0.671875 0.5043724279835391 0.004243827160493827 0.00874485596707819
3 0.4226466049382716 0.46810699588477367 0.17939814814814814 0.3816872427983539
0 0.8707561728395061 0.5295781893004116 0.006172839506172839 0.007716049382716049
0 0.8354552469135802 0.5167181069958847 0.022762345679012346 0.01594650205761317
2 0.18479938271604937 0.8667695473251029 0.012345679012345678 0.06893004115226338
3 0.8422067901234568 0.6093106995884774 0.11805555555555555 0.3029835390946502
3 0.3472222222222222 0.7669753086419753 0.1111111111111111 0.30349794238683125
3 0.8487654320987654 0.8425925925925926 0.06481481481481481 0.16769547325102882
0 0.5625 0.5249485596707819 0.0030864197530864196 0.01286008230452675
0 0.5727237654320988 0.5264917695473251 0.002700617283950617 0.00360082304526749
3 0.6703317901234568 0.7674897119341564 0.12152777777777778 0.2808641975308642
3 0.7351466049382716 0.5447530864197531 0.13310185185185186 0.27983539094650206
3 0.5626929012345679 0.7569444444444444 0.11149691358024691 0.2772633744855967
3 0.7681327160493827 0.8356481481481481 0.12654320987654322 0.2957818930041152
3 0.4556327160493827 0.7628600823045267 0.11959876543209877 0.29835390946502055
0 0.6498842592592593 0.507201646090535 0.019675925925925927 0.037037037037037035
0 0.6811342592592593 0.5182613168724279 0.011188271604938271 0.006687242798353909
0 0.8188657407407407 0.5738168724279835 0.02044753086419753 0.010802469135802469
0 0.558641975308642 0.4529320987654321 0.036265432098765434 0.06532921810699588
0 0.6026234567901234 0.4876543209876543 0.020061728395061727 0.056584362139917695
0 0.5713734567901234 0.507201646090535 0.033179012345679014 0.02263374485596708
