3 0.8315007716049383 0.5583043981481481 0.031828703703703706 0.11082175925925926
3 0.16300154320987653 0.5606192129629629 0.04050925925925926 0.1009837962962963
3 0.8482831790123457 0.4327256944444444 0.04841820987654321 0.15711805555555555
3 0.12027391975308642 0.44241898148148145 0.04031635802469136 0.1232638888888889
3 0.29108796296296297 0.5881076388888888 0.08719135802469136 0.1478587962962963
3 0.43894675925925924 0.4565972222222222 0.13483796296296297 0.20023148148148148
3 0.7037037037037037 0.5716145833333334 0.09027777777777778 0.1629050925925926
3 0.875 0.43359375 0.03973765432098766 0.12702546296296297
3 0.08478009259259259 0.45109953703703703 0.04147376543209876 0.08159722222222222
3 0.7934027777777778 0.4123263888888889 0.11381172839506173 0.2170138888888889
3 0.5262345679012346 0.5905671296296297 0.08101851851851852 0.10011574074074074
3 0.5715663580246914 0.4461805555555556 0.13503086419753085 0.20891203703703703
3 0.15441743827160495 0.44892939814814814 0.05767746913580247 0.15075231481481483
3 0.12336033950617284 0.5188078703703703 0.055748456790123455 0.09606481481481481
3 0.6155478395061729 0.5788483796296297 0.0941358024691358 0.1328125
3 0.8675733024691358 0.5224247685185185 0.051118827160493825 0.09519675925925926
3 0.7807677469135802 0.5678530092592593 0.07118055555555555 0.14265046296296297
3 0.3221450617283951 0.45804398148148145 0.10570987654320987 0.16608796296296297
3 0.22106481481481483 0.4447337962962963 0.10532407407407407 0.2025462962962963
3 0.21788194444444445 0.5774016203703703 0.08275462962962964 0.13570601851851852
3 0.36342592592592593 0.5768229166666666 0.06944444444444445 0.10619212962962964
3 0.08796296296296297 0.4105902777777778 0.04050925925925926 0.11168981481481481
3 0.4447337962962963 0.6002604166666666 0.07928240740740741 0.08998842592592593
3 0.904320987654321 0.4068287037037037 0.03279320987654321 0.1111111111111111
3 0.6872106481481481 0.44675925925925924 0.10435956790123457 0.1736111111111111
