3 0.8648373983739838 0.6342592592592593 0.266260162601626 0.6635802469135802
0 0.9603658536585366 0.5941358024691358 0.022357723577235773 0.015432098765432098
0 0.6067073170731707 0.683641975308642 0.11585365853658537 0.05246913580246913
0 0.05589430894308943 0.5447530864197531 0.014227642276422764 0.015432098765432098
3 0.13109756097560976 0.5617283950617284 0.2621951219512195 0.7901234567901234
0 0.09247967479674797 0.46296296296296297 0.018292682926829267 0.030864197530864196
0 0.11280487804878049 0.5092592592592593 0.014227642276422764 0.012345679012345678
0 0.43191056910569103 0.8719135802469136 0.026422764227642278 0.08333333333333333
3 0.47560975609756095 0.5617283950617284 0.556910569105691 0.7777777777777778
0 0.4817073170731707 0.6990740740740741 0.13008130081300814 0.1697530864197531
1 0.4949186991869919 0.7762345679012346 0.4329268292682927 0.33024691358024694
0 0.3953252032520325 0.8179012345679012 0.07113821138211382 0.14814814814814814
0 0.8353658536585366 0.6388888888888888 0.012195121951219513 0.012345679012345678
0 0.8130081300813008 0.6342592592592593 0.024390243902439025 0.05864197530864197
