0 0.02734375 0.5190336749633968 0.0546875 0.21815519765739386
0 0.07958984375 0.62298682284041 0.0107421875 0.004392386530014641
0 0.74267578125 0.6024890190336749 0.0263671875 0.07174231332357248
0 0.58642578125 0.6266471449487555 0.0205078125 0.03513909224011713
0 0.6669921875 0.6449487554904831 0.015625 0.021961932650073207
3 0.11279296875 0.6171303074670571 0.2255859375 0.7452415812591509
3 0.6865234375 0.6010248901903368 0.322265625 0.5988286969253295
3 0.91845703125 0.5995607613469985 0.1611328125 0.5666178623718887
0 0.62646484375 0.66398243045388 0.0419921875 0.01903367496339678
3 0.3740234375 0.5856515373352855 0.3203125 0.6295754026354319
0 0.0625 0.6273792093704246 0.00390625 0.007320644216691069
0 0.0888671875 0.5505124450951684 0.048828125 0.02635431918008785
0 0.11962890625 0.5805270863836017 0.0087890625 0.013177159590043924
0 0.11083984375 0.6185944363103953 0.0185546875 0.016105417276720352
