0 0.3809090909090909 0.5492227979274611 0.1509090909090909 0.06217616580310881
0 0.22454545454545455 0.5958549222797928 0.00909090909090909 0.010362694300518135
0 0.2818181818181818 0.5401554404145078 0.02181818181818182 0.012953367875647668
0 0.5027272727272727 0.5906735751295337 0.06 0.19689119170984457
1 0.4990909090909091 0.6204663212435233 0.08545454545454545 0.266839378238342
0 0.6254545454545455 0.6088082901554405 0.02909090909090909 0.04145077720207254
0 0.6963636363636364 0.5790155440414507 0.10545454545454545 0.06476683937823834
0 0.9481818181818182 0.5790155440414507 0.012727272727272728 0.012953367875647668
0 0.97 0.4883419689119171 0.016363636363636365 0.012953367875647668
3 0.6936363636363636 0.5518134715025906 0.30727272727272725 0.6010362694300518
3 0.3936363636363636 0.5272020725388601 0.30727272727272725 0.6088082901554405
3 0.12090909090909091 0.5077720207253886 0.24181818181818182 0.5544041450777202
3 0.9209090909090909 0.4494818652849741 0.15454545454545454 0.7435233160621761
