3 0.10666666666666667 0.695 0.14666666666666667 0.28
0 0.7533333333333333 0.5433333333333333 0.02666666666666667 0.016666666666666666
0 0.12444444444444444 0.7408333333333333 0.022222222222222223 0.011666666666666667
0 0.7227777777777777 0.5375 0.03888888888888889 0.095
0 0.07444444444444444 0.7375 0.011111111111111112 0.011666666666666667
3 0.7061111111111111 0.5941666666666666 0.14333333333333334 0.31166666666666665
3 0.5638888888888889 0.57 0.2011111111111111 0.3466666666666667
3 0.39222222222222225 0.6208333333333333 0.2088888888888889 0.375
3 0.23944444444444443 0.6491666666666667 0.1322222222222222 0.27166666666666667
0 0.7461111111111111 0.6041666666666666 0.014444444444444444 0.045
