3 0.2854938271604938 0.45092592592592595 0.25493827160493826 0.4148148148148148
0 0.9277777777777778 0.3296296296296296 0.10123456790123457 0.1685185185185185
0 0.016358024691358025 0.4236111111111111 0.027777777777777776 0.03981481481481482
3 0.09938271604938272 0.4615740740740741 0.19506172839506172 0.4083333333333333
3 0.4817901234567901 0.487962962962963 0.13765432098765432 0.34814814814814815
3 0.9373456790123457 0.3972222222222222 0.12407407407407407 0.3148148148148148
0 0.645679012345679 0.49953703703703706 0.1037037037037037 0.05648148148148148
0 0.8067901234567901 0.41203703703703703 0.0049382716049382715 0.009259259259259259
3 0.8271604938271605 0.4824074074074074 0.20493827160493827 0.2962962962962963
3 0.641358024691358 0.4736111111111111 0.1728395061728395 0.3490740740740741
