0 0.6476666666666666 0.28459687123947053 0.07133333333333333 0.039711191335740074
3 0.842 0.45968712394705175 0.09733333333333333 0.2719614921780987
2 0.9073333333333333 0.34115523465703973 0.13066666666666665 0.23465703971119134
3 0.9113333333333333 0.2749699157641396 0.14666666666666667 0.3766546329723225
0 0.8793333333333333 0.2785800240673887 0.042666666666666665 0.07340553549939831
0 0.9243333333333333 0.3243080625752106 0.05266666666666667 0.1407942238267148
3 0.6586666666666666 0.4657039711191336 0.09333333333333334 0.3104693140794224
3 0.168 0.4927797833935018 0.05466666666666667 0.18411552346570398
3 0.5436666666666666 0.5120336943441637 0.122 0.21780986762936222
3 0.5556666666666666 0.38567990373044525 0.13933333333333334 0.28038507821901326
3 0.22466666666666665 0.48375451263537905 0.11866666666666667 0.2069795427196149
3 0.343 0.49037304452466907 0.12866666666666668 0.18411552346570398
3 0.7543333333333333 0.4969915764139591 0.07666666666666666 0.23826714801444043
3 0.08933333333333333 0.44404332129963897 0.116 0.21179302045728038
3 0.23 0.6618531889290012 0.08266666666666667 0.14681107099879662
3 0.43 0.5782190132370638 0.11866666666666667 0.2226233453670277
3 0.7956666666666666 0.3098676293622142 0.166 0.37184115523465705
3 0.31833333333333336 0.628158844765343 0.10466666666666667 0.19494584837545126
3 0.15733333333333333 0.6070998796630566 0.08 0.14320096269554752
