3 0.2099609375 0.4172979797979798 0.150390625 0.16035353535353536
3 0.7978515625 0.5637626262626263 0.158203125 0.14267676767676768
3 0.208984375 0.2720959595959596 0.12109375 0.14772727272727273
3 0.3134765625 0.21464646464646464 0.13671875 0.13383838383838384
3 0.41455078125 0.12436868686868686 0.1376953125 0.18055555555555555
3 0.1416015625 0.7367424242424242 0.177734375 0.2335858585858586
3 0.85400390625 0.6900252525252525 0.1787109375 0.2361111111111111
3 0.5517578125 0.1268939393939394 0.138671875 0.18813131313131312
3 0.75927734375 0.2796717171717172 0.1298828125 0.16792929292929293
3 0.10009765625 0.8832070707070707 0.1728515625 0.16540404040404041
3 0.66796875 0.19128787878787878 0.130859375 0.1527777777777778
3 0.1884765625 0.5707070707070707 0.134765625 0.16666666666666666
3 0.79443359375 0.4090909090909091 0.1552734375 0.16414141414141414
3 0.8974609375 0.8465909090909091 0.171875 0.18813131313131312
