3 0.7532552083333334 0.6608187134502924 0.05078125 0.12475633528265107
3 0.462890625 0.557504873294347 0.11848958333333333 0.18323586744639375
3 0.208984375 0.631578947368421 0.048177083333333336 0.11306042884990253
3 0.3014322916666667 0.5370370370370371 0.07161458333333333 0.18518518518518517
0 0.4485677083333333 0.47855750487329435 0.022135416666666668 0.01364522417153996
3 0.7337239583333334 0.530214424951267 0.08984375 0.1949317738791423
3 0.205078125 0.5038986354775828 0.07942708333333333 0.13840155945419103
3 0.251953125 0.6189083820662769 0.040364583333333336 0.14230019493177387
3 0.5143229166666666 0.6832358674463938 0.06510416666666667 0.14230019493177387
3 0.7916666666666666 0.5467836257309941 0.041666666666666664 0.10331384015594541
3 0.5833333333333334 0.6998050682261209 0.06510416666666667 0.11695906432748537
3 0.3723958333333333 0.5584795321637427 0.0703125 0.15789473684210525
3 0.2994791666666667 0.6608187134502924 0.06510416666666667 0.09746588693957114
3 0.4446614583333333 0.7095516569200779 0.06901041666666667 0.1442495126705653
3 0.6979166666666666 0.6481481481481481 0.0546875 0.18908382066276802
3 0.8619791666666666 0.5477582846003899 0.052083333333333336 0.12475633528265107
3 0.37109375 0.695906432748538 0.07552083333333333 0.1793372319688109
3 0.6438802083333334 0.6734892787524367 0.06640625 0.19298245614035087
3 0.1484375 0.5038986354775828 0.049479166666666664 0.1111111111111111
3 0.583984375 0.557504873294347 0.12369791666666667 0.1871345029239766
3 0.7942708333333334 0.6432748538011696 0.044270833333333336 0.11306042884990253
0 0.8307291666666666 0.5399610136452242 0.052083333333333336 0.11306042884990253
0 0.203125 0.652046783625731 0.036458333333333336 0.06432748538011696
