1 0.6133333333333333 0.4536693847294292 0.12266666666666666 0.17420311341734618
0 0.24175 0.7511119347664937 0.0015 0.005559673832468495
3 0.42233333333333334 0.5472572275759822 0.20066666666666666 0.47183098591549294
3 0.7411666666666666 0.5277983691623425 0.131 0.43884358784284655
3 0.726 0.7655670867309118 0.09266666666666666 0.2346182357301705
3 0.53 0.7032987398072647 0.09066666666666667 0.27835433654558933
3 0.314 0.7848406226834692 0.06166666666666667 0.18865826538176428
3 0.8198333333333333 0.7774277242401779 0.06133333333333333 0.1286137879911045
3 0.22675 0.853409933283914 0.05316666666666667 0.21460340993328392
3 0.41108333333333336 0.8131949592290586 0.08083333333333333 0.07412898443291327
3 0.27258333333333334 0.5776501111934766 0.1155 0.427353595255745
3 0.6295833333333334 0.6990363232023721 0.11083333333333334 0.2883617494440326
3 0.0775 0.64529280948851 0.05366666666666667 0.20533728687916974
3 0.11808333333333333 0.6280578206078576 0.07216666666666667 0.24499629355077834
3 0.6074166666666667 0.4393995552260934 0.13716666666666666 0.24203113417346184
3 0.10641666666666667 0.83117123795404 0.0585 0.1753150481838399
3 0.16333333333333333 0.8333951074870274 0.07133333333333333 0.20867309117865085
3 0.17675 0.5633802816901409 0.09383333333333334 0.4240177909562639
3 0.8436666666666667 0.5405856189770201 0.085 0.42661230541141587
0 0.5601666666666667 0.6063750926612306 0.015666666666666666 0.0793180133432172
