0 0.795 0.5025125628140703 0.016666666666666666 0.020100502512562814
3 0.20333333333333334 0.41708542713567837 0.4066666666666667 0.7537688442211056
0 0.86 0.4798994974874372 0.08666666666666667 0.035175879396984924
0 0.15 0.7060301507537688 0.013333333333333334 0.02512562814070352
1 0.49333333333333335 0.41959798994974873 0.2 0.34673366834170855
0 0.07333333333333333 0.535175879396985 0.10666666666666667 0.23618090452261306
0 0.21166666666666667 0.3793969849246231 0.08333333333333333 0.11557788944723618
3 0.8433333333333334 0.42462311557788945 0.30666666666666664 0.6080402010050251
3 0.545 0.4020100502512563 0.30333333333333334 0.592964824120603
0 0.17 0.36180904522613067 0.02 0.020100502512562814
