0 0.3746130030959752 0.9225 0.043343653250773995 0.035
1 0.5108359133126935 0.45 0.1609907120743034 0.16
0 0.456656346749226 0.265 0.034055727554179564 0.055
3 0.4907120743034056 0.1175 0.20743034055727555 0.19
3 0.5077399380804953 0.45125 0.2724458204334365 0.1625
3 0.5046439628482973 0.65 0.34674922600619196 0.25
3 0.4938080495356037 0.86375 0.3560371517027864 0.2225
1 0.5185758513931888 0.5375 0.058823529411764705 0.02
0 0.37306501547987614 0.64875 0.02786377708978328 0.0125
0 0.4458204334365325 0.69 0.01238390092879257 0.015
0 0.47832817337461303 0.6875 0.02786377708978328 0.01
0 0.521671826625387 0.87125 0.021671826625386997 0.0125
0 0.48761609907120745 0.93625 0.021671826625386997 0.0075
0 0.47832817337461303 0.9525 0.07739938080495357 0.015
0 0.6006191950464397 0.8975 0.030959752321981424 0.01
0 0.47058823529411764 0.33625 0.04953560371517028 0.0475
3 0.456656346749226 0.2925 0.28173374613003094 0.18
