1 0.5220588235294118 0.5 0.4970588235294118 0.46539379474940334
0 0.40441176470588236 0.4737470167064439 0.03235294117647059 0.026252983293556086
3 0.5323529411764706 0.8651551312649165 0.5647058823529412 0.2649164677804296
3 0.5720588235294117 0.17422434367541767 0.638235294117647 0.3436754176610978
0 0.47205882352941175 0.5966587112171837 0.06764705882352941 0.0477326968973747
0 0.7220588235294118 0.5083532219570406 0.08529411764705883 0.05250596658711217
0 0.5117647058823529 0.4331742243436754 0.047058823529411764 0.026252983293556086
0 0.49558823529411766 0.6348448687350835 0.008823529411764706 0.02386634844868735
0 0.49411764705882355 0.49761336515513127 0.07058823529411765 0.06443914081145585
0 0.675 0.6730310262529833 0.014705882352941176 0.01909307875894988
3 0.5632352941176471 0.4964200477326969 0.6558823529411765 0.5011933174224343
