3 0.784206760865677 0.5079130901287554 0.040243248077267035 0.15584763948497854
3 0.8105884457163298 0.5138143776824035 0.033267751743874086 0.131706008583691
3 0.26998747987837596 0.5453326180257511 0.061706313718476125 0.2065450643776824
3 0.5571454122697191 0.4570815450643777 0.11303881237703452 0.12607296137339055
0 0.5572348417098909 0.4497049356223176 0.041316401359327494 0.023873390557939914
1 0.5652834913253443 0.47585836909871243 0.09640493650509747 0.08583690987124463
3 0.7441423716687533 0.4958422746781116 0.055267394026113394 0.19071888412017168
0 0.5822750849579682 0.4780042918454936 0.006260060812019317 0.014484978540772532
3 0.841709890896083 0.4978540772532189 0.03684492935074227 0.11051502145922747
3 0.6702736540869254 0.5036212446351931 0.10355929171883384 0.18320815450643776
3 0.22849221963870506 0.5618293991416309 0.05025934537649794 0.14565450643776823
3 0.1797531747451261 0.5474785407725322 0.08048649615453407 0.1223175965665236
3 0.43596852083705956 0.5142167381974249 0.1260955106421034 0.22424892703862662
3 0.33571811840457877 0.5320547210300429 0.07762475406903953 0.19125536480686695
