3 0.425 0.4898373983739837 0.6 0.8739837398373984
1 0.44125 0.4898373983739837 0.4175 0.508130081300813
0 0.49875 0.6951219512195121 0.0175 0.04878048780487805
0 0.54375 0.6747967479674797 0.0275 0.06504065040650407
0 0.5075 0.4532520325203252 0.025 0.02032520325203252
0 0.38625 0.3821138211382114 0.0375 0.016260162601626018
3 0.86875 0.6219512195121951 0.2575 0.7479674796747967
0 0.46125 0.4186991869918699 0.0375 0.032520325203252036
3 0.08125 0.35365853658536583 0.1625 0.7073170731707317
0 0.725 0.7621951219512195 0.075 0.10975609756097561
