3 0.4153645833333333 0.5269097222222222 0.19791666666666666 0.3628472222222222
0 0.10611979166666667 0.5026041666666666 0.022135416666666668 0.015625
0 0.904296875 0.3932291666666667 0.006510416666666667 0.008680555555555556
3 0.9309895833333334 0.3680555555555556 0.13541666666666666 0.2361111111111111
0 0.142578125 0.3880208333333333 0.009114583333333334 0.022569444444444444
0 0.18294270833333334 0.6050347222222222 0.009114583333333334 0.036458333333333336
1 0.470703125 0.5104166666666666 0.08463541666666667 0.1701388888888889
3 0.8098958333333334 0.4678819444444444 0.22135416666666666 0.2795138888888889
3 0.6165364583333334 0.4965277777777778 0.19921875 0.3472222222222222
1 0.57421875 0.4965277777777778 0.11197916666666667 0.18055555555555555
3 0.17317708333333334 0.5208333333333334 0.2942708333333333 0.4027777777777778
