1 0.19555555555555557 0.43 0.06222222222222222 0.12
1 0.10444444444444445 0.525 0.08 0.22333333333333333
3 0.8766666666666667 0.475 0.24222222222222223 0.57
1 0.8366666666666667 0.4716666666666667 0.15333333333333332 0.24333333333333335
1 0.6866666666666666 0.7 0.06666666666666667 0.09333333333333334
1 0.29444444444444445 0.49333333333333335 0.07777777777777778 0.08
1 0.5766666666666667 0.37666666666666665 0.03333333333333333 0.08666666666666667
1 0.9733333333333334 0.505 0.04888888888888889 0.19
1 0.4911111111111111 0.5666666666666667 0.12444444444444444 0.3466666666666667
3 0.1988888888888889 0.5266666666666666 0.37555555555555553 0.6266666666666667
3 0.5711111111111111 0.4633333333333333 0.39555555555555555 0.64
