3 0.5883333333333334 0.530952380952381 0.5077777777777778 0.8238095238095238
0 0.5872222222222222 0.4630952380952381 0.01888888888888889 0.15476190476190477
0 0.9077777777777778 0.7035714285714286 0.057777777777777775 0.11190476190476191
0 0.22833333333333333 0.4976190476190476 0.034444444444444444 0.014285714285714285
0 0.6838888888888889 0.6 0.03666666666666667 0.04285714285714286
0 0.6188888888888889 0.5464285714285714 0.03333333333333333 0.05952380952380952
0 0.5494444444444444 0.6869047619047619 0.04555555555555556 0.1738095238095238
0 0.5094444444444445 0.49404761904761907 0.05444444444444444 0.05476190476190476
0 0.1361111111111111 0.5238095238095238 0.025555555555555557 0.0380952380952381
0 0.18833333333333332 0.4928571428571429 0.027777777777777776 0.023809523809523808
0 0.042222222222222223 0.5047619047619047 0.07777777777777778 0.03333333333333333
0 0.11777777777777777 0.3952380952380952 0.03777777777777778 0.09523809523809523
3 0.8933333333333333 0.6511904761904762 0.2111111111111111 0.6261904761904762
3 0.17722222222222223 0.46190476190476193 0.3522222222222222 0.819047619047619
