3 0.7280833333333333 0.4218842291789722 0.0715 0.21470761961015947
3 0.44325 0.4280862374483166 0.12183333333333334 0.23360897814530418
3 0.2644166666666667 0.4183402244536326 0.07483333333333334 0.19639692852923804
3 0.564 0.42631423508564675 0.121 0.2424689899586533
3 0.20516666666666666 0.40135853514471354 0.052 0.1559362079149439
3 0.34291666666666665 0.41523922031896043 0.08516666666666667 0.2090962787950384
3 0.3435 0.5618724158298878 0.076 0.08771411695215593
3 0.167 0.39914353219137627 0.04666666666666667 0.1568222090962788
3 0.558 0.5899291199054932 0.073 0.09125812167749557
3 0.22466666666666665 0.5296810395747195 0.056 0.05759007678676905
3 0.48625 0.5874187832250443 0.07283333333333333 0.10632014176018902
3 0.41475 0.5776727702303603 0.0735 0.10632014176018902
3 0.6561666666666667 0.4165682220909628 0.078 0.21766095688127585
3 0.2811666666666667 0.534849379799173 0.071 0.060838747784997045
3 0.62725 0.583579444772593 0.0745 0.08328411104548139
3 0.6906666666666667 0.5643827525103366 0.073 0.0637920850561134
3 0.7774166666666666 0.4354695806261075 0.049833333333333334 0.16627288836385115
