3 0.775 0.49710982658959535 0.20333333333333334 0.4624277456647399
3 0.09 0.4421965317919075 0.18 0.41040462427745666
0 0.5516666666666666 0.3901734104046243 0.023333333333333334 0.04046242774566474
0 0.5733333333333334 0.44508670520231214 0.02 0.03468208092485549
0 0.45 0.4046242774566474 0.06 0.06936416184971098
3 0.5183333333333333 0.5144508670520231 0.3233333333333333 0.5202312138728323
0 0.2783333333333333 0.3439306358381503 0.07 0.10982658959537572
0 0.20833333333333334 0.42196531791907516 0.01 0.046242774566473986
0 0.11333333333333333 0.3468208092485549 0.02 0.057803468208092484
0 0.056666666666666664 0.40173410404624277 0.04 0.06358381502890173
3 0.93 0.5404624277456648 0.13333333333333333 0.3872832369942196
3 0.29 0.4046242774566474 0.2866666666666667 0.48554913294797686
1 0.5366666666666666 0.4653179190751445 0.2733333333333333 0.36416184971098264
