3 0.8009554140127388 0.5621019108280255 0.11146496815286625 0.21337579617834396
3 0.8296178343949044 0.3885350318471338 0.14968152866242038 0.17834394904458598
3 0.3853503184713376 0.3105095541401274 0.1337579617834395 0.14968152866242038
3 0.6847133757961783 0.5047770700636943 0.12101910828025478 0.20063694267515925
3 0.947452229299363 0.6560509554140127 0.08598726114649681 0.1464968152866242
3 0.5621019108280255 0.5 0.13694267515923567 0.2229299363057325
3 0.24203821656050956 0.339171974522293 0.11464968152866242 0.14331210191082802
3 0.2054140127388535 0.5493630573248408 0.11146496815286625 0.21337579617834396
3 0.7452229299363057 0.34554140127388533 0.12101910828025478 0.14331210191082802
3 0.09554140127388536 0.6003184713375797 0.10828025477707007 0.15605095541401273
3 0.14331210191082802 0.3869426751592357 0.1464968152866242 0.1942675159235669
3 0.5907643312101911 0.3057324840764331 0.12420382165605096 0.15286624203821655
3 0.9060509554140127 0.5191082802547771 0.14968152866242038 0.17834394904458598
3 0.025477707006369428 0.643312101910828 0.050955414012738856 0.12738853503184713
3 0.31369426751592355 0.5015923566878981 0.13694267515923567 0.2070063694267516
3 0.9777070063694268 0.5445859872611465 0.03821656050955414 0.1592356687898089
3 0.8869426751592356 0.5939490445859873 0.10509554140127389 0.18152866242038215
3 0.43789808917197454 0.5 0.12420382165605096 0.2229299363057325
3 0.06528662420382166 0.5063694267515924 0.1305732484076433 0.17834394904458598
