3 0.6151685393258427 0.5577574525745257 0.07660878447395301 0.133130081300813
3 0.45646067415730335 0.5592818428184282 0.06971399387129724 0.08130081300813008
3 0.24387129724208376 0.45799457994579945 0.06128702757916241 0.14566395663956638
3 0.4112614913176711 0.4749322493224932 0.122829417773238 0.15040650406504066
3 0.5340909090909091 0.5797764227642277 0.07379979570990806 0.0687669376693767
3 0.7267620020429009 0.453929539295393 0.07099080694586313 0.15176151761517614
3 0.6479826353421859 0.45748644986449866 0.09065372829417773 0.15752032520325204
3 0.7941777323799796 0.5431910569105691 0.047497446373850866 0.07892953929539295
3 0.3658069458631256 0.5640243902439024 0.06716036772216548 0.1070460704607046
3 0.7485955056179775 0.5501355013550135 0.06307456588355465 0.1016260162601626
3 0.3080949948927477 0.46917344173441733 0.08248212461695607 0.13075880758807587
3 0.19535240040858018 0.4581639566395664 0.054136874361593465 0.12974254742547425
3 0.5360061287027579 0.4739159891598916 0.12410623084780388 0.14566395663956638
3 0.2991573033707865 0.5621612466124661 0.06562819203268641 0.10399728997289973
3 0.8282686414708886 0.4679878048780488 0.04622063329928498 0.09451219512195122
3 0.2445097037793667 0.5464092140921409 0.0559244126659857 0.08943089430894309
3 0.6906281920326864 0.5591124661246613 0.06971399387129724 0.11957994579945799
3 0.7820480081716037 0.4625677506775068 0.05847803881511747 0.11483739837398374
