3 0.7125 0.6463414634146342 0.08833333333333333 0.12195121951219512
1 0.4483333333333333 0.3983739837398374 0.06 0.04336043360433604
3 0.3258333333333333 0.6639566395663956 0.041666666666666664 0.06504065040650407
3 0.4425 0.6626016260162602 0.065 0.15447154471544716
3 0.295 0.44037940379403795 0.043333333333333335 0.056910569105691054
3 0.7241666666666666 0.470189701897019 0.051666666666666666 0.07859078590785908
3 0.7033333333333334 0.4254742547425474 0.03 0.032520325203252036
3 0.64 0.6639566395663956 0.056666666666666664 0.12466124661246612
3 0.3725 0.6734417344173442 0.06166666666666667 0.12195121951219512
3 0.29083333333333333 0.6476964769647696 0.07833333333333334 0.06504065040650407
3 0.5675 0.3970189701897019 0.10833333333333334 0.17615176151761516
3 0.2808333333333333 0.5 0.10166666666666667 0.08401084010840108
3 0.6541666666666667 0.43089430894308944 0.065 0.14634146341463414
3 0.4625 0.36314363143631434 0.105 0.11924119241192412
3 0.5066666666666667 0.6612466124661247 0.07 0.17344173441734417
3 0.37 0.43089430894308944 0.08 0.14092140921409213
3 0.5766666666666667 0.6639566395663956 0.06333333333333334 0.17344173441734417
