1 0.6860576923076923 0.4673076923076923 0.06282051282051282 0.08028846153846154
3 0.7111378205128205 0.6617788461538462 0.09791666666666667 0.09182692307692308
3 0.6887820512820513 0.45552884615384615 0.07307692307692308 0.11201923076923077
1 0.5846955128205128 0.4953125 0.08573717948717949 0.06274038461538461
3 0.5481570512820513 0.6709134615384615 0.07387820512820513 0.08413461538461539
1 0.46971153846153846 0.5080528846153847 0.0858974358974359 0.059375
3 0.36201923076923076 0.44771634615384615 0.0919871794871795 0.13581730769230768
3 0.284375 0.44627403846153846 0.11073717948717948 0.12908653846153847
3 0.460176282051282 0.4670673076923077 0.12163461538461538 0.1625
0 0.7951121794871795 0.4518028846153846 0.009775641025641026 0.00985576923076923
3 0.4796474358974359 0.6770432692307692 0.08076923076923077 0.07379807692307692
3 0.38822115384615385 0.6689903846153846 0.08669871794871795 0.08653846153846154
3 0.8038461538461539 0.46165865384615384 0.12596153846153846 0.10072115384615385
1 0.47443910256410254 0.6837740384615385 0.05881410256410256 0.061778846153846156
3 0.5941506410256411 0.4662259615384615 0.11778846153846154 0.14879807692307692
1 0.3573717948717949 0.4768028846153846 0.06217948717948718 0.059375
3 0.3087339743589744 0.6520432692307693 0.08413461538461539 0.09399038461538461
