3 0.2067137809187279 0.7752808988764045 0.15901060070671377 0.2247191011235955
0 0.8409893992932862 0.5168539325842697 0.028268551236749116 0.056179775280898875
3 0.18374558303886926 0.4438202247191011 0.1696113074204947 0.5056179775280899
3 0.08303886925795052 0.6432584269662921 0.1166077738515901 0.25280898876404495
3 0.6749116607773852 0.42134831460674155 0.28975265017667845 0.5730337078651685
0 0.49646643109540634 0.5168539325842697 0.038869257950530034 0.1348314606741573
3 0.8975265017667845 0.4044943820224719 0.17667844522968199 0.5056179775280899
3 0.05830388692579505 0.4044943820224719 0.1166077738515901 0.449438202247191
3 0.3957597173144876 0.45224719101123595 0.2756183745583039 0.5786516853932584
3 0.9257950530035336 0.7640449438202247 0.1413427561837456 0.4044943820224719
