3 0.3564843269821758 0.47812906019922047 0.04548248309772587 0.04677349501948896
3 0.6077135832821143 0.5240363793850151 0.03718500307314075 0.0259852750108272
3 0.3721573448063921 0.5060632308358597 0.03073140749846343 0.020355132091814637
3 0.5838967424708051 0.49545257687310523 0.04978488014751076 0.06582936336076224
1 0.5762138905961893 0.48873971416197487 0.03318992009834051 0.02728453876136856
3 0.4025814382298709 0.4859246427024686 0.04855562384757222 0.06582936336076224
3 0.4597418561770129 0.4896058899956691 0.03995082974800246 0.04027717626678216
1 0.5182851874615857 0.49047206582936337 0.025507068223724647 0.030749242096145518
3 0.5221266133988937 0.5197055002165439 0.03933620159803319 0.045907319185794715
3 0.46619545175169025 0.5199220441749676 0.03933620159803319 0.035080121264616716
3 0.6622618315918869 0.4844088349935037 0.03995082974800246 0.06106539627544391
3 0.641979102642901 0.5099610220874837 0.03503380454824831 0.042009527934170635
3 0.5656115550092194 0.5186227804244261 0.042716656422864166 0.04634040710264184
3 0.4274738783036263 0.5136422693806842 0.040565457897971724 0.03204850584668688
3 0.6253841425937308 0.4919878735383283 0.03564843269821758 0.055435253356431353
3 0.6906883835279656 0.472932005197055 0.022433927473878304 0.04417496751840624
3 0.5067609096496619 0.5002165439584235 0.05224339274738783 0.06669553919445648
