2 0.42524602573807724 0.5692253767963548 0.289553368660106 0.09744128987031195
3 0.0348221044663134 0.7513144058885384 0.0696442089326268 0.15807921486154924
3 0.5806207418622256 0.80354013319313 0.17259651778955337 0.15597616543988785
3 0.17600302800908402 0.7698913424465474 0.22785768357305072 0.1706975113915177
3 0.40045420136260407 0.7839116719242902 0.24526873580620742 0.18331580792148616
3 0.4191900075700227 0.480546792849632 0.3069644208932627 0.2797055730809674
3 0.7386449659348978 0.8245706274097442 0.14950794852384558 0.13494567122327375
3 0.1328538985616957 0.4998247458815282 0.2657077971233914 0.3764458464773922
3 0.8073429220287661 0.6337188923939713 0.1445874337623013 0.246757798808272
3 0.6459121877365632 0.6033999298983526 0.18887206661619985 0.26603575184016826
