3 0.7821044921875 0.5457707799340901 0.089599609375 0.08238740388136213
1 0.765869140625 0.5181252288538997 0.03369140625 0.025631636763090444
3 0.7943115234375 0.6157085316733797 0.094482421875 0.10508971072867082
0 0.2645263671875 0.48132552178689125 0.045166015625 0.03185646283412669
3 0.198486328125 0.5126327352618089 0.12646484375 0.10692054192603442
3 0.681396484375 0.5153789820578543 0.12744140625 0.1475649945075064
3 0.5264892578125 0.4802270230684731 0.120361328125 0.1475649945075064
3 0.349853515625 0.540644452581472 0.09814453125 0.12925668253387038
0 0.311767578125 0.43848407176858295 0.0234375 0.05016477480776273
1 0.417236328125 0.4146832662028561 0.05810546875 0.05748809959721714
3 0.529296875 0.5886122299523984 0.07763671875 0.08165507140241669
0 0.6578369140625 0.46155254485536434 0.001708984375 0.0032954961552544857
1 0.531982421875 0.46429879165140975 0.10791015625 0.11424386671548883
0 0.4197998046875 0.4203588429146833 0.006103515625 0.006590992310508971
1 0.3045654296875 0.45551080190406446 0.039794921875 0.08568290003661662
0 0.321533203125 0.4772976931526913 0.00244140625 0.013548150860490663
1 0.691162109375 0.4866349322592457 0.08251953125 0.09227389234712559
3 0.3265380859375 0.441047235444892 0.091064453125 0.12705968509703405
3 0.7060546875 0.602160380812889 0.0859375 0.0853167337971439
3 0.2491455078125 0.4549615525448554 0.090087890625 0.11314536799707067
3 0.4462890625 0.5631636763090443 0.0888671875 0.09959721713658001
3 0.62353515625 0.5756133284511168 0.078125 0.10692054192603442
3 0.420166015625 0.45789088246063714 0.09619140625 0.14536799707067008
0 0.2152099609375 0.4611863786158916 0.007080078125 0.020871475649945074
