3 0.7041400201952205 0.772431506849315 0.0841467519353753 0.1476027397260274
3 0.7274486704813194 0.6960616438356164 0.08633456748569505 0.14349315068493151
3 0.322871087176035 0.7981164383561644 0.06041736788959946 0.1345890410958904
3 0.6090541905082464 0.9092465753424658 0.07472231571861326 0.1363013698630137
3 0.2850891955570515 0.7287671232876712 0.06563446650959273 0.10821917808219178
0 0.23426455738808483 0.5988013698630137 0.009761023224503534 0.010616438356164383
3 0.26279030629417705 0.6522260273972603 0.08162234937731404 0.10034246575342466
3 0.38093234601144393 0.886986301369863 0.07657354426119152 0.13082191780821917
0 0.247307303938068 0.5731164383561644 0.012622012790306295 0.013356164383561644
3 0.4554022214742511 0.9328767123287671 0.07775159878828677 0.11027397260273973
3 0.6656008078088186 0.838013698630137 0.0868394479973073 0.15547945205479452
3 0.25252440255806125 0.5809931506849315 0.09104678559407607 0.08116438356164384
3 0.5359306630764052 0.9279109589041096 0.07892965331538203 0.12294520547945205
