3 0.6009501187648456 0.3276620709885597 0.13357552046947044 0.38897037254326783
3 0.8052256532066508 0.6968319155177471 0.10004191700433142 0.2948078615429745
3 0.35391923990498814 0.3201818715165738 0.09557076987564622 0.3470225872689938
3 0.19218946485957802 0.33807568201818716 0.07056029062456337 0.29774127310061604
3 0.10947324297890178 0.4056908184218246 0.06916305714684924 0.22821941918451158
3 0.5679754086907922 0.734819595189205 0.08467234874947603 0.332062188325022
3 0.8580410786642448 0.3063948371956586 0.08131898840296213 0.3253153417424465
3 0.48749476037445855 0.7257260193605163 0.07992175492524801 0.32150190671751244
3 0.26142238368031295 0.32340862422997946 0.09165851613804667 0.3657964212378997
3 0.1529272041358111 0.3600762687004987 0.060500209585021655 0.3118216485772954
3 0.3180802012016208 0.7238193018480493 0.09738717339667459 0.36286300968025814
3 0.8015928461645941 0.292021120563215 0.08802570909598995 0.3657964212378997
3 0.9134413860556099 0.28351422704605456 0.05798518932513623 0.3335288941038428
3 0.12924409668855666 0.7446465239073042 0.07293558753667738 0.19507186858316222
3 0.46520888640491825 0.335875623349956 0.1365097107726701 0.3725432678204752
3 0.23871733966745842 0.7139923731299501 0.06720693027804946 0.2792607802874743
3 0.71265893530809 0.2933411557641537 0.09487215313678916 0.38897037254326783
3 0.18541288249266452 0.7390730419477852 0.05365376554422244 0.2654737459665591
3 0.9518653066927484 0.31798181284834265 0.058823529411764705 0.27222059254913467
3 0.6517395556797541 0.738486359636257 0.08816543244376135 0.335875623349956
3 0.40512784686321085 0.7329128776767381 0.08788598574821853 0.34232912877676736
3 0.7396954031018583 0.7204458785567616 0.0997624703087886 0.3332355529480786
