0 0.495949594959496 0.5066 0.0102010201020102 0.0068
3 0.6720672067206721 0.0729 0.14581458145814583 0.1458
3 0.7704770477047704 0.8365 0.1938193819381938 0.1642
3 0.5670567056705671 0.1234 0.177017701770177 0.2204
3 0.7827782778277828 0.7477 0.24902490249024903 0.153
0 0.5766576657665766 0.5499 0.006000600060006 0.0086
3 0.7025202520252025 0.6432 0.27992799279927993 0.1432
0 0.5402040204020402 0.4828 0.0279027902790279 0.0136
3 0.4087908790879088 0.2001 0.2883288328832883 0.2626
3 0.5867086708670867 0.525 0.3951395139513951 0.2264
3 0.18226822682268226 0.2889 0.3507350735073507 0.2406
3 0.6894689468946895 0.9183 0.1548154815481548 0.1614
