3 0.7010424422933731 0.41380236305048335 0.10598163315959296 0.332438238453276
3 0.1916108215438074 0.39339419978517726 0.10622983370563416 0.3356605800214823
3 0.9391908662199057 0.35526315789473684 0.0575825266815587 0.28839957035445757
3 0.4250434350955572 0.4336734693877551 0.15562174236783322 0.341031149301826
3 0.2962273517001737 0.41568206229860366 0.10747083643584016 0.3297529538131042
3 0.5788036733680814 0.42158968850698175 0.1533879374534624 0.3716433941997852
3 0.8828493422685529 0.39339419978517726 0.07892777364110201 0.2841031149301826
3 0.05497642094812608 0.33270676691729323 0.07421196326631918 0.24865735767991407
3 0.11280714817572599 0.3560687432867884 0.06130553487217672 0.23845327604726102
3 0.8056589724497394 0.39903329752953814 0.114668652271035 0.3576799140708915
