3 0.391796875 0.8151041666666666 0.10390625 0.15104166666666666
3 0.291015625 0.7286458333333333 0.13515625 0.215625
3 0.63046875 0.8234375 0.090625 0.121875
3 0.81171875 0.6453125 0.140625 0.190625
1 0.141015625 0.2833333333333333 0.17265625 0.2
3 0.131640625 0.3046875 0.23359375 0.2989583333333333
1 0.878125 0.19583333333333333 0.159375 0.2604166666666667
3 0.73125 0.7583333333333333 0.090625 0.13333333333333333
3 0.4953125 0.8432291666666667 0.0984375 0.12604166666666666
3 0.8890625 0.17760416666666667 0.2203125 0.296875
3 0.205859375 0.5479166666666667 0.17734375 0.26875
3 0.856640625 0.43645833333333334 0.17734375 0.25833333333333336
1 0.86328125 0.41822916666666665 0.140625 0.184375
1 0.196484375 0.5354166666666667 0.13984375 0.19375
