3 0.24683718371837185 0.45627062706270627 0.05693069306930693 0.21864686468646866
3 0.4298679867986799 0.6192244224422442 0.0858085808580858 0.15676567656765678
3 0.3173817381738174 0.43791254125412543 0.08690869086908691 0.20585808580858087
3 0.5437293729372937 0.44471947194719474 0.13586358635863585 0.22607260726072606
3 0.6038228822882288 0.6268564356435643 0.10533553355335533 0.20008250825082508
3 0.66996699669967 0.4471947194719472 0.1111111111111111 0.21782178217821782
3 0.8704620462046204 0.6150990099009901 0.09845984598459846 0.12706270627062707
3 0.22043454345434543 0.625 0.04922992299229923 0.12293729372937294
3 0.2086083608360836 0.4830858085808581 0.03932893289328933 0.16336633663366337
3 0.7843784378437844 0.459983498349835 0.11771177117711772 0.24504950495049505
3 0.8022552255225522 0.6326320132013201 0.09845984598459846 0.14975247524752475
3 0.34680968096809683 0.6237623762376238 0.08250825082508251 0.19554455445544555
3 0.8697744774477447 0.5082508250825083 0.08608360836083609 0.1773927392739274
1 0.5456545654565457 0.484529702970297 0.0407040704070407 0.1481023102310231
3 0.2724147414741474 0.6225247524752475 0.07178217821782178 0.19389438943894388
3 0.41102860286028603 0.44636963696369636 0.1256875687568757 0.21782178217821782
3 0.7028327832783279 0.6219059405940595 0.11193619361936194 0.18275577557755776
3 0.5086633663366337 0.6344884488448845 0.08333333333333333 0.16666666666666666
