3 0.7093333333333334 0.46875 0.06633333333333333 0.0925
0 0.67475 0.38325 0.006833333333333334 0.005
0 0.6896666666666667 0.40175 0.028333333333333332 0.016
3 0.28741666666666665 0.395875 0.0975 0.15875
3 0.5535 0.3815 0.14266666666666666 0.1525
3 0.4065 0.3825 0.146 0.1575
3 0.22433333333333333 0.459 0.052333333333333336 0.114
3 0.5299166666666667 0.486875 0.0965 0.11675
3 0.6284166666666666 0.483375 0.09916666666666667 0.09375
3 0.7426666666666667 0.421375 0.07833333333333334 0.11875
3 0.43583333333333335 0.488 0.09033333333333333 0.1145
3 0.34358333333333335 0.485125 0.09083333333333334 0.10175
3 0.2663333333333333 0.489 0.062 0.089
3 0.6904166666666667 0.370125 0.08616666666666667 0.09475
