3 0.6005873715124816 0.38972634508348797 0.08143105059404619 0.10830241187384045
3 0.26364971298892004 0.600069573283859 0.06941663329328528 0.17462894248608535
3 0.29248431451074625 0.3965677179962894 0.09584835135495928 0.10575139146567718
3 0.18475503938059004 0.6149118738404453 0.02856761447069817 0.12128942486085344
3 0.37411560539313843 0.38091372912801486 0.07675877719930584 0.11479591836734694
3 0.8065678814577493 0.6790352504638218 0.0381791483113069 0.10667903525046382
3 0.15551995728207182 0.636595547309833 0.03711120010679482 0.09415584415584416
3 0.34241089307168604 0.6069109461966605 0.09157655853691096 0.1906307977736549
3 0.671405686824189 0.6251159554730983 0.07836069950607395 0.1936456400742115
3 0.4500734214390602 0.37256493506493504 0.07622480309704979 0.10644712430426716
3 0.7345481244159658 0.6396103896103896 0.05486583900680817 0.18692022263450836
3 0.7333466826858898 0.47460575139146566 0.09838472834067548 0.09670686456400743
3 0.5232946202109198 0.37662337662337664 0.07422240021358964 0.11131725417439703
3 0.6949672940862368 0.4256725417439703 0.12174609531437726 0.10783858998144713
3 0.5739554131624616 0.6022727272727273 0.1250834334534775 0.20732838589981448
3 0.26398344680283004 0.42242578849721707 0.0999866506474436 0.11943413729128015
3 0.7737284741690028 0.6582792207792207 0.0368442130556668 0.15004638218923932
3 0.4486049926578561 0.5960111317254174 0.1250834334534775 0.19990723562152132
3 0.21786143372046457 0.6022727272727273 0.04698972099853157 0.1553803339517625
