3 0.22393822393822393 0.6185567010309279 0.15444015444015444 0.16494845360824742
3 0.7799227799227799 0.5979381443298969 0.14671814671814673 0.18556701030927836
3 0.3918918918918919 0.4020618556701031 0.11969111969111969 0.15463917525773196
3 0.6003861003861004 0.3917525773195876 0.1274131274131274 0.15463917525773196
3 0.7007722007722008 0.49742268041237114 0.16602316602316602 0.20103092783505155
3 0.555984555984556 0.2190721649484536 0.14671814671814673 0.15979381443298968
3 0.26640926640926643 0.4690721649484536 0.16216216216216217 0.18556701030927836
3 0.27606177606177607 0.2912371134020619 0.13513513513513514 0.15979381443298968
3 0.7239382239382239 0.30927835051546393 0.1274131274131274 0.16494845360824742
3 0.40733590733590735 0.211340206185567 0.14285714285714285 0.17525773195876287
