1 0.7724798033017211 0.8111141527511634 0.04864769933263084 0.0498220640569395
3 0.6875658587987356 0.9427867506159321 0.04390586582367404 0.05201204489460717
0 0.4610994028802248 0.7675882836025185 0.007903055848261328 0.018067341910758282
0 0.44933263083948016 0.7778538187790857 0.05145767474534598 0.0758280865042431
3 0.7723041798384264 0.8234327949630441 0.06761503336845803 0.08431426225020532
0 0.44459079733052337 0.7907199562003833 0.016684229012996137 0.024363536819052834
3 0.7601861608710924 0.8655899260881468 0.0644538110291535 0.05639200656994251
0 0.46759747102212856 0.7582808650424309 0.0043905865823674044 0.010402408978921434
3 0.7293642430628732 0.9334793320558445 0.03477344573234984 0.05529701615110868
3 0.46909027046013346 0.8269915138242541 0.07692307692307693 0.0810292909937038
3 0.44678609062170704 0.7666301669860389 0.0730593607305936 0.1010128661374213
3 0.7502634351949421 0.9024089789214345 0.04847207586933614 0.046263345195729534
3 0.4912188268352652 0.8725704900082124 0.06006322444678609 0.0451683547768957
