3 0.62060546875 0.43321616871704743 0.1708984375 0.2548330404217926
3 0.810546875 0.47627416520210897 0.048828125 0.0843585237258348
3 0.375 0.5421792618629174 0.111328125 0.15992970123022848
3 0.44873046875 0.4068541300527241 0.1748046875 0.26537785588752194
3 0.2978515625 0.39103690685413006 0.125 0.2056239015817223
3 0.75439453125 0.4094903339191564 0.1025390625 0.13708260105448156
3 0.75732421875 0.5123022847100176 0.0869140625 0.14586994727592267
3 0.22119140625 0.46836555360281196 0.0654296875 0.10369068541300527
3 0.57568359375 0.5685413005272407 0.0908203125 0.13532513181019332
3 0.48046875 0.5667838312829525 0.109375 0.13181019332161686
3 0.30078125 0.5298769771528998 0.09375 0.11072056239015818
3 0.67724609375 0.5676625659050967 0.1103515625 0.15114235500878734
3 0.205078125 0.36994727592267135 0.068359375 0.10720562390158173
