0 0.8217592592592593 0.2282986111111111 0.0582010582010582 0.03794642857142857
3 0.22585978835978837 0.0794890873015873 0.15873015873015872 0.07415674603174603
0 0.1896494708994709 0.6736111111111112 0.06845238095238096 0.021825396825396824
0 0.763723544973545 0.5775049603174603 0.049933862433862435 0.024553571428571428
3 0.7232142857142857 0.09821428571428571 0.13095238095238096 0.08581349206349206
0 0.10747354497354497 0.20907738095238096 0.0496031746031746 0.032242063492063495
3 0.7880291005291006 0.22135416666666666 0.13558201058201058 0.07564484126984126
3 0.6620370370370371 0.7601686507936508 0.09722222222222222 0.0689484126984127
3 0.8111772486772487 0.32936507936507936 0.1693121693121693 0.06299603174603174
3 0.3802910052910053 0.03236607142857143 0.1884920634920635 0.06076388888888889
3 0.2337962962962963 0.7473958333333334 0.09788359788359788 0.07068452380952381
3 0.5517526455026455 0.777405753968254 0.11871693121693122 0.0642361111111111
3 0.4427910052910053 0.7848462301587301 0.10515873015873016 0.05927579365079365
3 0.7705026455026455 0.6883680555555556 0.15013227513227514 0.060267857142857144
3 0.7627314814814815 0.5814732142857143 0.13723544973544974 0.048859126984126984
3 0.6026785714285714 0.0390625 0.20601851851851852 0.07217261904761904
3 0.13475529100529102 0.20684523809523808 0.1431878306878307 0.08432539682539683
3 0.18683862433862433 0.7127976190476191 0.16865079365079366 0.10218253968253968
3 0.33366402116402116 0.7672371031746031 0.1164021164021164 0.061755952380952384
0 0.7782738095238095 0.3240327380952381 0.08961640211640212 0.048859126984126984
3 0.798941798941799 0.27740575396825395 0.17923280423280424 0.07118055555555555
3 0.7648809523809523 0.6372767857142857 0.1746031746031746 0.0716765873015873
3 0.15575396825396826 0.6639384920634921 0.18716931216931218 0.09325396825396826
3 0.7523148148148148 0.7327628968253969 0.08664021164021164 0.08010912698412699
0 0.14203042328042328 0.6021825396825397 0.07308201058201058 0.023313492063492064
3 0.13128306878306878 0.6168154761904762 0.15873015873015872 0.06646825396825397
0 0.17063492063492064 0.6490575396825397 0.061507936507936505 0.025793650793650792
0 0.8194444444444444 0.29055059523809523 0.05489417989417989 0.03993055555555555
