3 0.6591666666666667 0.29425 0.06433333333333334 0.076
3 0.25566666666666665 0.40625 0.069 0.0905
3 0.6451666666666667 0.39275 0.07466666666666667 0.121
3 0.32625 0.3195 0.07683333333333334 0.0995
3 0.38666666666666666 0.4145 0.06466666666666666 0.113
3 0.5014166666666666 0.312 0.08016666666666666 0.11
3 0.5030833333333333 0.413 0.0745 0.1035
3 0.44308333333333333 0.417125 0.06983333333333333 0.11175
3 0.5723333333333334 0.41075 0.07433333333333333 0.112
3 0.7029166666666666 0.37875 0.0915 0.121
3 0.4103333333333333 0.323 0.08533333333333333 0.11
3 0.5910833333333333 0.295875 0.058166666666666665 0.09025
3 0.32083333333333336 0.41675 0.071 0.1015
3 0.253 0.327375 0.07466666666666667 0.10475
