0 0.37916666666666665 0.553125 0.016666666666666666 0.025
0 0.6166666666666667 0.7109375 0.03333333333333333 0.053125
0 0.728125 0.65625 0.04791666666666667 0.09375
0 0.25833333333333336 0.3734375 0.04583333333333333 0.159375
0 0.528125 0.5421875 0.01875 0.040625
1 0.271875 0.378125 0.14791666666666667 0.24375
0 0.7197916666666667 0.5828125 0.027083333333333334 0.028125
0 0.39479166666666665 0.6375 0.06458333333333334 0.03125
1 0.49583333333333335 0.2734375 0.24166666666666667 0.340625
3 0.5041666666666667 0.509375 0.6666666666666666 0.825
0 0.6489583333333333 0.6515625 0.07708333333333334 0.034375
0 0.35 0.6953125 0.029166666666666667 0.046875
