3 0.2727272727272727 0.49786438868126 0.044444444444444446 0.10731446876668446
3 0.541010101010101 0.6484249866524292 0.06545454545454546 0.11692471970101441
3 0.47595959595959597 0.6444207154297917 0.06868686868686869 0.11318739989321944
3 0.7638383838383839 0.6628403630539241 0.04323232323232323 0.05605979711692472
3 0.4715151515151515 0.4554191137213027 0.09696969696969697 0.10571276027762948
3 0.23434343434343435 0.6521623064602242 0.05656565656565657 0.05178857447944474
3 0.647070707070707 0.4829151094500801 0.06747474747474748 0.12546716497597438
3 0.4125252525252525 0.6444207154297917 0.06464646464646465 0.11532301121195943
3 0.7141414141414142 0.47116924719701014 0.0707070707070707 0.13400961025093433
3 0.738989898989899 0.6625734116390817 0.03636363636363636 0.06833956219967965
3 0.34565656565656566 0.6406833956219968 0.07474747474747474 0.11318739989321944
3 0.564040404040404 0.48665242925787505 0.09858585858585858 0.15216230646022424
3 0.2905050505050505 0.6516284036305392 0.055757575757575756 0.0784837159636946
2 0.4711111111111111 0.494127068873465 0.09292929292929293 0.02829684997330486
3 0.6612121212121213 0.6473571809930593 0.06585858585858585 0.11585691404164442
3 0.3195959595959596 0.4738387613454351 0.07111111111111111 0.1414842498665243
3 0.7507070707070707 0.5050720768820075 0.044444444444444446 0.09289909236518953
3 0.7137373737373738 0.6588360918312867 0.053737373737373736 0.08328884143085959
3 0.6002020202020202 0.6484249866524292 0.06181818181818182 0.11692471970101441
3 0.3892929292929293 0.4847837693539776 0.07313131313131313 0.12813667912439936
3 0.26202020202020204 0.6492258408969568 0.06181818181818182 0.06833956219967965
