1 0.5050251256281407 0.5606741573033708 0.02763819095477387 0.13707865168539327
0 0.5050251256281407 0.5606741573033708 0.02763819095477387 0.13707865168539327
3 0.2537688442211055 0.5595505617977528 0.11809045226130653 0.21123595505617979
3 0.7173366834170855 0.550561797752809 0.10050251256281408 0.2247191011235955
3 0.5772613065326633 0.5662921348314607 0.17964824120603015 0.2876404494382023
3 0.14761306532663315 0.5707865168539326 0.11683417085427136 0.2157303370786517
3 0.3913316582914573 0.553932584269663 0.17462311557788945 0.2898876404494382
3 0.8109296482412061 0.5528089887640449 0.10678391959798995 0.2292134831460674
1 0.28831658291457285 0.549438202247191 0.04648241206030151 0.11910112359550562
1 0.6846733668341709 0.5573033707865168 0.035175879396984924 0.09887640449438202
