3 0.35486194477791116 0.5924895688456189 0.035534213685474186 0.10662957811775614
3 0.304921968787515 0.47983310152990266 0.06338535414165666 0.19564209550301345
3 0.6201680672268908 0.5514603616133519 0.035534213685474186 0.13027352804821513
3 0.6588235294117647 0.4323133982382939 0.07202881152460984 0.18497913769123783
3 0.5290516206482593 0.44459898006490495 0.10060024009603842 0.22716736207695873
3 0.3589435774309724 0.4670839128419101 0.06434573829531813 0.17756142790913307
3 0.26818727490996397 0.4860917941585535 0.027851140456182474 0.11636532220676866
3 0.3997599039615846 0.60778859527121 0.07298919567827131 0.1854427445526194
3 0.7030012004801921 0.43602225312934634 0.028811524609843937 0.1339823829392675
3 0.4597839135654262 0.5901715345387112 0.047058823529411764 0.09457579972183588
3 0.5955582232893157 0.4369494668521094 0.07370948379351741 0.1645804357904497
3 0.5755102040816327 0.5827538247566064 0.07539015606242497 0.19100602688919796
3 0.5112845138055222 0.5938803894297635 0.05402160864345738 0.08344923504867872
3 0.6627851140456182 0.5537783959202596 0.060264105642256906 0.10987482614742698
3 0.4276110444177671 0.46453407510431155 0.10132052821128451 0.21696801112656466
3 0.3157262905162065 0.5841446453407511 0.049459783913565425 0.11126564673157163
