3 0.19984202211690363 0.3921800947867299 0.030542390731964193 0.13112164296998421
3 0.5233017377567141 0.39119273301737756 0.1371774618220116 0.17890995260663506
3 0.36729857819905215 0.5955766192733017 0.08478146392838336 0.19826224328593997
3 0.2856766719325961 0.4146919431279621 0.08162190626645603 0.174565560821485
3 0.665086887835703 0.6172985781990521 0.0784623486045287 0.21642969984202212
3 0.1786466561348078 0.5556872037914692 0.09768299104791996 0.14454976303317535
3 0.6259873617693523 0.39454976303317535 0.08767772511848342 0.179304897314376
3 0.23446550816219064 0.4093601895734597 0.059768299104792 0.20813586097946288
3 0.7359136387572407 0.39849921011058453 0.04318062137967351 0.14454976303317535
3 0.44207477619799895 0.5924170616113744 0.08004212743549237 0.22432859399684044
3 0.7677725118483413 0.39988151658767773 0.07056345444971038 0.16311216429699843
3 0.38665086887835703 0.4004739336492891 0.13612427593470247 0.2037914691943128
3 0.2456556082148499 0.6143364928909952 0.07319641916798315 0.17654028436018956
3 0.6944444444444444 0.3981042654028436 0.06556082148499211 0.18641390205371247
3 0.5942601369141653 0.6097946287519748 0.0784623486045287 0.19352290679304898
3 0.12848867825171142 0.49960505529225907 0.08372827804107424 0.12006319115323855
3 0.8325434439178515 0.4048183254344392 0.07266982622432859 0.17298578199052134
3 0.5210637177461822 0.594391785150079 0.07793575566087414 0.2093206951026856
3 0.758030542390732 0.590047393364929 0.07109004739336493 0.12480252764612954
3 0.17074776197998948 0.37657977883096366 0.05924170616113744 0.15363349131121642
3 0.7252501316482359 0.6125592417061612 0.06819378620326487 0.17377567140600317
3 0.30924170616113744 0.6143364928909952 0.07872564507635597 0.2010268562401264
