3 0.625 0.4796666666666667 0.027333333333333334 0.048
1 0.5834444444444444 0.4735 0.010444444444444444 0.043666666666666666
3 0.46255555555555555 0.4475 0.04466666666666667 0.063
3 0.6887777777777778 0.41083333333333333 0.02022222222222222 0.036333333333333336
3 0.4481111111111111 0.4865 0.035777777777777776 0.06166666666666667
3 0.5951111111111111 0.4791666666666667 0.033777777777777775 0.061
3 0.4855555555555556 0.48233333333333334 0.03688888888888889 0.06733333333333333
3 0.555 0.47983333333333333 0.034 0.061
0 0.5227777777777778 0.43966666666666665 0.041555555555555554 0.024666666666666667
3 0.5792222222222222 0.44033333333333335 0.042 0.025333333333333333
1 0.566 0.47633333333333333 0.012 0.03666666666666667
3 0.6543333333333333 0.4695 0.03222222222222222 0.06233333333333333
3 0.6228888888888889 0.43883333333333335 0.04488888888888889 0.057666666666666665
3 0.6832222222222222 0.45966666666666667 0.03177777777777778 0.056666666666666664
3 0.5221111111111111 0.482 0.035777777777777776 0.066
3 0.663 0.4245 0.034888888888888886 0.059
