3 0.35392051557465093 0.5800316957210776 0.2738990332975295 0.43106180665610144
0 0.8394199785177229 0.5269413629160064 0.09559613319011816 0.06497622820919176
0 0.6949516648764769 0.49128367670364503 0.02577873254564984 0.05071315372424723
0 0.34371643394199786 0.694136291600634 0.05370569280343716 0.028526148969889066
0 0.4317937701396348 0.6870047543581617 0.04081632653061224 0.03328050713153724
0 0.27926960257787325 0.6624405705229794 0.010741138560687433 0.028526148969889066
3 0.9624060150375939 0.5649762282091918 0.07303974221267455 0.35657686212361334
1 0.6267454350161117 0.554675118858954 0.21160042964554243 0.3359746434231379
0 0.23952738990332975 0.5499207606973059 0.017185821697099892 0.04120443740095087
0 0.3694951664876477 0.5253565768621236 0.19978517722878625 0.27099841521394613
3 0.8469387755102041 0.5126782884310618 0.1858216970998926 0.3787638668779715
3 0.6117078410311493 0.5301109350237718 0.27175080558539205 0.44532488114104596
