0 0.6965733716976197 0.5829509354041652 0.004708344232278315 0.006000705965407695
3 0.6989275438137589 0.5273561595481822 0.29819513471096 0.3551006000705965
3 0.755296887261313 0.9304624073420402 0.2163222600052315 0.13836921990822448
0 0.7023280146481821 0.5792446170137663 0.0031388961548522104 0.0070596540769502295
0 0.6854564478158515 0.42357924461701374 0.006016217630133403 0.009177550300035298
3 0.731624378760136 0.7765619484645252 0.23384776353648967 0.22308506883162724
0 0.6798325922050745 0.5232968584539358 0.0073240910279884905 0.0024708789269325803
0 0.6964425843578341 0.5395340628309213 0.004446769552707298 0.005294740557712672
0 0.7065132095213184 0.5180021178962231 0.010462987182840701 0.003882809742322626
0 0.7258697358095736 0.4906459583480409 0.007847240387130526 0.0063536886692552065
3 0.640334815589851 0.23367454994705258 0.28773214752811926 0.3035651253088599
