3 0.7550862068965517 0.4912097735399285 0.0853448275862069 0.20053635280095353
3 0.33836206896551724 0.4907628128724672 0.0846551724137931 0.22884386174016685
3 0.43655172413793103 0.5064064362336115 0.12206896551724138 0.2535756853396901
3 0.6695689655172414 0.4928486293206198 0.08948275862068966 0.2306317044100119
3 0.8603448275862069 0.46588200238379024 0.032758620689655175 0.12365911799761621
3 0.26517241379310347 0.49687127532777114 0.06758620689655172 0.18980929678188319
3 0.15189655172413793 0.43340286054827176 0.038275862068965515 0.1665673420738975
3 0.5611206896551724 0.5040226460071514 0.12741379310344828 0.26251489868891537
3 0.2093103448275862 0.4798867699642431 0.05310344827586207 0.19457687723480332
3 0.17836206896551723 0.46677592371871274 0.03327586206896552 0.1731227651966627
3 0.819051724137931 0.4868891537544696 0.05982758620689655 0.15256257449344457
