3 0.8959297839506173 0.42780671296296297 0.08275462962962964 0.1802662037037037
3 0.4203317901234568 0.6740451388888888 0.08024691358024691 0.12181712962962964
3 0.6983024691358025 0.4539930555555556 0.12692901234567902 0.16435185185185186
3 0.634741512345679 0.7508680555555556 0.08854166666666667 0.17592592592592593
3 0.49797453703703703 0.42390046296296297 0.015625 0.029513888888888888
3 0.4818672839506173 0.7050057870370371 0.08487654320987655 0.15248842592592593
3 0.8074845679012346 0.45240162037037035 0.09722222222222222 0.1970486111111111
3 0.908179012345679 0.6371527777777778 0.1091820987654321 0.13136574074074073
3 0.40518904320987653 0.42607060185185186 0.07002314814814815 0.14554398148148148
1 0.48196373456790126 0.4537037037037037 0.05652006172839506 0.08912037037037036
3 0.8967978395061729 0.6996527777777778 0.09259259259259259 0.1371527777777778
3 0.7528935185185185 0.7453703703703703 0.08912037037037036 0.1753472222222222
3 0.8367091049382716 0.7290219907407407 0.09625771604938271 0.1657986111111111
0 0.47588734567901236 0.42115162037037035 0.010802469135802469 0.008969907407407407
3 0.484375 0.43851273148148145 0.0941358024691358 0.12818287037037038
3 0.5636574074074074 0.72265625 0.08796296296296297 0.17505787037037038
1 0.7882908950617284 0.46860532407407407 0.032214506172839504 0.054108796296296294
3 0.39834104938271603 0.6287615740740741 0.11844135802469136 0.13020833333333334
0 0.7890625 0.46383101851851855 0.022569444444444444 0.03356481481481482
0 0.41647376543209874 0.6115451388888888 0.008101851851851851 0.008969907407407407
0 0.4106867283950617 0.6145833333333334 0.009259259259259259 0.010416666666666666
