3 0.4323881172839506 0.5329861111111112 0.07195216049382716 0.09895833333333333
3 0.5271026234567902 0.3833912037037037 0.12133487654320987 0.2065972222222222
3 0.29292052469135804 0.5089699074074074 0.06925154320987655 0.15625
3 0.11786265432098765 0.2890625 0.0470679012345679 0.09664351851851852
3 0.7531828703703703 0.3148148148148148 0.03568672839506173 0.0775462962962963
3 0.6166087962962963 0.3582175925925926 0.07619598765432099 0.1684027777777778
3 0.2414158950617284 0.3755787037037037 0.06693672839506173 0.16493055555555555
3 0.5022183641975309 0.5240162037037037 0.06847993827160494 0.10358796296296297
3 0.4096257716049383 0.3975694444444444 0.12133487654320987 0.19618055555555555
3 0.31394675925925924 0.38425925925925924 0.08468364197530864 0.15335648148148148
3 0.6876929012345679 0.4117476851851852 0.048996913580246916 0.11516203703703703
3 0.1415895061728395 0.3773148148148148 0.05439814814814815 0.08564814814814815
3 0.15123456790123457 0.3198784722222222 0.028935185185185185 0.1009837962962963
3 0.7217399691358025 0.29890046296296297 0.033371913580246916 0.10532407407407407
3 0.6775655864197531 0.3237847222222222 0.05960648148148148 0.1736111111111111
3 0.35927854938271603 0.5150462962962963 0.07542438271604938 0.11805555555555555
3 0.18740354938271606 0.4224537037037037 0.05459104938271605 0.08333333333333333
3 0.7231867283950617 0.3687789351851852 0.04282407407407408 0.05873842592592592
3 0.18778935185185186 0.3515625 0.046489197530864196 0.11863425925925926
3 0.5730131172839507 0.49537037037037035 0.07272376543209877 0.11574074074074074
3 0.23051697530864199 0.4574652777777778 0.056712962962962965 0.1244212962962963
3 0.6360918209876543 0.4713541666666667 0.05999228395061729 0.14756944444444445
