3 0.0880281690140845 0.7259887005649718 0.15492957746478872 0.2655367231638418
3 0.823943661971831 0.5847457627118644 0.176056338028169 0.2768361581920904
3 0.8204225352112676 0.3615819209039548 0.1267605633802817 0.1807909604519774
3 0.15845070422535212 0.5480225988700564 0.16901408450704225 0.2711864406779661
3 0.875 0.7824858757062146 0.16549295774647887 0.2542372881355932
0 0.13556338028169015 0.6045197740112994 0.0528169014084507 0.0903954802259887
3 0.17781690140845072 0.3531073446327684 0.13028169014084506 0.1864406779661017
3 0.7588028169014085 0.05649717514124294 0.10915492957746478 0.11299435028248588
3 0.0880281690140845 0.9152542372881356 0.14788732394366197 0.15819209039548024
3 0.2640845070422535 0.0480225988700565 0.11267605633802817 0.096045197740113
3 0.7940140845070423 0.2033898305084746 0.13028169014084506 0.1807909604519774
3 0.8908450704225352 0.9378531073446328 0.14084507042253522 0.11299435028248588
3 0.22359154929577466 0.192090395480226 0.13028169014084506 0.192090395480226
