3 0.7346181686572566 0.3748400307141029 0.15182772348896129 0.18710007678525722
3 0.17851972493666304 0.5429997440491425 0.10803474484256244 0.20552853852060404
3 0.6068584871516468 0.39275659073457897 0.11129207383279044 0.17123112362426415
3 0.6942634817227651 0.5142052725876631 0.18476293883460007 0.14589198873816228
3 0.2230365544697792 0.37522395700025596 0.1311979732175172 0.20168927565907346
3 0.49493304379297864 0.3942922958791912 0.1179876945349258 0.18965958535961094
3 0.08351429605501266 0.5386485794727413 0.08631921824104234 0.15382646531865882
3 0.5472312703583062 0.5280266188891732 0.13101701049583786 0.16534425390325058
3 0.2930691277596815 0.5496544663424623 0.12468331523706117 0.21934988482211415
3 0.8803836409699601 0.3136677757870489 0.1454940282301846 0.18249296135142054
3 0.09690553745928339 0.3533401586895316 0.15472312703583063 0.23624264141284873
3 0.024882374230908434 0.517916560020476 0.04976474846181687 0.17839774763245456
3 0.8648208469055375 0.4427949833631943 0.17082880926529134 0.15664192475044791
3 0.3613825551936301 0.39096493473253136 0.14694173000361926 0.22293319682620938
3 0.4213716974303294 0.540824161760942 0.13192182410423453 0.20271307908881495
