3 0.6265 0.240375 0.09533333333333334 0.12825
3 0.8519166666666667 0.8775 0.1505 0.2285
3 0.19666666666666666 0.666 0.16 0.2445
3 0.7820833333333334 0.522375 0.1245 0.17425
3 0.15033333333333335 0.871875 0.151 0.23125
3 0.3915 0.248 0.09466666666666666 0.137
3 0.81175 0.678 0.15816666666666668 0.251
3 0.6990833333333333 0.28825 0.1065 0.155
3 0.3239166666666667 0.28 0.09716666666666667 0.17
3 0.23375 0.50225 0.1275 0.1635
3 0.4655 0.21875 0.08233333333333333 0.132
3 0.2638333333333333 0.380625 0.11533333333333333 0.17875
3 0.7583333333333333 0.39375 0.116 0.187
0 0.78475 0.884875 0.0021666666666666666 0.00525
3 0.5453333333333333 0.226125 0.084 0.12825
0 0.08416666666666667 0.862875 0.005333333333333333 0.01475
