3 0.7994367330516998 0.4838940586972083 0.06397103198551599 0.09305654974946313
3 0.17702675518004427 0.44076592698639944 0.04868235767451217 0.07480314960629922
3 0.5697042848521424 0.5892984967788117 0.07322470327901831 0.07551896921975662
3 0.44337155501911085 0.46241947029348607 0.1468517400925367 0.20042949176807445
3 0.7768054717360692 0.4325340014316392 0.057332528666264336 0.09126700071581961
3 0.23134178233755784 0.43056549749463136 0.07402937034801851 0.1388690050107373
3 0.31864815932407964 0.443092340730136 0.10782538724602696 0.2032927702219041
3 0.6499698249849125 0.5586972083035076 0.08288070810702072 0.10379384395132427
3 0.3190504928585798 0.5663922691481746 0.08851337759002213 0.08625626342161775
3 0.24230537115268558 0.5164638511095204 0.06698853349426674 0.08518253400143164
3 0.40253470126735064 0.5687186828919112 0.07966203983101991 0.11381531853972798
3 0.7024743512371756 0.4454187544738726 0.09575538121102393 0.15926986399427345
3 0.5879098772882719 0.45937723693629207 0.14021323677328507 0.19362920544022907
3 0.728223697445182 0.530959198282033 0.08489237577952122 0.12992125984251968
3 0.49064574532287264 0.5703292770221904 0.0744317038825186 0.12777380100214747
