3 0.6094076655052265 0.708298926507019 0.07642276422764227 0.2217175887696119
3 0.7957026713124274 0.6822873658133773 0.0545876887340302 0.2217175887696119
3 0.6844367015098722 0.7016928158546656 0.08106852497096399 0.25639966969446737
3 0.20150987224157957 0.68476465730801 0.0462253193960511 0.24071015689512798
3 0.17084785133565622 0.6637076796036334 0.044367015098722415 0.21593724194880265
3 0.7948896631823461 0.47481420313790257 0.04878048780487805 0.24525185796862098
3 0.5643437862950058 0.4746077621800165 0.12520325203252033 0.310074318744839
3 0.26504065040650404 0.4640792733278282 0.07386759581881533 0.28819157720891825
3 0.33658536585365856 0.4719240297274979 0.09477351916376307 0.27250206440957886
3 0.18130081300813009 0.4653179190751445 0.0397212543554007 0.2254335260115607
3 0.5331010452961672 0.7124277456647399 0.07711962833914053 0.2018992568125516
3 0.8468060394889663 0.6564822460776218 0.06620209059233449 0.22213047068538397
3 0.2140534262485482 0.4727497935590421 0.04901277584204414 0.24112303881090008
3 0.8662020905923344 0.45293146160198183 0.04088269454123113 0.2014863748967795
3 0.6665505226480837 0.48080099091659784 0.09314750290360047 0.27704376548307186
3 0.43902439024390244 0.47398843930635837 0.12775842044134728 0.30388109000825764
3 0.30987224157955867 0.7099504541701074 0.07526132404181185 0.26135425268373247
3 0.7419279907084785 0.4642857142857143 0.0794425087108014 0.2786952931461602
3 0.2462253193960511 0.7002477291494632 0.07154471544715447 0.24360033030553263
3 0.9005807200929152 0.6034269199009084 0.05807200929152149 0.18538398018166805
3 0.1443670150987224 0.6104459124690339 0.04157955865272939 0.1531791907514451
3 0.3794425087108014 0.6903385631709331 0.07781649245063879 0.20644095788604458
3 0.751567944250871 0.6866226259289843 0.06016260162601626 0.20066061106523533
3 0.4564459930313589 0.7196531791907514 0.0761904761904762 0.20478943022295623
3 0.1511033681765389 0.4599504541701073 0.03414634146341464 0.20396366639141206
3 0.829732868757259 0.48162675474814204 0.039953542392566786 0.19033856317093312
