3 0.3211147086031452 0.3653371710526316 0.10337650323774283 0.3293585526315789
3 0.21692876965772434 0.6488486842105263 0.07446808510638298 0.234375
3 0.8776595744680851 0.38589638157894735 0.03839037927844589 0.21998355263157895
3 0.8191489361702128 0.39288651315789475 0.04440333024976873 0.2520559210526316
3 0.3094357076780759 0.7012746710526315 0.09019426456984274 0.3104440789473684
3 0.1883672525439408 0.6165707236842105 0.06961147086031452 0.21258223684210525
3 0.25693802035152635 0.6615953947368421 0.07261794634597594 0.2565789473684211
3 0.5728492136910268 0.37993421052631576 0.14801110083256244 0.3412828947368421
3 0.7913968547641073 0.6605674342105263 0.06753006475485661 0.2652138157894737
3 0.7661887141535615 0.3536184210526316 0.0851063829787234 0.34375
3 0.19299259944495836 0.4029605263157895 0.046022201665124884 0.234375
3 0.8295559666975023 0.6480263157894737 0.08325624421831637 0.265625
3 0.6882516188714154 0.7041529605263158 0.08603145235892692 0.3285361842105263
3 0.8608926919518964 0.6200657894736842 0.07007400555041628 0.23848684210526316
3 0.6169056429232193 0.7025082236842105 0.07839962997224792 0.27837171052631576
3 0.46265032377428306 0.7140213815789473 0.08395004625346901 0.30304276315789475
3 0.1637372802960222 0.3990542763157895 0.03839037927844589 0.20682565789473684
3 0.8479417206290472 0.39370888157894735 0.0469472710453284 0.24136513157894737
3 0.7437557816836263 0.6673519736842105 0.0841813135985199 0.2746710526315789
3 0.38737280296022203 0.7127878289473685 0.08788159111933395 0.30304276315789475
3 0.15529602220166513 0.6030016447368421 0.05619796484736355 0.2109375
3 0.2414431082331175 0.36800986842105265 0.07446808510638298 0.3371710526315789
3 0.5398936170212766 0.70703125 0.07932469935245143 0.2890625
3 0.6851295097132285 0.3521792763157895 0.11123959296947271 0.3441611842105263
3 0.1399167437557817 0.38651315789473684 0.039777983348751156 0.21628289473684212
3 0.4324699352451434 0.3846628289473684 0.1429232192414431 0.33100328947368424
