3 0.30777391975308643 0.3861882716049383 0.09047067901234568 0.1720679012345679
3 0.667920524691358 0.37885802469135804 0.09895833333333333 0.1779835390946502
3 0.3767361111111111 0.5474537037037037 0.09143518518518519 0.14223251028806586
3 0.6960841049382716 0.5496399176954733 0.07735339506172839 0.13580246913580246
3 0.8226273148148148 0.550025720164609 0.07310956790123457 0.09747942386831275
3 0.25163966049382713 0.5543981481481481 0.07503858024691358 0.07998971193415638
3 0.23900462962962962 0.3795010288065844 0.05864197530864197 0.17824074074074073
3 0.7638888888888888 0.5549125514403292 0.08333333333333333 0.11085390946502058
3 0.5533371913580247 0.39300411522633744 0.14448302469135801 0.2175925925925926
3 0.7507716049382716 0.373070987654321 0.07368827160493827 0.1838991769547325
3 0.19984567901234568 0.3904320987654321 0.05401234567901234 0.13220164609053497
3 0.4574652777777778 0.5511831275720165 0.08584104938271606 0.14506172839506173
3 0.4183063271604938 0.39300411522633744 0.13368055555555555 0.22067901234567902
3 0.30951003086419754 0.543724279835391 0.07156635802469136 0.12242798353909465
3 0.8347800925925926 0.4035493827160494 0.049575617283950615 0.09156378600823045
3 0.5400270061728395 0.5592849794238683 0.08043981481481481 0.13400205761316872
0 0.2533757716049383 0.43955761316872427 0.005979938271604938 0.006172839506172839
3 0.6245177469135802 0.5474537037037037 0.0935570987654321 0.14223251028806586
3 0.8026620370370371 0.38515946502057613 0.05787037037037037 0.12474279835390946
