3 0.6654901169826543 0.6768532526475037 0.06393707139975796 0.1167927382753404
3 0.7603872529245663 0.6104387291981845 0.041145623235175476 0.06505295007564296
3 0.36516740621218235 0.683661119515885 0.07200484066155707 0.11588502269288956
3 0.4607704719645018 0.6791225416036308 0.09862847922549416 0.1400907715582451
3 0.22983057684550223 0.6030257186081694 0.02480839048003227 0.09258698940998487
3 0.7188382412263009 0.6361573373676248 0.048406615570794675 0.11770045385779122
3 0.5933844292053247 0.7024205748865355 0.09237595804759983 0.16187594553706505
3 0.3163574021782977 0.6090771558245083 0.07523194836627672 0.11800302571860817
3 0.4083299717628076 0.6937972768532527 0.02117789431222267 0.07987897125567323
3 0.2598830173457039 0.6004538577912254 0.04780153287615974 0.09712556732223904
