3 0.595769487008661 0.41704147926036983 0.13824117255163224 0.20439780109945027
3 0.46802131912058625 0.6091954022988506 0.08461025982678215 0.16891554222888555
3 0.28197868087941375 0.5279860069965018 0.08627581612258495 0.23338330834582707
3 0.7831445702864757 0.6106946526736632 0.06728847435043304 0.07596201899050475
3 0.38391072618254496 0.6179410294852574 0.08361092604930047 0.15942028985507245
3 0.7208527648234511 0.5879560219890055 0.08527648234510327 0.1424287856071964
3 0.35526315789473684 0.48050974512743627 0.09027315123251166 0.18140929535232383
3 0.30579613590939375 0.6354322838580709 0.07461692205196535 0.1294352823588206
3 0.5522984676882079 0.6031984007996002 0.08461025982678215 0.1729135432283858
3 0.858927381745503 0.552223888055972 0.0709526982011992 0.1469265367316342
3 0.7115256495669554 0.4330334832583708 0.09993337774816789 0.18640679660169915
3 0.4646902065289807 0.43103448275862066 0.13657561625582945 0.21839080459770116
3 0.7871419053964024 0.4855072463768116 0.09327115256495669 0.20739630184907545
3 0.6375749500333111 0.5944527736131934 0.08860759493670886 0.16241879060469766
