1 0.24383333333333335 0.34975 0.07066666666666667 0.1035
3 0.7585833333333334 0.49925 0.11716666666666667 0.203
1 0.34725 0.41025 0.0345 0.1165
3 0.6711666666666667 0.62775 0.10566666666666667 0.118
3 0.2695 0.57 0.12733333333333333 0.167
3 0.28625 0.416875 0.16283333333333333 0.23775
3 0.54425 0.611875 0.1265 0.17925
3 0.79975 0.591 0.12183333333333334 0.1925
0 0.4875 0.286625 0.035666666666666666 0.03125
0 0.39666666666666667 0.32475 0.04033333333333333 0.088
0 0.35041666666666665 0.401625 0.0165 0.06875
3 0.45941666666666664 0.391125 0.1935 0.28175
3 0.6271666666666667 0.469125 0.15633333333333332 0.27325
1 0.4370833333333333 0.31325 0.1415 0.1245
1 0.5710833333333334 0.464875 0.03716666666666667 0.17275
0 0.58075 0.48375 0.008166666666666666 0.0385
0 0.5638333333333333 0.42725 0.021333333333333333 0.0925
0 0.24258333333333335 0.376625 0.0285 0.03575
0 0.48975 0.487 0.019833333333333335 0.01
3 0.1 0.402125 0.16866666666666666 0.28275
3 0.90625 0.498625 0.1505 0.22525
3 0.41 0.600375 0.13866666666666666 0.18375
