0 0.3426395939086294 0.6830794341675734 0.002175489485134155 0.001632208922742111
3 0.29042784626540974 0.6430903155603918 0.1414068165337201 0.23177366702937977
3 0.6430384336475707 0.48911860718171923 0.14757070340826686 0.21545157780195864
0 0.5275562001450327 0.5024483133841132 0.01015228426395939 0.031011969532100107
3 0.4943799854967368 0.485310119695321 0.14974619289340102 0.21109902067464636
3 0.8558738216098623 0.6626768226332971 0.13669325598259607 0.23612622415669204
1 0.5014503263234228 0.4839499455930359 0.12255257432922408 0.18117519042437433
3 0.7746555474981871 0.5380848748639826 0.1316171138506164 0.18063112078346028
3 0.8859680928208847 0.8699673558215452 0.18382886149383612 0.2132752992383025
3 0.24383611312545322 0.8144722524483133 0.17657722987672225 0.21109902067464636
0 0.5085206671501088 0.48313384113166485 0.01849166062364032 0.026115342763873776
0 0.315989847715736 0.7067464635473341 0.0018129079042784628 0.002176278563656148
3 0.36421319796954316 0.529923830250272 0.13451776649746192 0.18171926006528835
