0 0.8779414773889912 0.839011663597299 0.0055248618784530384 0.007059545733578883
0 0.3160425618989155 0.9602516881522406 0.0034786167382852467 0.013812154696132596
0 0.23644362594638837 0.9099140577041129 0.0026601186822181296 0.004604051565377533
0 0.8956414978514426 0.8382443216697361 0.0016369961121342337 0.003683241252302026
0 0.20933087783916512 0.8933394720687539 0.029465930018416207 0.008287292817679558
0 0.2402291794556988 0.8598833640270105 0.0016369961121342337 0.0027624309392265192
0 0.2635563740536116 0.8753836709637814 0.002864743196234909 0.003069367710251688
0 0.3051974626560262 0.7432473910374463 0.004706363822385922 0.006445672191528545
0 0.2639656230816452 0.7429404542664211 0.003683241252302026 0.002148557397176182
0 0.2792101493758952 0.7435543278084714 0.001841620626151013 0.002148557397176182
0 0.29844485369347246 0.580877839165132 0.00511561285041948 0.0052179251074278695
0 0.9758543073460201 0.7552179251074279 0.031512175158584 0.09300184162062615
0 0.2837118886842644 0.7452424800491099 0.0034786167382852467 0.001841620626151013
3 0.9274606097810517 0.5518723143032536 0.12870881931655412 0.1976672805402087
3 0.8894004501739309 0.870779619398404 0.15899324739103746 0.1841620626151013
3 0.44843462246777166 0.4696132596685083 0.1201145897278494 0.14917127071823205
3 0.8383466339267445 0.44551872314303254 0.12482095355023531 0.16114180478821363
3 0.3643339472068754 0.322744014732965 0.13361980765295683 0.09914057704112952
3 0.9283814200941273 0.960098219766728 0.14282791078371188 0.07918968692449356
3 0.562001227747084 0.36494782074892573 0.15203601391446694 0.20135052179251076
3 0.9376918354818907 0.7446286065070595 0.12420708000818498 0.19828115408225905
3 0.33578882750153466 0.5429711479435236 0.1673828524657254 0.20626151012891344
3 0.7065684468999386 0.38919582565991406 0.1632903621853898 0.17986494782074894
0 0.8626969510947412 0.8984039287906691 0.007366482504604052 0.009821976672805401
0 0.8644362594638838 0.8255064456721916 0.0063433599345201555 0.007673419275629221
0 0.8828524657253939 0.8984039287906691 0.030079803560466543 0.07918968692449356
3 0.2532228360957643 0.8847452424800492 0.21178637200736647 0.22989564149785144
3 0.3059136484550849 0.7274401473296501 0.15919787190505422 0.2019643953345611
