3 0.6709939934121294 0.5867480383609416 0.04417748498353032 0.047660563789596044
3 0.496609184266615 0.5855855855855856 0.04340244138732804 0.043010752688172046
1 0.5740166634373184 0.5408311537343795 0.06607246657624491 0.04824179017727405
3 0.3614609571788413 0.541267073525138 0.06142220499903119 0.09328683522231909
3 0.6349544661887231 0.5794827085149665 0.049990311955047474 0.06567858180761407
3 0.679325712071304 0.5286253995931415 0.0511528773493509 0.0929962220284801
3 0.4037977136213912 0.5768671897704156 0.04882774656074404 0.05056669572798605
3 0.4889556287541174 0.5433013658820111 0.07149777174966092 0.06422551583841907
1 0.35932958728928505 0.5213600697471665 0.011819414842084867 0.017436791630340016
3 0.6335981398953691 0.5287707061900611 0.044565006781631465 0.07933740191804708
1 0.37018019763611704 0.5489683231618715 0.01220693664018601 0.024992734670154025
3 0.5880643286184848 0.5879104911362976 0.04882774656074404 0.043010752688172046
1 0.6331137376477427 0.5281894798023831 0.04359620228637861 0.04562627143272305
3 0.4522379383840341 0.5818076140656786 0.049602790156946325 0.043591979075850044
3 0.5430149195892269 0.5863121185701831 0.046696376671187756 0.042720139494333044
3 0.4192985855454369 0.5434466724789305 0.04534005037783375 0.04940424295263005
3 0.5757605115287735 0.538651554780587 0.07072272815345863 0.07875617553036908
0 0.6265258670800232 0.5329845975007266 0.00484402247626429 0.0052310374891020054
