0 0.58375 0.5061867266591676 0.0075 0.008248968878890138
0 0.56025 0.4754405699287589 0.007 0.02249718785151856
0 0.487 0.5048743907011624 0.0185 0.019122609673790775
0 0.6515 0.4611923509561305 0.0165 0.04349456317960255
1 0.656625 0.4831271091113611 0.02875 0.1046119235095613
1 0.47175 0.5236220472440944 0.051 0.08136482939632546
3 0.56425 0.4938132733408324 0.236 0.34570678665166854
3 0.8375 0.48087739032620924 0.128 0.2575928008998875
3 0.727375 0.484251968503937 0.14425 0.28308961379827524
0 0.664 0.43963254593175854 0.007 0.00862392200974878
