3 0.19155092592592593 0.5633680555555556 0.140625 0.06809413580246913
3 0.7813946759259259 0.46238425925925924 0.10040509259259259 0.08603395061728394
3 0.38093171296296297 0.5838155864197531 0.1009837962962963 0.10127314814814815
3 0.7910879629629629 0.5701195987654321 0.09143518518518519 0.07310956790123457
3 0.5462962962962963 0.478491512345679 0.15393518518518517 0.07349537037037036
3 0.2142650462962963 0.5778356481481481 0.0865162037037037 0.06770833333333333
3 0.6017071759259259 0.5906635802469136 0.10387731481481481 0.10493827160493827
3 0.4635416666666667 0.595679012345679 0.09837962962962964 0.10300925925925926
3 0.8041087962962963 0.5462962962962963 0.13425925925925927 0.07253086419753087
3 0.7055844907407407 0.5822723765432098 0.1154513888888889 0.09510030864197531
3 0.19502314814814814 0.4835069444444444 0.08680555555555555 0.078125
3 0.2912326388888889 0.4809027777777778 0.11603009259259259 0.07523148148148148
3 0.2873263888888889 0.5834297839506173 0.09780092592592593 0.08429783950617284
1 0.6553819444444444 0.4788773148148148 0.043402777777777776 0.030671296296296297
1 0.28139467592592593 0.49074074074074076 0.08304398148148148 0.05478395061728395
0 0.29484953703703703 0.4720293209876543 0.048032407407407406 0.016589506172839507
0 0.4609375 0.5569058641975309 0.007523148148148148 0.0023148148148148147
0 0.47164351851851855 0.5574845679012346 0.006944444444444444 0.002700617283950617
0 0.6514756944444444 0.47791280864197533 0.03153935185185185 0.023726851851851853
3 0.6760706018518519 0.4732831790123457 0.11834490740740741 0.09510030864197531
