3 0.7478878648233487 0.5707434052757794 0.04723502304147465 0.10191846522781775
3 0.43798003072196623 0.5845323741007195 0.09715821812596007 0.12589928057553956
3 0.5276497695852534 0.6876498800959233 0.0629800307219662 0.07673860911270983
3 0.5336021505376344 0.6040167865707434 0.10176651305683564 0.1396882494004796
3 0.29685099846390167 0.5911270983213429 0.07757296466973887 0.14628297362110312
3 0.2467357910906298 0.5716426858513189 0.0456989247311828 0.10491606714628297
3 0.4013056835637481 0.6834532374100719 0.06451612903225806 0.08752997601918465
3 0.5938940092165899 0.6756594724220624 0.06797235023041474 0.08633093525179857
3 0.46582181259600614 0.6870503597122302 0.065284178187404 0.0803357314148681
3 0.35618279569892475 0.5674460431654677 0.07027649769585254 0.10491606714628297
3 0.6457373271889401 0.6783573141486811 0.04185867895545315 0.053357314148681056
3 0.7939708141321045 0.5542565947242206 0.0641321044546851 0.08693045563549161
2 0.5005760368663594 0.637589928057554 0.03571428571428571 0.0605515587529976
3 0.695468509984639 0.5953237410071942 0.06989247311827956 0.14148681055155876
3 0.6240399385560675 0.5938249400479616 0.08218125960061444 0.13249400479616308
3 0.3456221198156682 0.6951438848920863 0.05069124423963134 0.05455635491606715
