3 0.6853688029020556 0.4778589853826311 0.06723095525997581 0.1354256233877902
3 0.4523579201934704 0.5187016337059329 0.09165659008464329 0.1113499570077386
3 0.37460701330108825 0.5019346517626827 0.06723095525997581 0.10533104041272572
3 0.7366384522370012 0.457652622527945 0.04788391777509069 0.1233877901977644
3 0.31112454655380894 0.4888220120378332 0.06215235792019347 0.10060189165950129
3 0.26009673518742443 0.46044711951848666 0.0437726723095526 0.0997420464316423
3 0.6222490931076179 0.499140154772141 0.06964933494558646 0.12037833190025796
3 0.7760580411124547 0.44174548581255374 0.037726723095526 0.09673258813413585
3 0.22382103990326482 0.44475494411006017 0.03603385731559855 0.09071367153912296
3 0.5422007255139056 0.5171969045571797 0.094316807738815 0.11693895098882201
