3 0.6645127118644067 0.42564346997140134 0.09173728813559322 0.19351763584366063
3 0.37902542372881354 0.42802669208770255 0.09915254237288136 0.17667619955513186
3 0.24067796610169492 0.48379408960915155 0.07161016949152542 0.1032729583730537
3 0.7169491525423729 0.4088020336828726 0.03347457627118644 0.1471242453129965
3 0.1489406779661017 0.3786145535430569 0.09661016949152543 0.1299650460756276
3 0.3167372881355932 0.5054019701302828 0.08050847457627118 0.10073085478233237
3 0.7465042372881356 0.37067047982205276 0.034957627118644065 0.16110581506196378
3 0.2969279661016949 0.4099142040038132 0.07733050847457627 0.1436288528757547
3 0.5731991525423729 0.43755958055290756 0.11207627118644067 0.19891960597394343
3 0.22648305084745762 0.3929138862408643 0.06864406779661017 0.13187162376866857
3 0.4759533898305085 0.44725135049253256 0.08707627118644068 0.15284397839211947
