3 0.27642746913580246 0.5863715277777778 0.1253858024691358 0.14322916666666666
3 0.26948302469135804 0.6886574074074074 0.1385030864197531 0.14930555555555555
3 0.28935185185185186 0.47193287037037035 0.10493827160493827 0.09953703703703703
3 0.7787422839506173 0.5638020833333334 0.10378086419753087 0.13744212962962962
3 0.7462384259259259 0.4539930555555556 0.07735339506172839 0.12731481481481483
0 0.2726658950617284 0.5523726851851852 0.08043981481481481 0.07407407407407407
1 0.7769097222222222 0.5342881944444444 0.05767746913580247 0.07841435185185185
3 0.7932098765432098 0.6725983796296297 0.08526234567901235 0.12297453703703703
0 0.7805748456790124 0.5264756944444444 0.03298611111111111 0.054108796296296294
1 0.2802854938271605 0.5609085648148148 0.09722222222222222 0.09230324074074074
