3 0.5131666666666667 0.603 0.14166666666666666 0.244
3 0.5598333333333333 0.17075 0.161 0.1905
3 0.43833333333333335 0.25875 0.15533333333333332 0.2165
3 0.7565 0.594 0.07966666666666666 0.106
3 0.6298333333333334 0.5185 0.13966666666666666 0.233
3 0.32616666666666666 0.351 0.07033333333333333 0.115
3 0.8575 0.745 0.10566666666666667 0.144
3 0.7886666666666666 0.048 0.128 0.095
0 0.7945 0.72575 0.024333333333333332 0.0315
3 0.6816666666666666 0.0985 0.16466666666666666 0.185
3 0.7921666666666667 0.68675 0.163 0.1655
1 0.5026666666666667 0.51 0.07133333333333333 0.054
