0 0.24435542607428987 0.5869953554841014 0.005462490895848507 0.012861736334405145
3 0.8790058266569556 0.771525544837442 0.1950109249817917 0.36620221507681316
2 0.3300254916241806 0.4414076455877099 0.05262199563000728 0.20685959271168275
3 0.5877640203932993 0.3379778492318685 0.15914056809905316 0.37656305823508396
3 0.9026766205389658 0.8904966059306896 0.19428259286234523 0.21829224723115398
3 0.09768754552075747 0.8556627366916756 0.19537509104151493 0.28795998570918185
3 0.4258922068463219 0.34655234012147196 0.1595047341587764 0.39371204001429083
3 0.8155498907501821 0.5964630225080386 0.15003641660597233 0.36977491961414793
3 0.1324654042243263 0.7266881028938906 0.19537509104151493 0.35012504465880673
3 0.2894209759650401 0.4181850660950339 0.13710852148579752 0.3311897106109325
3 0.19246176256372907 0.5342979635584137 0.15659140568099053 0.368345837799214
3 0.7017479970866716 0.4826723829939264 0.12964311726147124 0.3515541264737406
0 0.8779133284777859 0.8613790639514112 0.017662053896576838 0.052161486245087534
0 0.3319373634377276 0.44122901036084317 0.010924981791697014 0.032868881743479815
0 0.14193372177713037 0.7106109324758842 0.003459577567370721 0.004287245444801715
