3 0.185 0.6203599550056242 0.08733333333333333 0.25159355080614926
3 0.8765833333333334 0.6222347206599175 0.05416666666666667 0.2538432695913011
3 0.41633333333333333 0.3468316460442445 0.15366666666666667 0.3374578177727784
3 0.7263333333333334 0.5911136107986502 0.10566666666666667 0.3123359580052493
3 0.25766666666666665 0.6109861267341582 0.09733333333333333 0.28083989501312334
3 0.9736666666666667 0.42219722534683163 0.05 0.1889763779527559
3 0.5191666666666667 0.5794900637420323 0.093 0.20359955005624297
3 0.058416666666666665 0.39707536557930256 0.0505 0.21372328458942633
3 0.09333333333333334 0.5954255718035245 0.04033333333333333 0.17622797150356206
3 0.7025833333333333 0.3603299587551556 0.1185 0.2984626921634796
3 0.5676666666666667 0.34364454443194603 0.15366666666666667 0.35283089613798274
3 0.12091666666666667 0.41001124859392574 0.06516666666666666 0.24934383202099739
3 0.8903333333333333 0.40476190476190477 0.07366666666666667 0.2680914885639295
3 0.09283333333333334 0.4349456317960255 0.046 0.2249718785151856
3 0.8269166666666666 0.32377202849643794 0.13416666666666666 0.3708286464191976
3 0.9291666666666667 0.4385076865391826 0.064 0.22984626921634796
3 0.1825 0.35751781027371576 0.11466666666666667 0.3348331458567679
3 0.13291666666666666 0.6181102362204725 0.03883333333333333 0.2178477690288714
3 0.42291666666666666 0.6014248218972629 0.09516666666666666 0.19272590926134234
3 0.928 0.599175103112111 0.07733333333333334 0.18597675290588678
3 0.28841666666666665 0.36389201349831274 0.1225 0.2778402699662542
3 0.332 0.572928383952006 0.083 0.21072365954255717
3 0.8164166666666667 0.6079865016872891 0.08916666666666667 0.2793400824896888
3 0.62075 0.5710536182977128 0.11016666666666666 0.2542182227221597
