3 0.40514410798978473 0.33690012970168615 0.17840204304998175 0.33787289234760054
3 0.9824881430134987 0.26426718547341116 0.03429405326523167 0.1835278858625162
3 0.1543232396935425 0.29961089494163423 0.102882159795695 0.3437094682230869
3 0.04742794600510763 0.44195849546044097 0.09266690988690258 0.2535667963683528
3 0.4257570229843123 0.7324902723735408 0.11455673112002919 0.30674448767833984
3 0.7249179131703758 0.3125810635538262 0.12258299890550894 0.32944228274967574
3 0.3170375775264502 0.7331387808041504 0.11674571324334185 0.314526588845655
3 0.14611455673112003 0.6530479896238651 0.11565122218168551 0.3424124513618677
3 0.9303174024078803 0.2837224383916991 0.08755928493250638 0.26653696498054474
3 0.08719445457862095 0.2798313878080415 0.070777088653776 0.314526588845655
3 0.018606348048157608 0.18968871595330739 0.037212696096315216 0.20038910505836577
3 0.26267785479751915 0.3336575875486381 0.12112367748996716 0.3028534370946822
3 0.04943451295147756 0.26556420233463035 0.04195549069682598 0.19779507133592736
0 0.8936519518423933 0.5230220492866408 0.012769062385990515 0.022697795071335927
3 0.97318496898942 0.47373540856031127 0.05290040131338927 0.17055771725032426
3 0.8327252827435243 0.3018806744487678 0.1112732579350602 0.34954604409857326
3 0.21452024808464065 0.7204928664072633 0.10653046333454944 0.3424124513618677
3 0.8542502736227654 0.6387808041504539 0.12440715067493616 0.2918287937743191
3 0.777818314483765 0.7156290531776913 0.14301349872309377 0.33916990920881973
3 0.10142283838015323 0.5479896238651103 0.09777453484129879 0.23216601815823606
3 0.9352426121853338 0.5638780804150454 0.1265961327982488 0.24319066147859922
3 0.5403137541043415 0.7431906614785992 0.11820503465888361 0.3099870298313878
3 0.6532287486318862 0.7318417639429312 0.12148850784385261 0.3119325551232166
3 0.5840933965705947 0.32684824902723736 0.18314483765049253 0.35797665369649806
