3 0.623734533183352 0.529 0.1413573303337083 0.1405
3 0.16010498687664043 0.352875 0.19272590926134234 0.06325
3 0.23134608173978252 0.481625 0.1274840644919385 0.14475
3 0.8400824896887888 0.596 0.15935508061492312 0.0835
3 0.49606299212598426 0.523875 0.1289838770153731 0.12975
3 0.7465316835395576 0.533875 0.1492313460817398 0.11475
1 0.04330708661417323 0.40075 0.08511436070491189 0.052
0 0.35920509936257966 0.5035 0.16197975253093364 0.107
3 0.1344206974128234 0.388 0.1908511436070491 0.06
3 0.886201724784402 0.66425 0.14960629921259844 0.0875
3 0.08230221222347206 0.4285 0.16460442444694412 0.1065
