3 0.5900735294117647 0.6810810810810811 0.06985294117647059 0.17297297297297298
3 0.2647058823529412 0.6297297297297297 0.08088235294117647 0.1783783783783784
3 0.2426470588235294 0.41621621621621624 0.07352941176470588 0.1945945945945946
3 0.75 0.6972972972972973 0.08823529411764706 0.21621621621621623
3 0.3382352941176471 0.6783783783783783 0.08823529411764706 0.22162162162162163
3 0.20772058823529413 0.5972972972972973 0.06985294117647059 0.14594594594594595
3 0.17095588235294118 0.4081081081081081 0.06985294117647059 0.1891891891891892
3 0.5110294117647058 0.6837837837837838 0.08088235294117647 0.1783783783783784
3 0.8731617647058824 0.5378378378378378 0.09926470588235294 0.12432432432432433
3 0.6636029411764706 0.6756756756756757 0.07720588235294118 0.16216216216216217
3 0.5716911764705882 0.44054054054054054 0.12867647058823528 0.23243243243243245
3 0.43566176470588236 0.43243243243243246 0.12867647058823528 0.23783783783783785
3 0.9007352941176471 0.3891891891891892 0.0661764705882353 0.12972972972972974
3 0.8382352941176471 0.3972972972972973 0.07352941176470588 0.1783783783783784
3 0.1636029411764706 0.5486486486486486 0.07720588235294118 0.11351351351351352
3 0.6801470588235294 0.4297297297297297 0.08823529411764706 0.21081081081081082
3 0.4264705882352941 0.6891891891891891 0.08088235294117647 0.2
3 0.7628676470588235 0.4081081081081081 0.07720588235294118 0.1891891891891892
3 0.32536764705882354 0.4189189189189189 0.09191176470588236 0.21081081081081082
3 0.8088235294117647 0.6297297297297297 0.08088235294117647 0.2
3 0.8492647058823529 0.5837837837837838 0.08088235294117647 0.15135135135135136
