3 0.6356666666666667 0.5253109632629448 0.07733333333333334 0.07289557419728088
3 0.32866666666666666 0.5143187735030373 0.035666666666666666 0.06653167486259763
3 0.33358333333333334 0.41813711310384727 0.0275 0.08649117732137691
3 0.46266666666666667 0.5551055828753254 0.041 0.08793751807925948
3 0.36533333333333334 0.4347700318194967 0.042 0.1087648249927683
3 0.64325 0.4220422331501302 0.024833333333333332 0.10066531674862597
3 0.40708333333333335 0.43100954584900203 0.0505 0.10818628868961527
3 0.5254166666666666 0.44026612669945037 0.06283333333333334 0.11281457911483946
3 0.5811666666666667 0.552068267283772 0.03866666666666667 0.09401214926236622
3 0.5026666666666667 0.553225339890078 0.04133333333333333 0.0934336129592132
3 0.42233333333333334 0.5478738790859127 0.042333333333333334 0.09025166329187156
3 0.5766666666666667 0.43751807925947356 0.04133333333333333 0.11831067399479317
3 0.61425 0.4308649117732138 0.03716666666666667 0.1316170089673127
3 0.35308333333333336 0.5297946196123807 0.0375 0.07549898756146949
3 0.6623333333333333 0.4245010124385305 0.02033333333333333 0.08880532253398901
3 0.6179166666666667 0.5525021695111368 0.0465 0.07463118310673995
3 0.38625 0.5364477870986405 0.0365 0.09748336708128436
3 0.46375 0.4516922186867226 0.06316666666666666 0.12293896442001735
3 0.5435833333333333 0.5566965577089963 0.0425 0.08649117732137691
