3 0.4633184328161977 0.5534516765285996 0.17933210623192217 0.22642998027613412
1 0.4867210097291612 0.521301775147929 0.08887720220878254 0.11400394477317555
0 0.5239284775177492 0.36725838264299804 0.0018406521167499343 0.003155818540433925
0 0.5298448593215882 0.37435897435897436 0.0026295030239284773 0.005522682445759369
0 0.551801209571391 0.33589743589743587 0.012358664212463844 0.01222879684418146
0 0.5239284775177492 0.3978303747534517 0.0060478569550354985 0.01301775147928994
0 0.4708125164343939 0.545956607495069 0.019195372074677888 0.029191321499013805
0 0.4537207467788588 0.4812623274161736 0.006573757559821194 0.008678500986193294
0 0.4638443334209834 0.45956607495069035 0.00578490665264265 0.00631163708086785
0 0.4955298448593216 0.49072978303747533 0.009729161188535366 0.007889546351084813
1 0.5018406521167499 0.4076923076923077 0.08177754404417566 0.18106508875739644
3 0.5184065211674993 0.38796844181459567 0.17906915592952932 0.2331360946745562
