0 0.8305729025251154 0.5364381198792583 0.014118924789573717 0.05002156101768004
3 0.7511539505837632 0.5269512721000431 0.12951398316589738 0.1198792583009918
3 0.11675264729839804 0.43359206554549373 0.11675264729839804 0.11686071582578697
3 0.8472712462666304 0.5504527813712807 0.07575346185175129 0.09271237602414834
3 0.6208254140646212 0.49805950840879687 0.20716806950855282 0.12764122466580421
1 0.744909041542221 0.5189736955584303 0.11702416508281292 0.10392410521776628
3 0.23323377681238122 0.4370418283742993 0.1134944338854195 0.12721000431220353
0 0.7973119739342927 0.5051746442432082 0.012218300298669563 0.028029322984044848
0 0.7044528916644041 0.5545493747304873 0.010589193592180288 0.02501078050884002
3 0.3672278034211241 0.45450625269512723 0.15449361933206626 0.16472617507546355
0 0.08824327993483573 0.4573091849935317 0.043985881075210426 0.05735230702889176
0 0.3080369264186804 0.4933160845191893 0.015476513711648113 0.0258732212160414
0 0.40143904425739885 0.4883570504527814 0.04805864784143361 0.09271237602414834
