3 0.05620335820895522 0.3435744382022472 0.052705223880597014 0.17310393258426968
3 0.43015391791044777 0.5094803370786517 0.16954291044776118 0.2949438202247191
3 0.7347248134328358 0.49350421348314605 0.11823694029850747 0.25456460674157305
3 0.5989972014925373 0.5194873595505618 0.1728078358208955 0.27984550561797755
3 0.9525419776119403 0.3572682584269663 0.04081156716417911 0.18855337078651685
3 0.9082322761194029 0.40519662921348315 0.05900186567164179 0.21348314606741572
3 0.19391324626865672 0.4418890449438202 0.09351679104477612 0.25245786516853935
3 0.1374766791044776 0.41116573033707865 0.05247201492537314 0.18328651685393257
3 0.09584888059701492 0.38149578651685395 0.05177238805970149 0.16537921348314608
3 0.8354710820895522 0.4487359550561798 0.09771455223880597 0.26474719101123595
3 0.29617537313432835 0.49157303370786515 0.11707089552238806 0.2577247191011236
3 0.9849580223880597 0.31355337078651685 0.029617537313432835 0.16643258426966293
