3 0.48095073664825044 0.6763639502762431 0.04270257826887661 0.08408149171270718
3 0.5003453038674033 0.2986878453038674 0.06330570902394107 0.07354972375690608
3 0.43232044198895025 0.31957872928176795 0.06929097605893186 0.07700276243093923
3 0.5440837937384899 0.41393301104972374 0.08931860036832412 0.10031077348066299
3 0.5142725598526704 0.6489986187845304 0.039825046040515656 0.0832182320441989
3 0.2629488950276243 0.5732907458563536 0.053522099447513814 0.10583563535911603
3 0.5405732044198895 0.611878453038674 0.04362338858195212 0.08425414364640885
3 0.29339318600368325 0.6414019337016574 0.06146408839779006 0.07493093922651933
3 0.5458103130755064 0.5683701657458563 0.06284530386740332 0.07078729281767956
3 0.3427716390423573 0.679385359116022 0.05087476979742173 0.08874309392265194
3 0.43824815837937386 0.6899171270718232 0.043162983425414365 0.0832182320441989
3 0.5486302946593001 0.48325276243093923 0.0763121546961326 0.10704419889502763
0 0.2463743093922652 0.5563708563535912 0.003107734806629834 0.002244475138121547
1 0.556457182320442 0.5002589779005525 0.040400552486187846 0.06267265193370165
3 0.39232274401473294 0.6934564917127072 0.05052946593001842 0.07648480662983426
0 0.553579650092081 0.484892955801105 0.001496316758747698 0.003970994475138122
0 0.5511625230202578 0.48394337016574585 0.002186924493554328 0.0024171270718232043
0 0.5417817679558011 0.5044026243093923 0.007136279926335175 0.03884668508287293
0 0.5534069981583793 0.4720303867403315 0.004604051565377533 0.0055248618784530384
