3 0.18701837581505631 0.44657836644591614 0.09602845287492591 0.17086092715231788
3 0.7769709543568465 0.5070640176600442 0.09336099585062241 0.13642384105960265
3 0.7199170124481328 0.5781456953642384 0.08654416123295791 0.1381898454746137
3 0.5364552459988144 0.593598233995585 0.08891523414344991 0.1205298013245033
3 0.5456431535269709 0.49161147902869756 0.14048606994665086 0.10905077262693157
3 0.3501778304682869 0.5434878587196468 0.08802608180201542 0.14481236203090508
3 0.28675163011262594 0.4717439293598234 0.0992886781268524 0.1629139072847682
1 0.5483106105512745 0.5088300220750552 0.03260225251926497 0.024282560706401765
3 0.40234143449911086 0.49735099337748345 0.13366923532898636 0.15055187637969095
1 0.6748666271487849 0.4988962472406181 0.06994665085951393 0.06445916114790287
1 0.7740071132187315 0.5368653421633555 0.036455245998814466 0.04061810154525387
3 0.6724955542382929 0.49293598233995584 0.09010077059869591 0.09403973509933775
3 0.44368701837581503 0.5717439293598234 0.09010077059869591 0.13333333333333333
3 0.25592768227623 0.536644591611479 0.08328393598103141 0.11876379690949228
1 0.36529342027267336 0.47439293598233995 0.05068168346176645 0.051655629139072845
3 0.6275933609958506 0.5838852097130243 0.08802608180201542 0.14701986754966886
