0 0.5943287037037037 0.5224247685185185 0.005015432098765432 0.004918981481481482
3 0.2552083333333333 0.8003472222222222 0.12384259259259259 0.20081018518518517
3 0.6365740740740741 0.7051504629629629 0.060570987654320986 0.11168981481481481
3 0.5373263888888888 0.8057002314814815 0.09972993827160494 0.19994212962962962
3 0.6103395061728395 0.7727141203703703 0.07214506172839506 0.1762152777777778
3 0.5889274691358025 0.49189814814814814 0.07407407407407407 0.21643518518518517
3 0.3609182098765432 0.8145254629629629 0.1099537037037037 0.21238425925925927
3 0.44579475308641975 0.8297164351851852 0.10378086419753087 0.19068287037037038
3 0.6494020061728395 0.44777199074074076 0.057291666666666664 0.20399305555555555
3 0.24286265432098766 0.5105613425925926 0.09645061728395062 0.11487268518518519
1 0.25048225308641975 0.5140335648148148 0.06809413580246913 0.09461805555555555
1 0.5790895061728395 0.5188078703703703 0.04089506172839506 0.06076388888888889
3 0.16068672839506173 0.7611400462962963 0.10300925925925926 0.1657986111111111
3 0.49797453703703703 0.5101273148148148 0.13175154320987653 0.1736111111111111
3 0.14332561728395063 0.49537037037037035 0.10108024691358025 0.13425925925925927
3 0.10310570987654322 0.6921296296296297 0.13406635802469136 0.15219907407407407
1 0.13233024691358025 0.8122106481481481 0.0466820987654321 0.0642361111111111
0 0.27102623456790126 0.4904513888888889 0.008873456790123456 0.013310185185185185
1 0.055073302469135804 0.7458043981481481 0.03761574074074074 0.04311342592592592
0 0.5760995370370371 0.5151909722222222 0.02025462962962963 0.03269675925925926
0 0.5679976851851852 0.5415219907407407 0.004436728395061728 0.011863425925925927
