3 0.5513333333333333 0.20683333333333334 0.032 0.053
3 0.4691111111111111 0.4078333333333333 0.03911111111111111 0.031
3 0.5217777777777778 0.49416666666666664 0.027555555555555555 0.052333333333333336
3 0.479 0.4435 0.04644444444444444 0.058333333333333334
3 0.5984444444444444 0.19933333333333333 0.04088888888888889 0.037333333333333336
3 0.491 0.4805 0.03177777777777778 0.06633333333333333
3 0.5508888888888889 0.49866666666666665 0.029777777777777778 0.044
1 0.4908888888888889 0.493 0.009777777777777778 0.026
3 0.5803333333333334 0.49333333333333335 0.027333333333333334 0.034
0 0.5572222222222222 0.19966666666666666 0.015333333333333332 0.03
