3 0.8752067634625987 0.45616211745244 0.05329902591435398 0.15467328370554176
3 0.09207866201065981 0.6840363937138131 0.07866201065980519 0.14006065618968844
3 0.840746186362801 0.4376895505927764 0.04723396434478956 0.17562724014336917
3 0.0726888439625069 0.42321477805348773 0.04980702076824113 0.16377171215880892
3 0.7208233780555044 0.7158808933002482 0.1010843594927403 0.2638544251447477
3 0.8958831097224775 0.6606010476978219 0.15530233412975555 0.1246208988144472
3 0.9280463150156222 0.463330576233802 0.07884580040433743 0.14640198511166252
3 0.14556147766954605 0.42404190791287566 0.04043374379709612 0.17204301075268819
3 0.5407094284138945 0.7065067548938516 0.10292225693806285 0.23407775020678245
3 0.6179930159897078 0.684863523573201 0.10861973901856277 0.24703611800385994
3 0.6838816394045212 0.40419079128756547 0.11321448263186915 0.21670802315963605
3 0.7811064142620842 0.40281224152191897 0.09667340562396619 0.2553074165977392
3 0.8391839735342768 0.6960297766749379 0.08086748759419224 0.13702784670526605
3 0.3593089505605587 0.6939619520264682 0.10880352876309501 0.2525503170664461
3 0.1794706855357471 0.7091259994485801 0.08031611836059548 0.2045767852219465
3 0.4624149972431538 0.6756272401433692 0.1007167800036758 0.22690929142542046
0 0.6360963058261349 0.4190791287565481 0.01764381547509649 0.05955334987593052
3 0.2798198860503584 0.4017094017094017 0.1027384671935306 0.1940998070030328
3 0.555412607976475 0.42555831265508687 0.16173497518838448 0.27157430383236836
3 0.13857746737732035 0.6873449131513648 0.07241315934570851 0.1659773917838434
3 0.3975372174232678 0.43162393162393164 0.15879433927586842 0.2726771436448856
3 0.2601543833854071 0.7263578715191619 0.1027384671935306 0.2633030052384891
3 0.1971145010108436 0.4143920595533499 0.07994853887153097 0.2222222222222222
3 0.800404337437971 0.7185001378549766 0.06800220547693439 0.18251998897160188
3 0.11431722109906267 0.42404190791287566 0.05476934387061202 0.16818307140887787
