3 0.8250385802469136 0.5147569444444444 0.04861111111111111 0.11053240740740741
3 0.25916280864197533 0.45167824074074076 0.08275462962962964 0.21875
3 0.7529899691358025 0.6187789351851852 0.05999228395061729 0.1015625
3 0.6117862654320988 0.4574652777777778 0.1537422839506173 0.2065972222222222
3 0.1941550925925926 0.47468171296296297 0.05381944444444445 0.13744212962962962
3 0.4529320987654321 0.6102430555555556 0.08140432098765432 0.1412037037037037
3 0.6921296296296297 0.6189236111111112 0.06790123456790123 0.1261574074074074
3 0.30333719135802467 0.6070601851851852 0.0785108024691358 0.109375
3 0.7175925925925926 0.47294560185185186 0.07600308641975309 0.15943287037037038
3 0.7825038580246914 0.47627314814814814 0.07040895061728394 0.18229166666666666
3 0.3755787037037037 0.6041666666666666 0.08603395061728394 0.14467592592592593
3 0.529320987654321 0.5967881944444444 0.0941358024691358 0.17563657407407407
3 0.34866898148148145 0.4578993055555556 0.10358796296296297 0.1953125
3 0.6167052469135802 0.6076388888888888 0.08333333333333333 0.15162037037037038
0 0.4142554012345679 0.6063368055555556 0.007908950617283951 0.015335648148148149
0 0.4107831790123457 0.6082175925925926 0.014853395061728395 0.024305555555555556
3 0.46807484567901236 0.4431423611111111 0.13406635802469136 0.19762731481481483
