3 0.6233579269389958 0.6072874493927125 0.1007737988123088 0.1630229419703104
3 0.932067662407774 0.6098515519568151 0.050926759042648914 0.12982456140350876
3 0.08142882850458881 0.6887989203778677 0.0314918121288465 0.07449392712550608
3 0.3571171495411193 0.6001349527665317 0.08835702717293503 0.14979757085020243
3 0.9364765161058125 0.6979757085020243 0.03850998740327515 0.08906882591093117
3 0.2829764261292064 0.6310391363022942 0.09267590426489113 0.18191632928475035
3 0.06919201007737988 0.5892037786774629 0.03509087637214324 0.10580296896086369
3 0.8094295483174375 0.4699055330634278 0.12128846499910023 0.2261808367071525
3 0.8918481194889328 0.5937921727395412 0.06514306280367105 0.1484480431848853
3 0.9605902465359006 0.5948717948717949 0.038150080978945476 0.12361673414304994
3 0.11858916681662768 0.6927125506072874 0.05146661867914342 0.1125506072874494
3 0.8533381320856577 0.6983805668016194 0.04066942594925319 0.1649122807017544
3 0.09114630196149001 0.5865047233468286 0.045168256253374124 0.1203778677462888
3 0.8618859096634875 0.5524966261808367 0.07288105092675905 0.1738191632928475
3 0.6981284865934857 0.4738191632928475 0.10995141263271549 0.18704453441295546
3 0.12299802051466618 0.5790823211875843 0.04768760122368184 0.1406207827260459
3 0.8926579089436747 0.703778677462888 0.07180133165377002 0.1319838056680162
3 0.7189130825985244 0.6291497975708502 0.09321576390138564 0.17759784075573548
3 0.1575490372503149 0.5487179487179488 0.06856217383480295 0.17705802968960863
3 0.44313478495591146 0.6093117408906883 0.08907684002159438 0.13360323886639677
3 0.1574590606442325 0.6817813765182186 0.038150080978945476 0.14143049932523616
3 0.2102753284146122 0.6596491228070176 0.0789994601403635 0.17058029689608636
3 0.5315817887349289 0.6004048582995951 0.0910563253554076 0.147638326585695
3 0.3190570451682562 0.46842105263157896 0.11049127226921 0.17031039136302295
3 0.5759402555335613 0.44979757085020244 0.1405434587007378 0.20647773279352227
3 0.21891308259852438 0.4777327935222672 0.11355047687601223 0.21106612685560053
3 0.43782616519704876 0.45087719298245615 0.141443224761562 0.19406207827260458
3 0.7980025193449704 0.6573549257759784 0.08043908583768221 0.1854251012145749
