3 0.279320987654321 0.28738317757009346 0.08333333333333333 0.22897196261682243
0 0.5015432098765432 0.4766355140186916 0.009259259259259259 0.018691588785046728
3 0.7268518518518519 0.3177570093457944 0.06481481481481481 0.19626168224299065
3 0.7253086419753086 0.5280373831775701 0.06790123456790123 0.205607476635514
3 0.22530864197530864 0.32710280373831774 0.05555555555555555 0.17757009345794392
3 0.7870370370370371 0.3341121495327103 0.06172839506172839 0.1542056074766355
3 0.5216049382716049 0.5397196261682243 0.09876543209876543 0.22897196261682243
3 0.2978395061728395 0.5490654205607477 0.06481481481481481 0.2383177570093458
3 0.6080246913580247 0.5327102803738317 0.07407407407407407 0.205607476635514
3 0.4398148148148148 0.27102803738317754 0.12654320987654322 0.205607476635514
3 0.20833333333333334 0.5350467289719626 0.05246913580246913 0.1542056074766355
3 0.7685185185185185 0.5350467289719626 0.04938271604938271 0.16355140186915887
3 0.6682098765432098 0.5210280373831776 0.05246913580246913 0.19158878504672897
3 0.35030864197530864 0.2757009345794392 0.07716049382716049 0.205607476635514
3 0.42901234567901236 0.5420560747663551 0.1111111111111111 0.2897196261682243
0 0.25308641975308643 0.22897196261682243 0.030864197530864196 0.037383177570093455
3 0.24382716049382716 0.5490654205607477 0.04938271604938271 0.1822429906542056
3 0.16203703703703703 0.39953271028037385 0.08950617283950617 0.13551401869158877
3 0.3533950617283951 0.5420560747663551 0.08333333333333333 0.21495327102803738
3 0.8194444444444444 0.37850467289719625 0.07716049382716049 0.12149532710280374
3 0.19290123456790123 0.35046728971962615 0.05246913580246913 0.12149532710280374
3 0.6589506172839507 0.3014018691588785 0.07098765432098765 0.21962616822429906
3 0.566358024691358 0.27102803738317754 0.12037037037037036 0.21495327102803738
