3 0.3652597402597403 0.5036764705882353 0.07792207792207792 0.14460784313725492
3 0.455762987012987 0.34620098039215685 0.1663961038961039 0.28308823529411764
3 0.8537608225108225 0.42320261437908496 0.14312770562770563 0.18218954248366012
3 0.7176677489177489 0.4362745098039216 0.1268939393939394 0.17401960784313725
3 0.8575487012987013 0.5847630718954249 0.1479978354978355 0.18668300653594772
3 0.5969967532467533 0.3972630718954248 0.1387987012987013 0.20383986928104575
3 0.724025974025974 0.5704656862745098 0.12716450216450217 0.16299019607843138
3 0.317775974025974 0.400531045751634 0.15016233766233766 0.252859477124183
3 0.21009199134199133 0.5563725490196079 0.026244588744588744 0.14624183006535948
3 0.17681277056277056 0.3939950980392157 0.15611471861471862 0.22589869281045752
3 0.23931277056277056 0.5402369281045751 0.03977272727272727 0.1548202614379085
3 0.29004329004329005 0.5518790849673203 0.06493506493506493 0.10212418300653595
3 0.6034902597402597 0.5520833333333334 0.13230519480519481 0.1744281045751634
0 0.2435064935064935 0.4113562091503268 0.003787878787878788 0.016339869281045753
3 0.46820887445887444 0.5236928104575164 0.14096320346320346 0.184640522875817
