3 0.6851604278074866 0.68475 0.06818181818181818 0.1395
3 0.33038101604278075 0.39525 0.05447860962566845 0.1395
3 0.32870989304812837 0.677 0.061163101604278076 0.109
3 0.4642379679144385 0.387 0.0962566844919786 0.165
3 0.5606617647058824 0.3915 0.10060160427807487 0.181
3 0.3761697860962567 0.69925 0.06383689839572193 0.1475
3 0.6938502673796791 0.41175 0.05815508021390375 0.1585
3 0.5880681818181818 0.68175 0.0678475935828877 0.1505
3 0.7078877005347594 0.646 0.07754010695187166 0.102
3 0.3871991978609626 0.403 0.06851604278074866 0.138
3 0.7264371657754011 0.5775 0.08121657754010696 0.072
3 0.4802807486631016 0.719 0.05949197860962567 0.143
3 0.6473930481283422 0.6945 0.06885026737967914 0.164
3 0.5330882352941176 0.693 0.058823529411764705 0.155
3 0.6356951871657754 0.4165 0.06016042780748663 0.144
3 0.43816844919786097 0.6915 0.06417112299465241 0.134
