3 0.6014596793491266 0.11934673366834171 0.07202680067001675 0.13316582914572864
3 0.5384063173007897 0.10319454414931802 0.0641301746829385 0.12814070351758794
3 0.6578128738932759 0.16313711414213927 0.0832735104091888 0.14034458004307251
3 0.2447954055994257 0.5201005025125628 0.13543910026322087 0.22110552763819097
3 0.7121320890165111 0.24210337401292176 0.07800909308446997 0.1353194544149318
3 0.7736300550370903 0.5138190954773869 0.1306532663316583 0.2185929648241206
3 0.21045704714046423 0.710875807609476 0.13519980856664274 0.21284996410624551
3 0.7325915290739411 0.36701363962670497 0.09787030390045466 0.15900933237616655
3 0.27578368030629336 0.36109117013639624 0.09308446996889208 0.14429289303661164
3 0.7737497008853793 0.907035175879397 0.10983488872936109 0.07681263460157932
3 0.3028236420196219 0.2442569992821249 0.07298396745632926 0.12742282842785355
3 0.4091888011486001 0.11378320172290021 0.07226609236659488 0.14285714285714285
3 0.4748743718592965 0.10068198133524767 0.0658052165589854 0.1353194544149318
3 0.35654462790141184 0.16349605168700646 0.08949509452022014 0.15254845656855706
3 0.8169418521177315 0.7002871500358937 0.1363962670495334 0.21464465183058148
