3 0.748070987654321 0.5383873456790124 0.04243827160493827 0.11921296296296297
3 0.29822530864197533 0.5285493827160493 0.05169753086419753 0.10185185185185185
3 0.44997427983539096 0.4079861111111111 0.10416666666666667 0.08989197530864197
3 0.7901234567901234 0.43344907407407407 0.03755144032921811 0.08217592592592593
3 0.36342592592592593 0.41358024691358025 0.0668724279835391 0.09876543209876543
3 0.3479938271604938 0.5106095679012346 0.06018518518518518 0.12307098765432099
3 0.25745884773662553 0.5015432098765432 0.037037037037037035 0.05632716049382716
3 0.7712191358024691 0.5160108024691358 0.03575102880658436 0.06983024691358025
3 0.6541923868312757 0.5252700617283951 0.05992798353909465 0.12152777777777778
3 0.7143775720164609 0.42939814814814814 0.04912551440329218 0.10802469135802469
3 0.5736882716049383 0.41300154320987653 0.10570987654320987 0.09143518518518519
3 0.6642232510288066 0.4176311728395062 0.0625 0.10378086419753087
3 0.26260288065843623 0.4263117283950617 0.04835390946502058 0.08950617283950617
3 0.5688014403292181 0.5617283950617284 0.07587448559670781 0.16743827160493827
3 0.7061471193415638 0.5219907407407407 0.046553497942386834 0.12422839506172839
3 0.48315329218106995 0.5572916666666666 0.07536008230452675 0.16396604938271606
3 0.30671296296296297 0.42669753086419754 0.0522119341563786 0.09953703703703703
3 0.7578446502057613 0.4373070987654321 0.04552469135802469 0.09683641975308642
