3 0.38623853211009174 0.4160360884749709 0.06631716906946265 0.1929569266589057
3 0.33551769331585846 0.5439464493597206 0.0710353866317169 0.1379511059371362
3 0.3205766710353866 0.4078870779976717 0.07496723460026213 0.16850989522700816
3 0.272870249017038 0.5194994179278231 0.05871559633027523 0.1350407450523865
3 0.5380733944954128 0.5733410942956927 0.03944954128440367 0.1210710128055879
3 0.5687418086500655 0.5471478463329453 0.03106159895150721 0.14144353899883585
3 0.45851900393184797 0.4291327124563446 0.08479685452162516 0.20052386495925495
3 0.45065530799475756 0.5769790454016298 0.05806028833551769 0.1050640279394645
3 0.5729357798165138 0.4054132712456345 0.04652686762778506 0.1740395809080326
3 0.5270642201834862 0.4222933643771828 0.06644823066841415 0.2019790454016298
3 0.2558977719528178 0.3949359720605355 0.063564875491481 0.16938300349243307
3 0.49842726081258193 0.5761059371362048 0.05006553079947575 0.12077997671711292
3 0.20471821756225425 0.3821303841676368 0.050851900393184796 0.15133876600698487
3 0.3970511140235911 0.5538416763678696 0.061730013106159894 0.11874272409778813
