3 0.2378389154704944 0.33098393008175925 0.11124401913875598 0.17592331547786863
3 0.19746810207336524 0.47096137581054415 0.11822169059011164 0.17733295742881308
3 0.5324960127591707 0.14392444319142939 0.08413078149920256 0.13335212855934592
3 0.8851674641148325 0.8752466873414153 0.1594896331738437 0.23992106005074712
3 0.10566188197767146 0.8711587256836764 0.15430622009569378 0.24584155624471385
3 0.44886363636363635 0.14448829997180715 0.0867224880382775 0.12884127431632367
3 0.7932615629984051 0.47166619678601635 0.129585326953748 0.17084860445446856
3 0.3660287081339713 0.1639413588948407 0.09808612440191387 0.1344798421201015
3 0.2995414673046252 0.21074147166619678 0.09748803827751196 0.1519594023118128
3 0.8268540669856459 0.6578798985057795 0.17165071770334928 0.250634338877925
3 0.6947767145135566 0.20411615449675782 0.09968102073365231 0.15393290104313503
3 0.7578748006379585 0.3252043980828869 0.1122408293460925 0.17169438962503525
3 0.157396331738437 0.6550606146038906 0.16208133971291866 0.25627290668170283
3 0.6163277511961722 0.15914857626162954 0.09589314194577353 0.1372991260219904
