3 0.37624172185430466 0.7363410596026491 0.08112582781456953 0.125
3 0.4555049668874172 0.7408940397350994 0.09147350993377483 0.1316225165562914
3 0.14010761589403972 0.447226821192053 0.05256622516556291 0.07657284768211921
1 0.6355546357615894 0.3522350993377483 0.022764900662251654 0.04966887417218543
3 0.9095612582781457 0.6711506622516556 0.031043046357615893 0.03849337748344371
3 0.2593129139072848 0.7123344370860927 0.06829470198675497 0.11341059602649006
3 0.8236754966887417 0.6908112582781457 0.13245033112582782 0.08940397350993377
3 0.7843543046357616 0.388658940397351 0.12334437086092716 0.10844370860927152
3 0.4066639072847682 0.36009933774834435 0.1519039735099338 0.1672185430463576
3 0.20902317880794702 0.3576158940397351 0.09105960264900662 0.13990066225165562
3 0.7549668874172185 0.3400248344370861 0.10927152317880795 0.1519039735099338
3 0.6653559602649006 0.3526490066225166 0.08236754966887418 0.13658940397350994
3 0.8017384105960265 0.7170943708609272 0.09933774834437085 0.1179635761589404
3 0.8141556291390728 0.4143211920529801 0.11092715231788079 0.09933774834437085
3 0.8447847682119205 0.6639072847682119 0.13327814569536423 0.059602649006622516
3 0.2290976821192053 0.423841059602649 0.1494205298013245 0.10596026490066225
3 0.2117135761589404 0.6548013245033113 0.09147350993377483 0.0902317880794702
3 0.902317880794702 0.6202400662251656 0.09768211920529801 0.08816225165562915
3 0.6338990066225165 0.7288907284768212 0.09809602649006623 0.11258278145695365
3 0.2013658940397351 0.44991721854304634 0.11382450331125828 0.08526490066225166
3 0.9271523178807947 0.4275662251655629 0.04304635761589404 0.05380794701986755
3 0.7251655629139073 0.7206125827814569 0.10513245033112582 0.14403973509933773
3 0.8807947019867549 0.419908940397351 0.06539735099337748 0.08402317880794702
3 0.23489238410596028 0.6984685430463576 0.07822847682119205 0.09147350993377483
3 0.3019453642384106 0.7191639072847682 0.08153973509933775 0.16100993377483444
3 0.5564983443708609 0.3578228476821192 0.1494205298013245 0.1634933774834437
3 0.5407698675496688 0.7340645695364238 0.0939569536423841 0.11961920529801325
3 0.29304635761589404 0.3677566225165563 0.08526490066225166 0.1287251655629139
