3 0.5107230392156863 0.37173202614379086 0.03553921568627451 0.04656862745098039
3 0.680453431372549 0.34395424836601307 0.022058823529411766 0.03758169934640523
3 0.41421568627450983 0.34048202614379086 0.034926470588235295 0.04044117647058824
3 0.6697303921568627 0.3772467320261438 0.023284313725490197 0.03227124183006536
3 0.6282169117647058 0.36968954248366015 0.030330882352941176 0.04411764705882353
1 0.5525428921568627 0.33986928104575165 0.01685049019607843 0.014705882352941176
3 0.49371936274509803 0.3410947712418301 0.045649509803921566 0.04330065359477124
3 0.5497855392156863 0.3723447712418301 0.04258578431372549 0.0494281045751634
1 0.625765931372549 0.34415849673202614 0.019301470588235295 0.028186274509803922
3 0.4497549019607843 0.33639705882352944 0.042279411764705885 0.044526143790849675
0 0.6017156862745098 0.32230392156862747 0.00428921568627451 0.006535947712418301
1 0.6038602941176471 0.33374183006535946 0.020833333333333332 0.032679738562091505
3 0.4759497549019608 0.3698937908496732 0.03462009803921569 0.04779411764705882
0 0.585171568627451 0.34824346405228757 0.00428921568627451 0.01838235294117647
0 0.5793504901960784 0.3329248366013072 0.0055147058823529415 0.004901960784313725
3 0.5435049019607843 0.3402777777777778 0.04656862745098039 0.05473856209150327
3 0.6334252450980392 0.34129901960784315 0.03462009803921569 0.04044117647058824
3 0.5935968137254902 0.3396650326797386 0.04197303921568627 0.04534313725490196
3 0.4387254901960784 0.37540849673202614 0.04105392156862745 0.0457516339869281
0 0.5182291666666666 0.3502859477124183 0.0015318627450980392 0.002042483660130719
3 0.594515931372549 0.3805147058823529 0.04258578431372549 0.030637254901960783
1 0.5810355392156863 0.3445669934640523 0.016237745098039217 0.0298202614379085
3 0.6643688725490197 0.34191176470588236 0.03278186274509804 0.049836601307189546
3 0.6547181372549019 0.3741830065359477 0.02389705882352941 0.0392156862745098
