3 0.3324652777777778 0.44693877551020406 0.05927579365079365 0.13877551020408163
3 0.7020089285714286 0.37704081632653064 0.036458333333333336 0.1
1 0.6930803571428571 0.38903061224489793 0.018105158730158732 0.06989795918367347
3 0.47172619047619047 0.3895408163265306 0.11706349206349206 0.2739795918367347
3 0.5616319444444444 0.5252551020408164 0.07316468253968254 0.12806122448979593
3 0.42299107142857145 0.5538265306122448 0.07564484126984126 0.15663265306122448
3 0.3661954365079365 0.5622448979591836 0.045882936507936505 0.16122448979591836
3 0.3854166666666667 0.42448979591836733 0.06696428571428571 0.16428571428571428
3 0.5776289682539683 0.34311224489795916 0.10863095238095238 0.2566326530612245
1 0.35007440476190477 0.4441326530612245 0.023561507936507936 0.06581632653061224
3 0.49181547619047616 0.5520408163265306 0.07043650793650794 0.12244897959183673
3 0.6561259920634921 0.3709183673469388 0.05679563492063492 0.19285714285714287
3 0.6344246031746031 0.5056122448979592 0.07242063492063493 0.1326530612244898
