3 0.23932729624838292 0.29040852575488457 0.13454075032341525 0.18294849023090587
3 0.19534282018111254 0.4626998223801066 0.16041397153945666 0.20781527531083482
0 0.8602846054333765 0.9680284191829485 0.02069857697283312 0.017761989342806393
3 0.14553686934023286 0.672291296625222 0.1979301423027167 0.29307282415630553
3 0.8046571798188874 0.4547069271758437 0.17335058214747737 0.19538188277087035
3 0.314359637774903 0.17850799289520428 0.12677878395860284 0.16163410301953818
3 0.7082794307891332 0.16518650088809947 0.12289780077619664 0.15985790408525755
3 0.4411384217335058 0.15364120781527532 0.15523932729624837 0.2113676731793961
3 0.7729624838292367 0.27708703374777977 0.1384217335058215 0.1882770870337478
3 0.09831824062095731 0.8650088809946714 0.18628719275549807 0.216696269982238
3 0.5944372574385511 0.15097690941385436 0.14877102199223805 0.2024866785079929
3 0.8906856403622251 0.8481349911190054 0.21604139715394566 0.27175843694493784
3 0.8389391979301423 0.6465364120781527 0.21604139715394566 0.27353463587921845
