3 0.43125 0.1390625 0.1875 0.146875
3 0.846875 0.259375 0.15625 0.15625
3 0.765625 0.1734375 0.13125 0.115625
3 0.6234375 0.1390625 0.196875 0.140625
3 0.13125 0.403125 0.1875 0.1625
3 0.28125 0.1765625 0.125 0.115625
3 0.940625 0.70625 0.1125 0.11875
3 0.9265625 0.6265625 0.140625 0.146875
0 0.078125 0.7109375 0.025 0.015625
3 0.059375 0.675 0.11875 0.18125
3 0.8875 0.3875 0.19375 0.18125
3 0.1859375 0.2703125 0.153125 0.165625
3 0.9203125 0.5046875 0.153125 0.159375
3 0.0828125 0.5171875 0.165625 0.146875
