0 0.4977156432748538 0.39939692982456143 0.022478070175438597 0.01644736842105263
3 0.5169042397660819 0.4272203947368421 0.07766812865497076 0.06112938596491228
3 0.5255847953216374 0.48327850877192985 0.09502923976608187 0.07839912280701754
1 0.5063961988304093 0.39555921052631576 0.041666666666666664 0.04331140350877193
0 0.511421783625731 0.3782894736842105 0.012975146198830409 0.00712719298245614
3 0.4908625730994152 0.32442434210526316 0.04751461988304093 0.04577850877192982
3 0.5749269005847953 0.5287828947368421 0.06944444444444445 0.07017543859649122
3 0.5201937134502924 0.3012609649122807 0.0710891812865497 0.0625
3 0.5831505847953217 0.30564692982456143 0.07967836257309942 0.06085526315789474
3 0.4904970760233918 0.3599232456140351 0.07090643274853801 0.05482456140350877
3 0.5093201754385965 0.3945997807017544 0.07273391812865497 0.05893640350877193
