3 0.642409169550173 0.4690499040307102 0.0685553633217993 0.15307101727447217
3 0.317257785467128 0.47888675623800386 0.022923875432525952 0.044145873320537425
3 0.5072448096885813 0.5820537428023033 0.05255190311418685 0.09117082533589252
3 0.6204584775086506 0.599088291746641 0.04671280276816609 0.13963531669865642
3 0.6911764705882353 0.4716890595009597 0.04195501730103806 0.14299424184261036
3 0.4658304498269896 0.5146353166986565 0.05536332179930796 0.10700575815738964
3 0.5657439446366782 0.5993282149712092 0.051470588235294115 0.1401151631477927
3 0.3441825259515571 0.5357485604606526 0.07763840830449827 0.09069097888675624
3 0.6591695501730104 0.5993282149712092 0.03762975778546713 0.11516314779270634
3 0.6956098615916955 0.5825335892514395 0.015354671280276816 0.08445297504798464
3 0.5807742214532872 0.4896833013435701 0.04909169550173011 0.11276391554702495
3 0.41414359861591693 0.531190019193858 0.05060553633217993 0.08829174664107485
3 0.44982698961937717 0.5767754318618042 0.04022491349480969 0.05950095969289827
3 0.6845804498269896 0.5873320537428023 0.02703287197231834 0.11132437619961612
3 0.5240051903114187 0.5088771593090211 0.05795847750865052 0.11084452975047984
3 0.3592128027681661 0.5069577735124761 0.061418685121107264 0.09932821497120921
