3 0.3385 0.4855769230769231 0.08966666666666667 0.1675101214574899
3 0.7893333333333333 0.6586538461538461 0.11466666666666667 0.14220647773279352
3 0.6703333333333333 0.4805161943319838 0.10066666666666667 0.17965587044534412
3 0.24483333333333332 0.791244939271255 0.117 0.11690283400809717
3 0.25683333333333336 0.6677631578947368 0.13633333333333333 0.13512145748987855
2 0.5635 0.458502024291498 0.123 0.06781376518218624
3 0.44383333333333336 0.4557186234817814 0.12366666666666666 0.21204453441295545
3 0.2683333333333333 0.5306174089068826 0.104 0.18977732793522267
3 0.564 0.409919028340081 0.12733333333333333 0.16295546558704455
3 0.761 0.5326417004048583 0.1 0.17965587044534412
