3 0.6971969510695845 0.6597679936725547 0.06319154167691172 0.11837595570788294
3 0.7689943447258422 0.5511468494595307 0.03122694861076961 0.08304771948325863
3 0.7408409146791246 0.5369100975481149 0.03393164494713548 0.12101239124703402
3 0.1877305138923039 0.5338781966780912 0.03712810425374969 0.09438439230160822
3 0.29542660437669044 0.659108884787767 0.07204327514138185 0.12654890587925124
3 0.5812638308335383 0.6749274980226734 0.07179739365625769 0.11705773793830741
3 0.433489058273912 0.6712364882678619 0.07819031226948611 0.1165304508304772
3 0.5087287927219081 0.6744002109148431 0.07720678632898943 0.12285789612443976
3 0.35788050159822965 0.6618771421038756 0.07892795672485863 0.12312153967835486
3 0.2206786328989427 0.5413920379646717 0.043029259896729774 0.09992090693382547
3 0.7338332923530858 0.6406538360137095 0.041553970985984755 0.0896388083311363
3 0.3401770346692894 0.5349327708937517 0.07646914187361692 0.1328763511732138
3 0.25510204081632654 0.6415765884524124 0.0774526678141136 0.10044819404165568
3 0.43840668797639537 0.5549696809912997 0.12589132038357512 0.13445821249670445
3 0.5619621342512908 0.5614289480622199 0.12220309810671257 0.1368310044819404
3 0.6456847799360708 0.5392828895333509 0.06786328989427096 0.14632217242288426
3 0.21354806983034177 0.6232533614553124 0.05532333415293828 0.07698391774321117
3 0.7002704696336366 0.5433693646190351 0.05360216375706909 0.12971262852623253
0 0.7008851733464471 0.48378592143422094 0.020899926235554464 0.010018455048774057
3 0.6493730022129334 0.6707092011600316 0.06687976395377428 0.13445821249670445
3 0.27378903368576346 0.5437648299499077 0.07843619375461028 0.11573952016873187
0 0.7058028030489304 0.505009227524387 0.003688222276862552 0.005536514632217242
