3 0.32675 0.5483870967741935 0.058 0.11627906976744186
3 0.37075 0.578019504876219 0.07 0.15303825956489123
3 0.47175 0.5783945986496624 0.062 0.15603900975243812
3 0.5795 0.5643285821455364 0.0625 0.14516129032258066
3 0.689875 0.545198799699925 0.05325 0.14291072768192048
3 0.654125 0.3700300075018755 0.07825 0.1744186046511628
0 0.719 0.4028507126781695 0.0465 0.03150787696924231
3 0.73625 0.39422355588897223 0.104 0.12378094523630907
3 0.31925 0.5058139534883721 0.0835 0.10465116279069768
3 0.69125 0.4855588897224306 0.082 0.10465116279069768
1 0.40925 0.5875843960990248 0.0105 0.04013503375843961
1 0.34825 0.6410352588147037 0.023 0.02625656414103526
0 0.3915 0.5866466616654163 0.0025 0.00450112528132033
3 0.424 0.5733308327081771 0.0565 0.1436609152288072
0 0.39375 0.5892723180795199 0.004 0.006751687921980495
1 0.656625 0.6269692423105776 0.02525 0.05138784696174044
1 0.385625 0.5935858964741185 0.03625 0.0708927231807952
1 0.699625 0.5939609902475619 0.03125 0.04538634658664666
0 0.304125 0.5960240060015004 0.00475 0.014253563390847712
1 0.65675 0.3418979744936234 0.071 0.11815453863465866
3 0.263625 0.4234808702175544 0.09325 0.1350337584396099
0 0.388125 0.5750187546886721 0.02575 0.03150787696924231
3 0.638 0.5662040510127532 0.064 0.17291822955738934
3 0.527625 0.5733308327081771 0.05475 0.1541635408852213
3 0.28025 0.4904351087771943 0.0815 0.08739684921230308
