3 0.33839641434262946 0.5397858796296297 0.035026560424966796 0.044849537037037035
3 0.39450531208499334 0.5218460648148148 0.03203851261620186 0.02922453703703704
3 0.31947211155378485 0.49898726851851855 0.03768260292164675 0.038483796296296294
3 0.42280876494023906 0.5027488425925926 0.03154050464807437 0.05758101851851852
3 0.263031208499336 0.3002025462962963 0.039674634794156706 0.09461805555555555
3 0.2875996015936255 0.5011574074074074 0.027722443559096945 0.04976851851851852
3 0.3715969455511288 0.54296875 0.035026560424966796 0.04079861111111111
1 0.27224435590969454 0.36964699074074076 0.03950863213811421 0.06626157407407407
0 0.4509462151394422 0.43764467592592593 0.0021580345285524567 0.00318287037037037
0 0.44364209827357237 0.4508101851851852 0.008134130146082337 0.005208333333333333
1 0.43949203187250996 0.4429976851851852 0.027390438247011952 0.02141203703703704
3 0.43841301460823373 0.45992476851851855 0.042164674634794154 0.0720486111111111
3 0.27207835325365204 0.3755787037037037 0.04648074369189907 0.078125
3 0.4677954847277556 0.3237847222222222 0.058100929614873835 0.09375
3 0.28071049136786186 0.4425636574074074 0.04050464807436919 0.07146990740740741
0 0.42845285524568394 0.44212962962962965 0.00298804780876494 0.00636574074074074
