3 0.6645833333333333 0.806625 0.09783333333333333 0.14625
1 0.824 0.07575 0.05466666666666667 0.08
0 0.80475 0.3605 0.0115 0.012
0 0.8234166666666667 0.417375 0.0028333333333333335 0.00825
3 0.24225 0.60125 0.12816666666666668 0.1615
3 0.8329166666666666 0.285875 0.1505 0.21725
3 0.8078333333333333 0.45125 0.13166666666666665 0.1575
3 0.8608333333333333 0.123625 0.14266666666666666 0.20825
3 0.21391666666666667 0.454875 0.1275 0.15925
3 0.5644166666666667 0.8435 0.11583333333333333 0.1565
3 0.4499166666666667 0.854625 0.11616666666666667 0.16325
3 0.19291666666666665 0.28325 0.1475 0.2245
3 0.7584166666666666 0.739125 0.11416666666666667 0.16975
3 0.27166666666666667 0.738875 0.112 0.15925
3 0.35633333333333334 0.81325 0.10433333333333333 0.134
3 0.1685 0.12 0.14033333333333334 0.2105
3 0.7775 0.59775 0.13233333333333333 0.164
0 0.2045 0.486125 0.0016666666666666668 0.00275
