3 0.1024658447184272 0.17125 0.15161612795734755 0.2505
3 0.43502165944685106 0.57675 0.14761746084638455 0.2465
3 0.40386537820726426 0.201 0.13995334888370542 0.232
3 0.2659113628790403 0.19375 0.16061312895701432 0.2555
0 0.437187604131956 0.55075 0.039320226591136286 0.0225
3 0.5213262245918028 0.21475 0.13695434855048316 0.1885
3 0.6086304565144952 0.27525 0.10563145618127291 0.0895
3 0.5351549483505498 0.46425 0.14995001666111296 0.2385
1 0.38687104298567143 0.58625 0.045318227257580806 0.1325
1 0.5441519493502166 0.451 0.11196267910696435 0.154
