3 0.2800925925925926 0.23292824074074073 0.10570987654320987 0.2019675925925926
3 0.10281635802469136 0.8250868055555556 0.16435185185185186 0.2421875
3 0.1478587962962963 0.6219618055555556 0.17650462962962962 0.2630208333333333
0 0.028838734567901234 0.8184317129629629 0.007137345679012345 0.021122685185185185
3 0.5230516975308642 0.18113425925925927 0.09471450617283951 0.15046296296296297
3 0.21595293209876543 0.33347800925925924 0.12943672839506173 0.2074652777777778
3 0.7642746913580247 0.3585069444444444 0.13155864197530864 0.21180555555555555
3 0.8280285493827161 0.6448206018518519 0.17766203703703703 0.26880787037037035
3 0.6130401234567902 0.19155092592592593 0.10570987654320987 0.1597222222222222
3 0.43451003086419754 0.16493055555555555 0.0920138888888889 0.1423611111111111
0 0.7732445987654321 0.5431134259259259 0.004050925925925926 0.005208333333333333
3 0.3515625 0.20775462962962962 0.10628858024691358 0.15914351851851852
3 0.8667052469135802 0.8463541666666666 0.15393518518518517 0.24189814814814814
3 0.18479938271604937 0.4574652777777778 0.1404320987654321 0.17997685185185186
3 0.6971450617283951 0.24811921296296297 0.11766975308641975 0.1964699074074074
3 0.7932098765432098 0.4856770833333333 0.1392746913580247 0.19762731481481483
0 0.12721836419753085 0.5358796296296297 0.002507716049382716 0.003472222222222222
0 0.19087577160493827 0.5153356481481481 0.0021219135802469135 0.0028935185185185184
0 0.7190393518518519 0.41796875 0.0021219135802469135 0.00318287037037037
0 0.7975501543209876 0.8546006944444444 0.0028935185185185184 0.006655092592592593
