3 0.44266666666666665 0.47 0.058666666666666666 0.084
3 0.5403333333333333 0.5765 0.042666666666666665 0.066
3 0.5763333333333334 0.58925 0.04066666666666666 0.0665
3 0.675 0.157 0.04533333333333334 0.046
3 0.6798333333333333 0.505 0.044333333333333336 0.053
0 0.618 0.137 0.042 0.043
3 0.6151666666666666 0.59525 0.03833333333333333 0.0415
3 0.459 0.52825 0.048 0.0855
1 0.4568333333333333 0.54325 0.01633333333333333 0.0405
3 0.43683333333333335 0.39825 0.04766666666666667 0.0825
3 0.5015 0.5565 0.042333333333333334 0.072
3 0.6196666666666667 0.14175 0.04733333333333333 0.0525
