3 0.343 0.36125 0.109 0.201
3 0.8253333333333334 0.589 0.081 0.2065
3 0.875 0.55725 0.073 0.1655
3 0.31325 0.557125 0.08116666666666666 0.17825
3 0.8886666666666667 0.357625 0.057 0.14625
3 0.9156666666666666 0.522625 0.052333333333333336 0.11725
3 0.7456666666666667 0.59775 0.091 0.2435
3 0.39725 0.55975 0.10316666666666667 0.2195
3 0.24683333333333332 0.5305 0.056 0.1305
3 0.20708333333333334 0.32125 0.049166666666666664 0.1605
3 0.65475 0.58525 0.1035 0.226
3 0.5656666666666667 0.59325 0.096 0.199
3 0.4725 0.592375 0.09733333333333333 0.20075
3 0.8351666666666666 0.353625 0.08833333333333333 0.21325
3 0.24683333333333332 0.4755 0.11866666666666667 0.098
3 0.46708333333333335 0.383 0.14683333333333334 0.2315
3 0.25583333333333336 0.324 0.08666666666666667 0.2025
3 0.7365833333333334 0.36125 0.1195 0.216
3 0.6089166666666667 0.37975 0.14683333333333334 0.236
