3 0.6490234375 0.6938405797101449 0.135546875 0.12077294685990338
3 0.5134765625 0.8466183574879227 0.095703125 0.13405797101449277
3 0.7072265625 0.7620772946859904 0.033203125 0.1280193236714976
3 0.6630859375 0.7992149758454107 0.060546875 0.15519323671497584
3 0.6126953125 0.6482487922705314 0.097265625 0.09239130434782608
3 0.4029296875 0.10356280193236715 0.129296875 0.2071256038647343
3 0.5291015625 0.07940821256038648 0.115234375 0.1527777777777778
3 0.47109375 0.517512077294686 0.1515625 0.16666666666666666
3 0.5978515625 0.8272946859903382 0.088671875 0.1461352657004831
3 0.2791015625 0.10628019323671498 0.116015625 0.1823671497584541
3 0.66484375 0.07397342995169082 0.15390625 0.14794685990338163
3 0.4064453125 0.8257850241545893 0.120703125 0.16606280193236714
3 0.7984375 0.05404589371980676 0.1 0.10567632850241546
