3 0.14960106382978725 0.5455677290836654 0.0678191489361702 0.10308764940239044
3 0.8525598404255319 0.43164840637450197 0.08976063829787234 0.09487051792828685
3 0.6924035904255319 0.5344870517928287 0.09358377659574468 0.16459163346613545
3 0.6764461436170213 0.4135956175298805 0.0962433510638298 0.1344621513944223
3 0.8587932180851063 0.33939243027888444 0.0756316489361702 0.08964143426294821
3 0.3894614361702128 0.5738296812749004 0.09474734042553191 0.15562749003984064
3 0.28607047872340424 0.5632470119521913 0.08178191489361702 0.15687250996015936
3 0.21143617021276595 0.5578934262948207 0.056848404255319146 0.14616533864541834
3 0.7772606382978723 0.3737549800796813 0.10039893617021277 0.1349601593625498
3 0.772689494680851 0.508839641434263 0.08793218085106383 0.11578685258964143
3 0.48371010638297873 0.568351593625498 0.0920877659574468 0.1531374501992032
3 0.23371010638297873 0.45219123505976094 0.09075797872340426 0.1344621513944223
3 0.39735704787234044 0.4012699203187251 0.12150930851063829 0.17206175298804782
3 0.6024767287234043 0.5509213147410359 0.0945811170212766 0.14965139442231076
3 0.5187001329787234 0.416957171314741 0.13646941489361702 0.15164342629482072
1 0.36569148936170215 0.34947709163346613 0.0398936170212766 0.05453187250996016
1 0.4621010638297872 0.4398655378486056 0.02160904255319149 0.04606573705179283
1 0.44564494680851063 0.40363545816733065 0.02360372340425532 0.09213147410358566
