3 0.43007592456527066 0.42237609329446063 0.14254224834680382 0.17419825072886297
3 0.5160421258878276 0.5470116618075802 0.0867009551800147 0.1661807580174927
3 0.27785941709527306 0.5318877551020408 0.05902522654910605 0.11260932944606414
3 0.2392848395787411 0.4961734693877551 0.053881949546901786 0.08126822157434402
3 0.6795248591721773 0.4008746355685131 0.08792554494244428 0.12755102040816327
3 0.42970854763654176 0.564868804664723 0.08890521675238795 0.1260932944606414
3 0.7624295860886603 0.42529154518950435 0.09061964241978937 0.10860058309037901
3 0.23769287288758267 0.41344752186588923 0.07959833455792309 0.11115160349854228
3 0.34215037962282635 0.5318877551020408 0.09110947832476121 0.14759475218658893
3 0.60678422728386 0.540634110787172 0.09919177075679647 0.14030612244897958
3 0.6780553514572618 0.5072886297376094 0.08204751408278227 0.16472303206997085
3 0.7454077883908891 0.500728862973761 0.0639235855988244 0.09329446064139942
3 0.3198628459466079 0.4083454810495627 0.09355865784962038 0.12427113702623907
3 0.5701689933872153 0.4205539358600583 0.1435219201567475 0.18731778425655976
