3 0.42364864864864865 0.6604386677497969 0.07702702702702703 0.15272136474411047
0 0.6268918918918919 0.2938667749796913 0.02027027027027027 0.026401299756295696
3 0.6345945945945946 0.652315190901706 0.09297297297297297 0.16003249390739235
3 0.46135135135135136 0.38688058489033306 0.08810810810810811 0.14012997562956944
3 0.4851351351351351 0.6951665312753859 0.07297297297297298 0.10032493907392363
3 0.6843243243243243 0.6173842404549147 0.07621621621621621 0.15597075548334688
3 0.5655405405405406 0.36718115353371245 0.09162162162162162 0.17790414297319251
1 0.4741891891891892 0.6825751421608448 0.05108108108108108 0.0751421608448416
1 0.5740540540540541 0.2908204711616572 0.04432432432432432 0.025182778229082048
3 0.3282432432432432 0.40089358245329 0.09486486486486487 0.1445978878960195
0 0.6178378378378379 0.6762794476035743 0.011891891891891892 0.020308692120227456
3 0.7568918918918919 0.36779041429731923 0.09918918918918919 0.1165718927701056
1 0.6198648648648649 0.6575954508529651 0.024054054054054055 0.06255077173030058
0 0.6245945945945945 0.6393176279447603 0.006486486486486486 0.021933387489845652
0 0.36283783783783785 0.39561332250203085 0.00891891891891892 0.01868399675060926
