3 0.037142857142857144 0.9119565217391304 0.07428571428571429 0.17173913043478262
3 0.4004761904761905 0.3576086956521739 0.20857142857142857 0.6195652173913043
0 0.40523809523809523 0.27065217391304347 0.1838095238095238 0.44565217391304346
3 0.9580952380952381 0.8793478260869565 0.08190476190476191 0.23695652173913043
3 0.2419047619047619 0.8217391304347826 0.12380952380952381 0.3521739130434783
3 0.8328571428571429 0.8347826086956521 0.11333333333333333 0.32608695652173914
0 0.621904761904762 0.15978260869565217 0.15047619047619049 0.18043478260869567
3 0.7266666666666667 0.7945652173913044 0.12 0.40652173913043477
3 0.770952380952381 0.3456521739130435 0.13238095238095238 0.3782608695652174
3 0.36714285714285716 0.8336956521739131 0.1380952380952381 0.3282608695652174
0 0.11619047619047619 0.2576086956521739 0.1180952380952381 0.20652173913043478
3 0.6109523809523809 0.21304347826086956 0.20095238095238097 0.2956521739130435
3 0.49857142857142855 0.8271739130434783 0.11904761904761904 0.34130434782608693
3 0.12 0.9119565217391304 0.1180952380952381 0.17173913043478262
1 0.8747619047619047 0.28369565217391307 0.09047619047619047 0.22391304347826088
3 0.2342857142857143 0.33043478260869563 0.12571428571428572 0.4043478260869565
3 0.6161904761904762 0.8239130434782609 0.12380952380952381 0.34782608695652173
3 0.9223809523809524 0.9 0.07523809523809524 0.1956521739130435
0 0.8966666666666666 0.25217391304347825 0.04476190476190476 0.14782608695652175
3 0.939047619047619 0.33260869565217394 0.12 0.45652173913043476
3 0.07857142857142857 0.35543478260869565 0.15714285714285714 0.3934782608695652
3 0.8695238095238095 0.32608695652173914 0.10476190476190476 0.30869565217391304
