3 0.7638888888888888 0.49230769230769234 0.10185185185185185 0.2923076923076923
3 0.20601851851851852 0.5038461538461538 0.09722222222222222 0.3
3 0.05555555555555555 0.23076923076923078 0.07407407407407407 0.27692307692307694
3 0.42824074074074076 0.5115384615384615 0.11574074074074074 0.2692307692307692
3 0.6921296296296297 0.2153846153846154 0.125 0.3230769230769231
3 0.9166666666666666 0.40384615384615385 0.08333333333333333 0.17692307692307693
3 0.04861111111111111 0.4269230769230769 0.06944444444444445 0.17692307692307693
3 0.3101851851851852 0.5115384615384615 0.12037037037037036 0.3
3 0.11342592592592593 0.4576923076923077 0.09722222222222222 0.23846153846153847
3 0.38425925925925924 0.21923076923076923 0.17592592592592593 0.36153846153846153
3 0.9583333333333334 0.2230769230769231 0.06481481481481481 0.2153846153846154
3 0.24305555555555555 0.22692307692307692 0.11574074074074074 0.3153846153846154
3 0.13425925925925927 0.21153846153846154 0.1111111111111111 0.3153846153846154
3 0.8935185185185185 0.21923076923076923 0.08333333333333333 0.2692307692307692
3 0.8449074074074074 0.4346153846153846 0.09722222222222222 0.2230769230769231
3 0.5509259259259259 0.20384615384615384 0.16666666666666666 0.3769230769230769
3 0.6550925925925926 0.5192307692307693 0.10648148148148148 0.2846153846153846
3 0.8055555555555556 0.2076923076923077 0.1111111111111111 0.3230769230769231
3 0.5509259259259259 0.5192307692307693 0.12037037037037036 0.25384615384615383
