0 0.8728571428571429 0.5323479005998286 0.0034285714285714284 0.008140531276778063
0 0.8947142857142857 0.5661953727506427 0.014571428571428572 0.006426735218508998
0 0.5514285714285714 0.5126392459297343 0.018285714285714287 0.05355612682090831
0 0.9881428571428571 0.9346615252784919 0.023142857142857142 0.07069408740359898
1 0.44957142857142857 0.5115681233933161 0.042 0.13967437874892888
3 0.656 0.5299914310197087 0.31485714285714284 0.6315338474721508
3 0.8877142857142857 0.6137532133676092 0.224 0.7716366752356469
3 0.106 0.5074978577549272 0.212 0.5642673521850899
0 0.44942857142857146 0.5115681233933161 0.04171428571428572 0.13967437874892888
3 0.36028571428571426 0.5484147386461011 0.3142857142857143 0.6418166238217652
1 0.5584285714285714 0.5085689802913453 0.07228571428571429 0.14910025706940874
