3 0.18451003086419754 0.46875 0.12056327160493827 0.13599537037037038
3 0.7659143518518519 0.6085069444444444 0.13445216049382716 0.15162037037037038
0 0.21537422839506173 0.5607638888888888 0.06385030864197531 0.05150462962962963
3 0.25993441358024694 0.6610243055555556 0.11168981481481481 0.12355324074074074
3 0.2195216049382716 0.5681423611111112 0.12962962962962962 0.1490162037037037
3 0.2942708333333333 0.7262731481481481 0.08661265432098765 0.08506944444444445
0 0.8450038580246914 0.5026041666666666 0.014467592592592593 0.036458333333333336
3 0.7355324074074074 0.6888020833333334 0.1076388888888889 0.12760416666666666
3 0.7081404320987654 0.7471064814814815 0.08603395061728394 0.08680555555555555
3 0.7924382716049383 0.4976851851851852 0.13194444444444445 0.14872685185185186
