3 0.7401642888024211 0.29928664072632943 0.06528318201469953 0.17574578469520102
3 0.654777345438824 0.5100518806744487 0.0717682663207955 0.20557717250324253
3 0.43893212278426286 0.33949416342412453 0.13251188932122784 0.18417639429312582
3 0.2617812364894077 0.29766536964980544 0.06960657155209685 0.18482490272373542
3 0.6044098573281452 0.542639429312581 0.08300907911802853 0.16309987029831388
3 0.5674448767833982 0.3357652399481193 0.12624297449200172 0.1825551232166018
3 0.6981193255512321 0.4680609597924773 0.08149589277993947 0.1520752269779507
2 0.5291828793774319 0.4905966277561608 0.08041504539559015 0.03696498054474708
3 0.6680717682663208 0.31793125810635536 0.08236057068741894 0.17153047989623865
3 0.5287505404236922 0.5476653696498055 0.0825767401642888 0.15304798962386512
2 0.5563121487246001 0.41391050583657585 0.035667963683527884 0.026264591439688716
3 0.3364677907479464 0.31776913099870296 0.0819282317336792 0.17963683527885863
3 0.3223086900129702 0.49562256809338523 0.07738867271941202 0.19617380025940337
3 0.3962386511024643 0.5225356679636836 0.07522697795071336 0.16374837872892348
3 0.1743406830955469 0.22243839169909208 0.03739731949848681 0.10311284046692606
3 0.2712926934716818 0.4393644617380026 0.08646779074794639 0.17120622568093385
3 0.4668179853004756 0.5076199740596627 0.08106355382619974 0.15985732814526588
3 0.7429744920017294 0.4283398184176394 0.0609597924773022 0.11348897535667964
3 0.20665801988759186 0.2537289234760052 0.043233895373973194 0.13780804150453957
3 0.22351923908344143 0.40094033722438394 0.061392131431041934 0.1254863813229572
