0 0.3872876213592233 0.5384204909284952 0.02154126213592233 0.0144076840981857
0 0.5087985436893204 0.09738527214514407 0.015776699029126214 0.08271077908217717
0 0.49408373786407767 0.17862860192102456 0.0045509708737864075 0.005602988260405549
0 0.5148665048543689 0.512940234791889 0.02912621359223301 0.04348986125933831
3 0.49362864077669905 0.5796424759871932 0.4484223300970874 0.4437033084311633
0 0.5693264563106796 0.16128601921024546 0.04641990291262136 0.020010672358591247
0 0.5309466019417476 0.5791088580576307 0.08191747572815535 0.016275346851654215
0 0.4318871359223301 0.5570971184631803 0.04156553398058253 0.010138740661686232
0 0.4563106796116505 0.6634204909284952 0.026092233009708737 0.030683030949839915
0 0.5144114077669902 0.22852187833511206 0.01183252427184466 0.02054429028815368
0 0.4854368932038835 0.606590181430096 0.03155339805825243 0.027481323372465314
3 0.5321601941747572 0.18716648879402348 0.44538834951456313 0.37379935965848454
3 0.423998786407767 0.8766008537886874 0.3504247572815534 0.24626467449306297
