3 0.4846813725490196 0.3941482843137255 0.19607843137254902 0.25949754901960786
1 0.3020833333333333 0.45036764705882354 0.11274509803921569 0.1323529411764706
3 0.20843545751633988 0.7176776960784313 0.18647875816993464 0.13878676470588236
3 0.6318423202614379 0.36443014705882354 0.09456699346405228 0.2025122549019608
1 0.6013071895424836 0.37637867647058826 0.024918300653594773 0.10079656862745098
3 0.31413398692810457 0.43857230392156865 0.18995098039215685 0.2643995098039216
3 0.8041258169934641 0.4068627450980392 0.09027777777777778 0.2113970588235294
0 0.4977532679738562 0.4413296568627451 0.01184640522875817 0.015625
3 0.725796568627451 0.37254901960784315 0.12438725490196079 0.19914215686274508
0 0.4904003267973856 0.40456495098039214 0.012663398692810458 0.013174019607843137
3 0.16554330065359477 0.6176470588235294 0.18198529411764705 0.21323529411764705
1 0.4641544117647059 0.43826593137254904 0.08558006535947713 0.1712622549019608
1 0.207312091503268 0.734375 0.026143790849673203 0.04105392156862745
