0 0.4264043256233103 0.2091346153846154 0.0063082006608591165 0.014423076923076924
0 0.5908681285671373 0.4512674825174825 0.007810153199158907 0.014423076923076924
0 0.4309101832382097 0.23011363636363635 0.006908981676179033 0.012674825174825174
0 0.4300090117152298 0.2840909090909091 0.017723039951937518 0.006118881118881119
3 0.5722439170922199 0.5572552447552448 0.3364373685791529 0.34527972027972026
3 0.4650045058576149 0.2825611888111888 0.3262240913187143 0.32823426573426573
3 0.664764193451487 0.8074737762237763 0.2421147491739261 0.23208041958041958
0 0.5491138480024031 0.5273164335664335 0.012616401321718233 0.012674825174825174
0 0.4612496245118654 0.31053321678321677 0.0321417843196155 0.047639860139860137
0 0.5689396215079604 0.4995629370629371 0.01021327726043857 0.01486013986013986
0 0.4729648543106038 0.24060314685314685 0.005707419645539201 0.006555944055944056
0 0.5922198858516071 0.5935314685314685 0.006908981676179033 0.012237762237762238
