3 0.3657154846831725 0.7459097669806644 0.08518673940411246 0.31680713931581556
3 0.9087284934955938 0.4697570649479425 0.04490138480906421 0.2345066931085771
3 0.8990767939571969 0.8376301437778879 0.0658833403273185 0.2751611303916708
3 0.13050776332354175 0.7072384729796728 0.08350818296265212 0.17997025285076848
3 0.1748845992446496 0.3329201784828954 0.060218212337389845 0.3485374318294497
3 0.5674569869911876 0.37208725830441247 0.12987830465799413 0.3891918691125434
3 0.8426353336130927 0.7659890927119485 0.05791019723038187 0.22508676251859197
3 0.7005874947545111 0.7203767972235994 0.09148132605958875 0.31036192364898363
3 0.17687788501888377 0.7223599405057015 0.0721779269827948 0.20327218641546851
3 0.7808434746118338 0.7535944471988101 0.0765841376416282 0.2677243430837878
3 0.33140998741082667 0.3673772930094199 0.10260176248426353 0.35696579077838375
3 0.44020142677297525 0.3713435795736242 0.12715065044062107 0.3847297967278136
3 0.1318715904322283 0.3696083292017848 0.04427192614351658 0.2702032721864155
3 0.09053713806126731 0.3634110064452157 0.0556021821233739 0.30639563708477935
3 0.8275283256399496 0.39811601388200296 0.059588753671842215 0.3222607833415964
3 0.4470205623164079 0.7419434804164601 0.08749475451112043 0.29300941993059
3 0.530948384389425 0.7278135845314824 0.085396558959295 0.2845810609816559
3 0.614351657574486 0.7226078334159644 0.08728493495593789 0.2860684184432325
3 0.7558749475451112 0.37902825979176996 0.09378934116659672 0.3802677243430838
3 0.2912295425933697 0.7496281606346058 0.07595467897608058 0.32821021318790283
3 0.22209399916072178 0.7744174516608825 0.07112882920688209 0.28061477441745164
3 0.25020981955518257 0.3331680713931582 0.09840537138061267 0.3787803668815072
3 0.6729962232480067 0.38200297471492317 0.09798573227024758 0.3554784333168071
3 0.869806966009232 0.43083787803668816 0.05728073856483424 0.28358948934060485
