3 0.7810833333333334 0.6177092511013216 0.0835 0.093215859030837
3 0.3610833333333333 0.8028193832599119 0.09016666666666667 0.05356828193832599
3 0.18558333333333332 0.33823788546255507 0.09283333333333334 0.12281938325991189
3 0.19166666666666668 0.4581497797356828 0.126 0.12651982378854626
3 0.33125 0.1809691629955947 0.1415 0.09585903083700441
3 0.46225 0.1694273127753304 0.14383333333333334 0.09533039647577092
3 0.7123333333333334 0.7882819383259911 0.08933333333333333 0.08969162995594714
3 0.79525 0.5212334801762114 0.1125 0.12370044052863437
3 0.21691666666666667 0.5760352422907489 0.11083333333333334 0.12969162995594713
3 0.26675 0.6700440528634362 0.08983333333333333 0.09215859030837005
3 0.7566666666666667 0.7025550660792952 0.082 0.09374449339207049
3 0.8284166666666667 0.31277533039647576 0.08883333333333333 0.08352422907488986
3 0.6501666666666667 0.839647577092511 0.08933333333333333 0.07859030837004405
3 0.49716666666666665 0.857180616740088 0.07966666666666666 0.07876651982378854
3 0.5889166666666666 0.14837004405286344 0.11683333333333333 0.08
0 0.20541666666666666 0.5748017621145375 0.0685 0.09092511013215859
3 0.68325 0.1411453744493392 0.0805 0.057797356828193834
3 0.22141666666666668 0.18466960352422906 0.09016666666666667 0.08140969162995594
3 0.57475 0.8597356828193833 0.07883333333333334 0.07964757709251101
0 0.8274166666666667 0.40625550660792953 0.059833333333333336 0.09779735682819383
3 0.30191666666666667 0.7422026431718062 0.0775 0.07118942731277533
0 0.17958333333333334 0.3428193832599119 0.0735 0.10343612334801762
3 0.4240833333333333 0.8487224669603525 0.0895 0.0720704845814978
3 0.8235833333333333 0.4061674008810573 0.09716666666666667 0.12475770925110131
