0 0.4983169705469846 0.5768097643097643 0.01093969144460028 0.01978114478114478
0 0.3502103786816269 0.5063131313131313 0.050771388499298735 0.06397306397306397
0 0.414586255259467 0.5734427609427609 0.030855539971949508 0.056818181818181816
3 0.41430575035063116 0.5713383838383839 0.03814866760168303 0.07028619528619529
0 0.4079943899018233 0.28535353535353536 0.040112201963534364 0.026936026936026935
3 0.33590462833099577 0.42676767676767674 0.06367461430575035 0.09427609427609428
3 0.37433380084151474 0.5490319865319865 0.04067321178120617 0.07449494949494949
3 0.45582047685834504 0.5759680134680135 0.04151472650771389 0.06776094276094276
0 0.5859747545582048 0.5448232323232324 0.04095371669004207 0.07449494949494949
3 0.5855539971949509 0.5448232323232324 0.04179523141654979 0.07449494949494949
3 0.4983169705469846 0.5742845117845118 0.03955119214586255 0.06776094276094276
3 0.6332398316970547 0.3183922558922559 0.03394109396914446 0.04503367003367004
3 0.6403927068723703 0.4175084175084175 0.08695652173913043 0.10942760942760943
3 0.3521739130434783 0.3021885521885522 0.05806451612903226 0.06397306397306397
0 0.5451612903225806 0.5667087542087542 0.029453015427769985 0.05176767676767677
3 0.3465638148667602 0.5025252525252525 0.06030855539971949 0.0765993265993266
3 0.544039270687237 0.5692340067340067 0.036746143057503504 0.056818181818181816
0 0.32903225806451614 0.4198232323232323 0.046563814866760166 0.0585016835016835
0 0.6311360448807855 0.30513468013468015 0.0241234221598878 0.015993265993265993
3 0.6140252454417953 0.4943181818181818 0.0605890603085554 0.0888047138047138
0 0.6107994389901823 0.5006313131313131 0.054137447405329595 0.07617845117845118
0 0.5806451612903226 0.2962962962962963 0.03870967741935484 0.01936026936026936
0 0.37433380084151474 0.5532407407407407 0.04067321178120617 0.06607744107744108
0 0.45778401122019635 0.5721801346801347 0.020196353436185133 0.022306397306397305
