0 0.32369182224559556 0.504382889200561 0.0462792532211412 0.05364656381486676
0 0.44017880620562716 0.3655329593267882 0.02682093084407047 0.05925666199158485
0 0.35866421246384433 0.45494389901823284 0.06468577438864055 0.05504908835904628
3 0.4856692085195898 0.3439691444600281 0.04312384959242703 0.08835904628330996
3 0.3858795687615041 0.39305750350631136 0.05968971864317644 0.07152875175315568
0 0.404154614777807 0.3970897615708275 0.0231396266105706 0.04453015427769986
3 0.43268472258743096 0.36307854137447404 0.04180909808046279 0.06416549789621319
0 0.3314488561661846 0.5627629733520336 0.017617670260320798 0.025946704067321177
3 0.3130423349986852 0.5692496493688639 0.06705232711017618 0.08800841514726508
0 0.4960557454641073 0.33607994389901824 0.02235077570339206 0.04453015427769986
3 0.3903497239021825 0.42408835904628334 0.034446489613463055 0.009467040673211781
