3 0.41304347826086957 0.5819672131147541 0.10869565217391304 0.1912568306010929
3 0.7463768115942029 0.3907103825136612 0.09420289855072464 0.2677595628415301
3 0.2753623188405797 0.366120218579235 0.10144927536231885 0.18579234972677597
3 0.5126811594202898 0.5819672131147541 0.10507246376811594 0.1912568306010929
3 0.20652173913043478 0.546448087431694 0.12318840579710146 0.20765027322404372
3 0.3134057971014493 0.5546448087431693 0.10507246376811594 0.20218579234972678
3 0.4420289855072464 0.35792349726775957 0.16666666666666666 0.2896174863387978
3 0.6032608695652174 0.5956284153005464 0.09782608695652174 0.18579234972677597
3 0.6141304347826086 0.3825136612021858 0.17753623188405798 0.26229508196721313
3 0.75 0.587431693989071 0.07971014492753623 0.15846994535519127
3 0.6920289855072463 0.6038251366120219 0.07246376811594203 0.18032786885245902
