3 0.1149434840425532 0.5430776892430279 0.09857047872340426 0.19770916334661354
3 0.23670212765957446 0.49066235059760954 0.1605718085106383 0.26867529880478086
3 0.3078457446808511 0.6978336653386454 0.12167553191489362 0.20493027888446216
3 0.4021775265957447 0.43961653386454186 0.1909906914893617 0.28710159362549803
3 0.7771775265957447 0.5860308764940239 0.14045877659574468 0.15114541832669323
3 0.13513962765957446 0.7392928286852589 0.08477393617021277 0.1897410358565737
3 0.8374335106382979 0.43090139442231074 0.15857712765957446 0.2133964143426295
3 0.6464428191489362 0.5969870517928287 0.1309840425531915 0.19447211155378485
3 0.2127659574468085 0.7155129482071713 0.10538563829787234 0.18451195219123506
3 0.948720079787234 0.4459661354581673 0.09092420212765957 0.1852589641434263
3 0.519780585106383 0.6154133466135459 0.1283244680851064 0.19995019920318724
3 0.4030917553191489 0.6581175298804781 0.13065159574468085 0.20169322709163345
3 0.06308178191489362 0.7866035856573705 0.06299867021276596 0.1499003984063745
3 0.0551030585106383 0.6043326693227091 0.09757313829787234 0.1997011952191235
3 0.7073636968085106 0.4117280876494024 0.15841090425531915 0.22534860557768924
3 0.5644115691489362 0.4112300796812749 0.13214760638297873 0.2173804780876494
3 0.8887134308510638 0.571339641434263 0.10023271276595745 0.08441235059760956
