3 0.39166666666666666 0.4775989560678556 0.156 0.22705524140930838
3 0.15666666666666668 0.5204436711613745 0.11066666666666666 0.2083514571552849
2 0.5395 0.4708568943018704 0.15166666666666667 0.06307090039147456
3 0.26033333333333336 0.49391039582427143 0.10933333333333334 0.19704219225750327
3 0.7918333333333333 0.5154414963027403 0.12033333333333333 0.19312744671596346
3 0.1575 0.6465854719443236 0.17766666666666667 0.16659417137886037
3 0.8271666666666667 0.6213571117877338 0.16966666666666666 0.1613745106568073
3 0.141 0.7555458895171814 0.156 0.1252718573292736
3 0.6733333333333333 0.48260113092648976 0.12266666666666666 0.1996520226185298
3 0.5403333333333333 0.4171378860374076 0.15666666666666668 0.17746846454980425
