3 0.5407582364341085 0.5787210584343991 0.034762596899224806 0.15633958103638368
3 0.5239825581395349 0.4126791620727674 0.05377906976744186 0.18500551267916207
3 0.29645106589147285 0.6188533627342888 0.0592296511627907 0.12635060639470783
3 0.17302567829457363 0.4844542447629548 0.04566375968992248 0.09128996692392503
3 0.33624031007751937 0.43439911797133407 0.07412790697674419 0.17861080485115766
3 0.5660731589147286 0.40452039691289965 0.01756298449612403 0.15148842337375965
3 0.3551356589147287 0.6166482910694597 0.06540697674418605 0.1378169790518192
3 0.5167151162790697 0.5834619625137817 0.03464147286821705 0.16185226019845644
3 0.27501211240310075 0.4534729878721058 0.05995639534883721 0.150606394707828
3 0.18877180232558138 0.5821389195148843 0.055838178294573645 0.06350606394707828
3 0.40098110465116277 0.4217199558985667 0.0713420542635659 0.17265711135611908
3 0.48703972868217055 0.5859977949283351 0.03609496124031008 0.1669239250275634
3 0.23909883720930233 0.607497243660419 0.0692829457364341 0.10363836824696802
3 0.45148982558139533 0.5895259095920617 0.041787790697674417 0.1523704520396913
3 0.46372335271317827 0.4175303197353914 0.07231104651162791 0.19470782800441014
3 0.5572916666666666 0.40683572216097025 0.022044573643410854 0.15788313120176406
3 0.21965843023255813 0.4643880926130099 0.054626937984496124 0.1256890848952591
3 0.4070373062015504 0.6023153252480705 0.052688953488372096 0.16163175303197355
