3 0.46455696202531643 0.6228622862286228 0.06784810126582279 0.1548154815481548
3 0.29873417721518986 0.39423942394239425 0.07240506329113924 0.23312331233123312
3 0.7359493670886076 0.5297029702970297 0.035443037974683546 0.1251125112511251
3 0.7744303797468355 0.5067506750675067 0.04962025316455696 0.11251125112511251
3 0.5549367088607595 0.4396939693969397 0.10632911392405063 0.24932493249324933
3 0.7950632911392405 0.36116111611161117 0.04227848101265823 0.18946894689468946
3 0.21012658227848102 0.3791629162916292 0.03746835443037975 0.18586858685868587
3 0.6963291139240506 0.40481548154815483 0.07113924050632911 0.23447344734473446
3 0.39962025316455696 0.6044104410441045 0.06354430379746835 0.1845184518451845
3 0.18329113924050633 0.3523852385238524 0.045063291139240506 0.19891989198919893
3 0.5768354430379747 0.6093609360936093 0.06 0.16741674167416742
3 0.7439240506329113 0.3913141314131413 0.04227848101265823 0.20027002700270027
3 0.7722784810126583 0.3872637263726373 0.02860759493670886 0.18226822682268226
3 0.44924050632911394 0.4423942394239424 0.10607594936708861 0.24662466246624662
3 0.2459493670886076 0.5202520252025202 0.039746835443037976 0.1152115211521152
3 0.36468354430379746 0.4117911791179118 0.08582278481012658 0.2295229522952295
3 0.6365822784810127 0.4165166516651665 0.08278481012658227 0.24077407740774076
3 0.64 0.5983348334833484 0.07037974683544304 0.18946894689468946
3 0.3381012658227848 0.5891089108910891 0.07468354430379746 0.21242124212421243
3 0.20822784810126582 0.511926192619262 0.05189873417721519 0.13546354635463545
3 0.28063291139240504 0.5486048604860486 0.048354430379746835 0.15391539153915393
3 0.520126582278481 0.6107110711071108 0.05594936708860759 0.15211521152115212
3 0.6968354430379747 0.5666066606660666 0.05088607594936709 0.1332133213321332
3 0.24569620253164556 0.3886138613861386 0.04430379746835443 0.19846984698469847
