0 0.26908482142857143 0.33251130291820796 0.005580357142857143 0.004110152075626798
3 0.6693080357142858 0.5657624332100287 0.07388392857142857 0.17139334155363747
3 0.2849330357142857 0.41635840526099466 0.05870535714285714 0.22852445540484997
3 0.65390625 0.42396218660090423 0.0734375 0.1960542540073983
3 0.4675223214285714 0.6161117961364571 0.07209821428571428 0.11426222770242499
3 0.4408482142857143 0.4455404849979449 0.12321428571428572 0.24743115495273324
3 0.33604910714285713 0.5639128647759967 0.06272321428571428 0.09453349773941636
3 0.5430803571428572 0.6216605014385532 0.078125 0.11713933415536375
3 0.2506696428571429 0.426839293053843 0.03571428571428571 0.19194410193177147
3 0.6083705357142857 0.5762433210028771 0.06272321428571428 0.1611179613645705
3 0.7549107142857143 0.4449239621866009 0.046875 0.18207973695026716
3 0.56171875 0.44245787094122485 0.12299107142857142 0.25935059597205096
3 0.7159598214285714 0.41944101931771477 0.0578125 0.22893547061241265
3 0.3456473214285714 0.44060830250719274 0.07299107142857143 0.18988902589395806
3 0.3982142857142857 0.5762433210028771 0.06517857142857143 0.15782983970406905
