3 0.29002808988764045 0.5323336457357076 0.08321629213483146 0.15495157763199
3 0.24078300561797752 0.37566385504529837 0.08268960674157304 0.17213370821618243
3 0.17424508426966293 0.3558263042799125 0.05530196629213483 0.1487035301468291
3 0.4547050561797753 0.5587316463605123 0.0877808988764045 0.11027803811308966
3 0.6733672752808989 0.41237113402061853 0.08830758426966293 0.16244923461418306
3 0.32101474719101125 0.38753514526710403 0.09252106741573034 0.20899718837863168
3 0.5704002808988764 0.41315213995626365 0.13974719101123595 0.2083723836301156
3 0.12956460674157302 0.34598562949078415 0.04178370786516854 0.13464542330521712
3 0.17916081460674158 0.49203373945641987 0.06688904494382023 0.15870040612308653
3 0.37034761235955055 0.5432677288347392 0.0858497191011236 0.13558263042799126
3 0.8425210674157303 0.3712902218056857 0.04353932584269663 0.12714776632302405
3 0.6249122191011236 0.5378006872852233 0.08725421348314606 0.12902218056857231
3 0.7511411516853933 0.39675101530771634 0.07496488764044944 0.16244923461418306
3 0.5408181179775281 0.5502967822555451 0.08830758426966293 0.11402686660418619
3 0.7561446629213483 0.499843798812871 0.07092696629213484 0.09746954076850985
3 0.7041783707865169 0.5254607935020306 0.08075842696629214 0.12371134020618557
3 0.7971383426966292 0.48094345517025927 0.049332865168539325 0.12339893783192753
3 0.43021418539325845 0.40456107466416746 0.14167837078651685 0.2268041237113402
3 0.2365695224719101 0.5106216807247735 0.08690308988764045 0.14839112777257107
3 0.8039852528089888 0.3781630740393627 0.044417134831460675 0.13839425179631365
3 0.08769311797752809 0.34629803186504216 0.058462078651685394 0.12714776632302405
