0 0.527048802946593 0.5153660220994475 0.0016114180478821363 0.0017265193370165745
3 0.5324585635359116 0.6393301104972375 0.1309852670349908 0.15538674033149172
0 0.5210635359116023 0.5587016574585635 0.0023020257826887663 0.003107734806629834
0 0.4488374769797422 0.37612223756906077 0.004719152854511971 0.01156767955801105
0 0.382884438305709 0.3116367403314917 0.015078268876611418 0.024171270718232045
3 0.4682895948434622 0.349792817679558 0.09426795580110497 0.12154696132596685
3 0.4137315837937385 0.2955801104972376 0.07792357274401474 0.06077348066298342
0 0.40153084714548803 0.3035220994475138 0.030271639042357273 0.02037292817679558
0 0.589548802946593 0.6235324585635359 0.0027624309392265192 0.007769337016574586
3 0.5199700736648251 0.539364640883978 0.11084254143646409 0.09737569060773481
0 0.4914825046040516 0.6411429558011049 0.0016114180478821363 0.0036256906077348065
0 0.4469958563535912 0.38535911602209943 0.003337937384898711 0.004488950276243094
3 0.49666206261510126 0.450103591160221 0.10681399631675875 0.1132596685082873
0 0.4943024861878453 0.4071132596685083 0.01899171270718232 0.012430939226519336
0 0.49482044198895025 0.4434564917127072 0.007826887661141806 0.01950966850828729
0 0.4925759668508287 0.631560773480663 0.002186924493554328 0.010359116022099447
0 0.5063305709023941 0.48152624309392267 0.0011510128913443832 0.0010359116022099447
0 0.5188766114180479 0.5189917127071824 0.0020718232044198894 0.0024171270718232043
