3 0.56203125 0.2382373595505618 0.0890625 0.0839185393258427
3 0.3959375 0.22191011235955055 0.063125 0.06811797752808989
3 0.3428125 0.2227879213483146 0.051875 0.0488061797752809
3 0.3296875 0.3772823033707865 0.064375 0.05372191011235955
3 0.49890625 0.4747191011235955 0.0596875 0.1151685393258427
3 0.33984375 0.4295997191011236 0.0703125 0.07900280898876405
3 0.69203125 0.25509129213483145 0.0384375 0.04108146067415731
3 0.4475 0.49139747191011235 0.06125 0.10709269662921349
3 0.47296875 0.22893258426966293 0.0903125 0.09480337078651685
3 0.4153125 0.5089536516853933 0.058125 0.0761938202247191
3 0.64109375 0.2363061797752809 0.0634375 0.05898876404494382
3 0.34453125 0.48103932584269665 0.0378125 0.042837078651685394
