3 0.1282865907099036 0.6588280647648419 0.09662576687116564 0.23515805705474171
3 0.2875766871165644 0.3282575173477255 0.11152497808939527 0.2887432536622976
3 0.7593120070113936 0.7276407093292213 0.10144609991235758 0.2918272937548188
0 0.8618536371603857 0.25115651503469544 0.04710780017528484 0.0566692367000771
3 0.8139789658194566 0.7259059367771781 0.09947414548641542 0.26060138781804165
3 0.6711218229623137 0.7380493446414803 0.11524978089395267 0.3928296067848882
3 0.17298422436459246 0.7363145720894372 0.05236634531113059 0.24903623747108714
3 0.5682515337423313 0.7149190439475713 0.11152497808939527 0.32498072474942175
3 0.8584574934268185 0.37779491133384735 0.07449605609114812 0.3099460292983809
3 0.2613935144609991 0.7592521202775636 0.10648553900087643 0.374325366229761
3 0.412467134092901 0.6802235929067078 0.09049079754601227 0.2663839629915189
3 0.14241893076248904 0.7384348496530455 0.07274320771253287 0.22783346183500386
3 0.7183391761612621 0.3263299922898998 0.14000876424189307 0.35505011565150346
3 0.1091148115687993 0.38492675404780263 0.08632778264680105 0.34117193523515804
0 0.8340271691498685 0.8213184271395528 0.04798422436459246 0.0697764070932922
3 0.3456397896581946 0.7756360832690825 0.11196319018404909 0.3161141094834233
3 0.4023882559158633 0.2523130300693909 0.09312007011393514 0.12297609868928296
3 0.8819018404907976 0.6968003084040093 0.16082383873794917 0.24402467232074018
3 0.47655565293602103 0.7170393215111797 0.09333917616126206 0.30763299922898996
0 0.8092681858019282 0.26310717039321513 0.04666958808063103 0.11295296838858905
3 0.20431638913234004 0.71781033153431 0.08873794916739702 0.2629144178874325
0 0.3465162138475022 0.6287586738627602 0.018185801928133218 0.009252120277563608
3 0.2114373356704645 0.3317270624518119 0.12269938650306748 0.33962991518889746
3 0.18963628396143734 0.40131071703932153 0.13124452234881684 0.29067077872012337
3 0.7986415425065732 0.36680801850424055 0.08326029798422437 0.32035466461063994
1 0.5120508326029798 0.6580570547417116 0.02147239263803681 0.09868928296067848
0 0.33534180543382996 0.33500385505011565 0.0028483786152497807 0.02081727062451812
1 0.3831069237510955 0.23959136468774095 0.05411919368974584 0.09676175790285274
0 0.33304119193689746 0.3043562066306862 0.0052585451358457495 0.01966075558982267
