0 0.602 0.45275 0.012 0.0105
0 0.644 0.4395 0.03933333333333333 0.048
0 0.6103333333333333 0.441 0.0013333333333333333 0.003
0 0.6193333333333333 0.433 0.01 0.024
0 0.5453333333333333 0.429 0.0033333333333333335 0.006
3 0.6696666666666666 0.43775 0.028 0.0385
0 0.616 0.4515 0.004 0.009
3 0.5571666666666667 0.44775 0.051666666666666666 0.0605
3 0.4613333333333333 0.417 0.03666666666666667 0.053
3 0.6618333333333334 0.529 0.035 0.047
3 0.4205 0.53375 0.037 0.0515
3 0.6386666666666667 0.552 0.032 0.035
3 0.5305 0.57025 0.03233333333333333 0.0425
3 0.5688333333333333 0.5715 0.03766666666666667 0.042
3 0.6435 0.445 0.04033333333333333 0.059
0 0.515 0.4205 0.002 0.005
0 0.41383333333333333 0.40675 0.018333333333333333 0.0185
3 0.39016666666666666 0.38975 0.029 0.0525
0 0.5128333333333334 0.46025 0.004333333333333333 0.0065
3 0.4225 0.40925 0.03966666666666667 0.0615
3 0.49633333333333335 0.567 0.03333333333333333 0.041
3 0.395 0.5135 0.03866666666666667 0.047
3 0.6065 0.44225 0.035666666666666666 0.0485
3 0.6096666666666667 0.56325 0.042666666666666665 0.0395
3 0.4573333333333333 0.55475 0.03666666666666667 0.0405
0 0.5921666666666666 0.44475 0.0023333333333333335 0.0035
3 0.5071666666666667 0.44 0.04766666666666667 0.06
