3 0.8743674581549241 0.5702422145328719 0.08038147138964577 0.17993079584775087
3 0.8137407551576489 0.5927335640138408 0.07162319968859479 0.2055363321799308
3 0.8108213312572986 0.4096885813148789 0.06111327364733359 0.24636678200692042
3 0.13283378746594005 0.41072664359861594 0.04301284546516154 0.23114186851211072
3 0.4496885947839626 0.634083044982699 0.08310626702997276 0.20865051903114187
3 0.6774036590112884 0.38529411764705884 0.0990657843518879 0.286159169550173
3 0.1697158427403659 0.6057093425605536 0.06578435188789412 0.19273356401384084
3 0.23005060334760608 0.3833910034602076 0.08291163876994939 0.2975778546712803
3 0.752432853250292 0.392560553633218 0.07395873880887505 0.3027681660899654
3 0.6986181393538342 0.6698961937716263 0.0955624756714675 0.2927335640138408
3 0.16981315687037757 0.4110726643598616 0.055858310626702996 0.2602076124567474
3 0.6121058777734527 0.6228373702422145 0.08096535616971584 0.22422145328719723
3 0.2825029194239003 0.6565743944636678 0.08933437135072013 0.3041522491349481
3 0.3683339820942001 0.6282006920415225 0.09089139743090696 0.26262975778546715
3 0.5303620085636435 0.6285467128027682 0.08407940833008953 0.2245674740484429
3 0.09750875827170105 0.39844290657439446 0.03814713896457766 0.18304498269896194
3 0.22080576099649668 0.6273356401384083 0.08466329311015959 0.2560553633217993
3 0.7576878162709225 0.6102076124567474 0.08641494745036979 0.20242214532871972
3 0.8542234332425068 0.4043252595155709 0.045543012845465164 0.22525951557093427
3 0.42857142857142855 0.39152249134948097 0.1370182950564422 0.29930795847750863
3 0.3150058388478007 0.3818339100346021 0.10762942779291552 0.2799307958477509
3 0.5650058388478006 0.38581314878892736 0.13935383417672245 0.31418685121107265
3 0.12728688205527441 0.5823529411764706 0.07045543012845465 0.2041522491349481
3 0.8951926819774231 0.37664359861591695 0.05040871934604905 0.228719723183391
