1 0.5476190476190477 0.5779816513761468 0.11688311688311688 0.21100917431192662
3 0.487012987012987 0.30275229357798167 0.23809523809523808 0.22018348623853212
3 0.6904761904761905 0.6055045871559633 0.18614718614718614 0.3486238532110092
3 0.5346320346320347 0.4197247706422018 0.1774891774891775 0.21559633027522937
3 0.8831168831168831 0.6490825688073395 0.2077922077922078 0.3623853211009174
3 0.47835497835497837 0.18807339449541285 0.15151515151515152 0.1559633027522936
1 0.5021645021645021 0.4426605504587156 0.11255411255411256 0.16972477064220184
1 0.43506493506493504 0.22477064220183487 0.03896103896103896 0.08256880733944955
1 0.6796536796536796 0.6697247706422018 0.12987012987012986 0.22018348623853212
1 0.42424242424242425 0.38073394495412843 0.11255411255411256 0.06422018348623854
3 0.5995670995670995 0.5412844036697247 0.22077922077922077 0.28440366972477066
