3 0.554784589892295 0.5633737185461324 0.08098591549295775 0.21155638397017706
3 0.474109362054681 0.5624417520969245 0.08367854183927093 0.1916744330537434
3 0.8186619718309859 0.4237340789064927 0.026304888152444077 0.14228021124572848
3 0.3875310687655344 0.5914880397639019 0.08492129246064622 0.22615719167443304
3 0.20318972659486328 0.4641192917054986 0.050124275062137534 0.17023920472196336
3 0.33233222866611434 0.44641192917054984 0.09424192212096107 0.21062441752096925
3 0.17253521126760563 0.4652065858962411 0.03272576636288318 0.13886300093196646
3 0.834092792046396 0.38894066480273376 0.02236951118475559 0.11121466293880088
3 0.23829743164871584 0.5894687791239516 0.04494614747307374 0.1407269338303821
3 0.8154515327257663 0.523609816713265 0.0343827671913836 0.07611059335197266
3 0.14250207125103562 0.4422180801491146 0.03024026512013256 0.12084498291394843
3 0.1774026512013256 0.5680335507921714 0.03997514498757249 0.09599254426840634
3 0.6657000828500415 0.44019881950916434 0.10107705053852527 0.19509164336750542
3 0.5578914664457332 0.43320907114010565 0.11951118475559237 0.14569742155949053
3 0.7442004971002486 0.41425908667287975 0.07953603976801989 0.19353836595215906
3 0.4386909693454847 0.4714196955576266 0.12054681027340514 0.2059645852749301
3 0.7161350455675228 0.5751786269027649 0.08968516984258493 0.21342031686859272
3 0.7735086992543496 0.5611991301646474 0.041217895608947806 0.16123019571295433
3 0.3002278376139188 0.6032929481205344 0.09092792046396023 0.21745883814849332
3 0.7968102734051367 0.4159676918297608 0.03935376967688484 0.18080149114631874
3 0.2507249378624689 0.447654551102827 0.07808616404308202 0.20192606399502952
3 0.20867854183927093 0.5835663249456353 0.03666114333057167 0.11898105001553277
3 0.7958782104391052 0.5497048772910842 0.023819386909693454 0.09164336750543647
3 0.6359776304888153 0.5753339546442995 0.08595691797845899 0.21435228331780057
