3 0.5183256172839507 0.37448559670781895 0.0628858024691358 0.11385459533607682
3 0.33304398148148145 0.5214334705075446 0.06886574074074074 0.0929355281207133
3 0.40326003086419754 0.3892318244170096 0.044174382716049385 0.08436213991769548
3 0.5650077160493827 0.4111796982167353 0.04359567901234568 0.08093278463648834
3 0.3618827160493827 0.4350137174211248 0.058256172839506175 0.10459533607681756
3 0.6258680555555556 0.5498971193415638 0.07040895061728394 0.09636488340192044
3 0.6486304012345679 0.6251714677640604 0.06809413580246913 0.08984910836762688
3 0.6015625 0.4624485596707819 0.057291666666666664 0.09636488340192044
0 0.5654899691358025 0.42849794238683125 0.0036651234567901233 0.009945130315500686
3 0.6596257716049383 0.7079903978052127 0.07658179012345678 0.10185185185185185
3 0.4539930555555556 0.37002743484224965 0.0642361111111111 0.1056241426611797
3 0.3083526234567901 0.6037379972565158 0.0642361111111111 0.09087791495198902
0 0.28173225308641975 0.6647805212620027 0.046875 0.05246913580246913
3 0.2802854938271605 0.6963305898491083 0.05285493827160494 0.11694101508916324
1 0.5729166666666666 0.426440329218107 0.02507716049382716 0.031207133058984912
0 0.3039158950617284 0.6057956104252401 0.005208333333333333 0.008573388203017833
