3 0.5541551246537396 0.68875 0.08836565096952909 0.2815
3 0.7331024930747922 0.3165 0.11939058171745152 0.402
3 0.5394736842105263 0.38275 0.13988919667590027 0.3615
3 0.20886426592797783 0.6605 0.08919667590027701 0.277
3 0.803601108033241 0.38675 0.06814404432132964 0.2785
3 0.8601108033240997 0.598 0.08808864265927978 0.217
3 0.14418282548476455 0.42525 0.06454293628808865 0.2725
3 0.38185595567867037 0.692 0.09889196675900278 0.308
3 0.8497229916897507 0.40325 0.042382271468144044 0.2085
3 0.9286703601108033 0.404 0.08116343490304709 0.201
3 0.40318559556786704 0.3885 0.14709141274238227 0.326
3 0.06939058171745152 0.549 0.05013850415512466 0.143
3 0.14709141274238227 0.63225 0.07313019390581718 0.2015
3 0.727562326869806 0.69775 0.10498614958448753 0.3965
3 0.29085872576177285 0.70975 0.10914127423822714 0.4015
3 0.6437673130193906 0.3665 0.11080332409972299 0.317
3 0.471191135734072 0.6655 0.08310249307479224 0.271
3 0.09792243767313019 0.58225 0.06454293628808865 0.1715
0 0.08975069252077562 0.55625 0.027146814404432132 0.0865
0 0.9002770083102493 0.5055 0.0260387811634349 0.03
2 0.509972299168975 0.48425 0.0781163434903047 0.1505
3 0.10706371191135734 0.4325 0.03905817174515235 0.225
3 0.8775623268698061 0.42625 0.036011080332409975 0.1545
3 0.8056786703601108 0.64725 0.09168975069252078 0.2675
3 0.06149584487534626 0.38775 0.06149584487534626 0.1895
3 0.2950138504155125 0.38325 0.07867036011080332 0.3055
3 0.9062326869806094 0.57025 0.07894736842105263 0.1745
3 0.6379501385041552 0.68025 0.08642659279778393 0.3185
3 0.21218836565096952 0.3825 0.09141274238227147 0.361
