3 0.6462446108463807 0.19469026548672566 0.112548218742909 0.1756296800544588
3 0.23564783299296574 0.40878148400272296 0.11277513047424552 0.1484002722940776
3 0.4343090537780803 0.13699795779441798 0.1234399818470615 0.17120490129339686
3 0.17767188563648742 0.668141592920354 0.15611527115951895 0.21443158611300203
3 0.7921488540957567 0.5454390742001362 0.11073292489221692 0.15554799183117768
3 0.5579759473564784 0.140571817562968 0.1234399818470615 0.17835262083049694
3 0.757090991604266 0.4222260040844112 0.1123213070115725 0.15554799183117768
3 0.3411617880644429 0.18533015656909463 0.09371454504197867 0.1494213750850919
3 0.8708872248695257 0.8643635125936011 0.1080099841161788 0.17937372362151124
3 0.27773995915588834 0.2828454731109598 0.10846380757885182 0.17631041524846836
3 0.7170410710233719 0.2928863172226004 0.10347174948944861 0.18005445881552076
3 0.19945541184479237 0.5236555479918312 0.12253233492171545 0.14601769911504425
3 0.8208531881098253 0.716643975493533 0.16496482868164283 0.24812797821647378
3 0.15055593374177445 0.8214771953710007 0.13546630360789652 0.16848196051735875
