3 0.36699397455925015 0.7186192468619247 0.08413300602544074 0.26820083682008367
3 0.5301272037491631 0.7248953974895398 0.08547199285873688 0.2673640167364017
3 0.7567507252845347 0.7020920502092051 0.08614148627538495 0.27280334728033473
3 0.18411068957821916 0.4721757322175732 0.05489846016514171 0.24644351464435146
3 0.6115822361080117 0.7163179916317992 0.08413300602544074 0.26359832635983266
3 0.5700736442758313 0.42635983263598326 0.13992412407944654 0.32719665271966525
3 0.23677750502120062 0.4380753138075314 0.07766123633117608 0.30376569037656903
3 0.44733318455701854 0.7257322175732217 0.08413300602544074 0.26569037656903766
3 0.4316000892657889 0.4236401673640167 0.14059361749609461 0.3418410041841004
3 0.2834188797143495 0.7374476987447699 0.0941754072751618 0.3184100418410042
3 0.6760767685784423 0.4188284518828452 0.10332515063601874 0.32217573221757323
3 0.836420441865655 0.4127615062761506 0.04507922338763669 0.23556485355648535
3 0.2230528899799152 0.7276150627615062 0.0711894666369114 0.27615062761506276
3 0.18031689355054675 0.6868200836820084 0.07364427583128766 0.2213389121338912
3 0.7994867217139031 0.44330543933054395 0.05021200624860522 0.22468619246861923
3 0.3199062709216693 0.43451882845188283 0.1028788216915867 0.29497907949790797
3 0.7507252845347021 0.4384937238493724 0.06114706538719036 0.2828451882845188
3 0.8001562151305512 0.6395397489539749 0.0711894666369114 0.19623430962343097
3 0.6980584690917206 0.7464435146443514 0.09729970988618612 0.3397489539748954
