3 0.3886705959397512 0.4679109364767518 0.050862257149094085 0.05762933857236411
1 0.5363457760314342 0.46922069417157825 0.06461471294477189 0.0412573673870334
3 0.5077493996943899 0.526686313032089 0.04758786291202794 0.04616895874263261
3 0.5378738266753984 0.47609692206941717 0.06767081423270029 0.07007203667321546
3 0.4556865313250382 0.48035363457760316 0.06526959179218511 0.05108055009823183
3 0.3369351669941061 0.46480026195153895 0.04867932765771665 0.06647020301244269
3 0.4635450774939969 0.5185003274394238 0.04213053918358437 0.04027504911591356
3 0.4197773411918795 0.5163719711853307 0.05020737830168086 0.04191224623444663
3 0.5917921851124208 0.5055664702030125 0.03536345776031434 0.045841519318926
3 0.3886705959397512 0.4680746561886051 0.050862257149094085 0.0573018991486575
3 0.3736083824492469 0.5057301899148657 0.04605981226806374 0.05337262606417813
3 0.5939751146037983 0.4721676489849378 0.0366732154551408 0.0412573673870334
3 0.5524994542676271 0.5217747216764899 0.048024448810303426 0.045514079895219384
