3 0.5772051334283969 0.42156219232031505 0.042167447545324914 0.0672792911060059
3 0.4589529435730291 0.45241220872989824 0.03951925035648808 0.06596652445027897
3 0.5378895905479731 0.42303905480800785 0.045834182114483604 0.09648834919593043
3 0.5422693012833572 0.4675090252707581 0.04114891016500306 0.06334099113882508
3 0.6520676308820533 0.45766327535280604 0.03300061112242819 0.06005907449950771
3 0.5843348950906498 0.47554972103708565 0.043389692401711144 0.06892024942566459
3 0.34996944387859036 0.4159829340334755 0.051334283968221636 0.06662290777814243
3 0.48961091872071705 0.41302920905808993 0.05927887553473212 0.10731867410567772
3 0.3932572825422693 0.4095831965868067 0.05235282134854349 0.0853298326222514
3 0.6209003870442045 0.48884148342632094 0.030963536361784477 0.042336724647193964
3 0.4414341006314932 0.4010502133245816 0.04359339987777552 0.06498194945848375
0 0.5229170910572418 0.42976698391860846 0.014666938276634752 0.04168034131933049
3 0.41434100631493176 0.4510994420741713 0.04196374006926054 0.0699048244174598
3 0.5009166836422897 0.4588119461765671 0.038704420452230597 0.061700032819166396
3 0.6219189244245263 0.4396127338365606 0.04685271949480546 0.07975057433541188
1 0.48574047667549397 0.40794223826714804 0.05072316154002852 0.08204791598293404
