3 0.7581939799331103 0.692293017932087 0.1331103678929766 0.3178176268599771
3 0.7115942028985507 0.43037008775276614 0.12329988851727983 0.3189622281571919
3 0.907803790412486 0.3536818008393743 0.07603121516164994 0.26478443342235786
3 0.5687848383500558 0.43399465852727964 0.17391304347826086 0.3666539488744754
3 0.31516164994425866 0.7031667302556276 0.1282051282051282 0.29072872949256007
3 0.12965440356744704 0.5906142693628386 0.09609810479375697 0.19152995040061047
3 0.8851727982162765 0.5394887447539107 0.08472686733556299 0.2006867607783289
3 0.43478260869565216 0.723578786722625 0.11638795986622073 0.2644028996566196
3 0.22798216276477146 0.43017932086989696 0.13846153846153847 0.2903471957268218
3 0.6454849498327759 0.680847004959939 0.11059085841694537 0.2514307516215185
3 0.11315496098104794 0.3739030904235025 0.10992196209587514 0.30522701259061424
3 0.38461538461538464 0.4418161007249142 0.18327759197324414 0.3563525371995422
3 0.21003344481605352 0.6743609309423884 0.11282051282051282 0.29721480351011065
3 0.8405797101449275 0.6022510492178558 0.0882943143812709 0.2666921022510492
3 0.8329988851727982 0.3082792827165204 0.14849498327759197 0.36016787485692486
3 0.9665551839464883 0.29702403662724153 0.05306577480490524 0.20106829454406716
3 0.06566332218506131 0.5005723006486074 0.07736900780379041 0.15719191148416634
3 0.051839464882943144 0.3302174742464708 0.06845039018952062 0.2575352918733308
3 0.5448160535117057 0.7252956886684472 0.1201783723522854 0.25562762304463943
3 0.9594202898550724 0.4855017169019458 0.0802675585284281 0.1827546737886303
