3 0.24343675417661098 0.310424605334785 0.1360381861575179 0.37969515514425695
3 0.04884077736106376 0.728905824714208 0.08097511080804637 0.35764833968426785
3 0.9297647459938629 0.4235166031573217 0.0726218888510058 0.22591181273816005
3 0.8780259120354585 0.6839956450734894 0.12359359018070236 0.40391943385955364
3 0.9566996249573815 0.6951551442569407 0.06784861916126833 0.29667936853565596
3 0.7530685305148312 0.6332335329341318 0.13586771224002728 0.3639085465432771
3 0.5892430958063416 0.30443658138268914 0.11541084214115241 0.2261839956450735
3 0.2557961131946812 0.609553620032662 0.1246164336856461 0.344311377245509
3 0.1304125468803273 0.3666303756124115 0.1203545857483805 0.2945019052803484
3 0.5957211046709854 0.6107784431137725 0.19280600068189566 0.40718562874251496
3 0.40709171496760993 0.5962166575939031 0.18683941356972383 0.37316276537833426
3 0.7966246164336857 0.3023952095808383 0.11694510739856802 0.3772455089820359
3 0.0519945448346403 0.43794229722373434 0.1039890896692806 0.23244420250408274
3 0.3654108421411524 0.30185084376701143 0.12018411183088987 0.32879695155144256
3 0.13927719058983976 0.6656232988568318 0.11660415956358677 0.37915078933043006
3 0.47988407773610636 0.310424605334785 0.11455847255369929 0.2964071856287425
3 0.8695022161609274 0.37615677735438213 0.08370269348789636 0.24387588459444748
3 0.6988578247528128 0.32743603701687535 0.12257074667575861 0.30484485574305936
