3 0.7691614066726781 0.5568930925766695 0.13165013525698827 0.17999426769848095
3 0.8078449053201082 0.410432788764689 0.12858431018935979 0.16566351390083117
3 0.14869251577998197 0.22513614216107766 0.16104598737601442 0.26626540556033246
3 0.845175834084761 0.22757237030667812 0.16284941388638413 0.26827171109200343
3 0.548872858431019 0.8704499856692463 0.13038773669972947 0.16738320435654916
3 0.24310189359783588 0.709372312983663 0.1103697024346258 0.1828604184580109
3 0.20432822362488728 0.5525938664373746 0.13237150586113616 0.1822871883061049
3 0.6555455365193869 0.8169962740040126 0.10099188458070334 0.14531384350816853
3 0.16375112714156898 0.41573516766981944 0.1284039675383228 0.17454858125537404
3 0.4188458070333634 0.8670106047578102 0.1321911632100992 0.17196904557179707
3 0.727321911632101 0.708799082831757 0.10964833183047791 0.17999426769848095
3 0.3139765554553652 0.8126970478647176 0.10748422001803426 0.1470335339638865
3 0.8830477908025248 0.07853253081112066 0.18809738503155995 0.15706506162224132
3 0.12146077547339947 0.07308684436801376 0.1538322813345356 0.1461736887360275
0 0.809287646528404 0.3200057323015191 0.025788999098286743 0.027801662367440527
0 0.17853922452660054 0.3227285755230725 0.02308385933273219 0.01948982516480367
