3 0.53505859375 0.7796296296296297 0.0482421875 0.06444444444444444
3 0.5830078125 0.7842592592592592 0.049609375 0.0811111111111111
3 0.459765625 0.7359259259259259 0.038671875 0.0637037037037037
3 0.76484375 0.3827777777777778 0.05546875 0.12925925925925927
3 0.45341796875 0.3611111111111111 0.0716796875 0.11481481481481481
3 0.57841796875 0.3524074074074074 0.0802734375 0.13
3 0.6548828125 0.36185185185185187 0.07734375 0.12962962962962962
3 0.6306640625 0.7851851851851852 0.048828125 0.08592592592592592
3 0.49365234375 0.7570370370370371 0.0462890625 0.07703703703703704
3 0.7884765625 0.3987037037037037 0.050390625 0.12111111111111111
3 0.511328125 0.33685185185185185 0.059375 0.11666666666666667
3 0.463671875 0.34074074074074073 0.04375 0.12666666666666668
3 0.6775390625 0.7914814814814815 0.051171875 0.0637037037037037
3 0.71787109375 0.7803703703703704 0.0380859375 0.06444444444444444
3 0.72177734375 0.3622222222222222 0.0580078125 0.12074074074074075
