1 0.46351872246696035 0.2942998760842627 0.03661894273127753 0.07641470466749277
3 0.5484581497797357 0.2057001239157373 0.1327092511013216 0.23543990086741015
3 0.3908314977973568 0.5813713341594382 0.08672907488986784 0.18793886823626602
3 0.6903909691629956 0.5747624948368443 0.09113436123348018 0.2094175960346964
3 0.419465859030837 0.21871127633209417 0.1296806167400881 0.23915737298636927
3 0.30671806167400884 0.1992978108219744 0.10242290748898679 0.2127220156959934
3 0.19176762114537446 0.5425444031391987 0.06965859030837004 0.1160677406030566
3 0.7683094713656388 0.5485336637752994 0.08672907488986784 0.16191656340355226
3 0.12871696035242292 0.23895084675753822 0.05093612334801762 0.15324246179264767
3 0.6126101321585903 0.6096654275092936 0.07213656387665199 0.14952498967368855
3 0.30892070484581496 0.5710450227178852 0.08370044052863436 0.1862866584056175
3 0.4741189427312775 0.5654688145394465 0.08204845814977973 0.20074349442379183
3 0.7484856828193832 0.1906237092110698 0.09223568281938326 0.2507228418009087
3 0.22742290748898678 0.20528707145807518 0.08480176211453745 0.19991738950846757
3 0.2406387665198238 0.5508054522924412 0.08204845814977973 0.1524163568773234
3 0.18529735682819384 0.2375051631557208 0.08920704845814978 0.15613382899628253
3 0.8096090308370044 0.2331681123502685 0.06965859030837004 0.15159025196199918
3 0.539647577092511 0.6059479553903345 0.07874449339207049 0.18587360594795538
3 0.8376927312775331 0.26931020239570425 0.09719162995594714 0.14539446509706733
3 0.816079295154185 0.5295332507228419 0.06497797356828194 0.11565468814539447
3 0.6556993392070485 0.20177612556794713 0.09884361233480177 0.21437422552664187
