3 0.4061295650578088 0.4669694467382329 0.0712057258212516 0.1169832094687586
3 0.7565608368507983 0.5177539223781998 0.0655166085520279 0.16900633085604183
3 0.34318223527252706 0.48720066061106526 0.08111580106441549 0.15194054500412882
3 0.1462653697926225 0.4192127718139279 0.03266654432005873 0.0968896229011836
3 0.5489998164800881 0.48142031379025596 0.0728574050284456 0.10074318744838975
3 0.8273077628922738 0.5598678777869529 0.04918333639199853 0.09964216900633086
3 0.7723435492750963 0.37613542526837324 0.09598091392916132 0.18799889898155794
3 0.856028629106258 0.5529865125240848 0.030647825289043862 0.06991467107074044
3 0.1702147182969352 0.42595650977153865 0.040557900532207744 0.09991742361684558
3 0.2817948247384841 0.5038535645472062 0.07212332538080382 0.13735205064684833
3 0.4769682510552395 0.3528764106798789 0.11378234538447421 0.16184971098265896
3 0.6965498256560837 0.5074318744838976 0.07579372361901267 0.14065510597302505
3 0.8607083868599743 0.47853014037985137 0.040007340796476415 0.09000825763831544
3 0.6851715911176363 0.37943848059454993 0.08533675903835566 0.15001376273052575
3 0.19590750596439713 0.5104596751995596 0.05890989172325197 0.10322047894302229
3 0.23362084786199303 0.4035232590145885 0.0546889337493118 0.13542526837324526
3 0.6229583409799964 0.4862372694742637 0.08313452009543035 0.11973575557390587
3 0.1580106441548908 0.49972474538948525 0.0451458983299688 0.07349298100743187
3 0.8807120572582126 0.4680704651802918 0.027895026610387227 0.09331131296449216
3 0.8309781611304826 0.47288742086429947 0.051018535511102955 0.12001101018442059
3 0.2907873004220958 0.3598954032480044 0.093778674986236 0.17423616845582163
3 0.20343182235272528 0.4254060005505092 0.04532941824187924 0.11312964492155243
3 0.3764910992842723 0.35975777594274705 0.09304459533859424 0.1370767960363336
3 0.5878142778491466 0.35562895678502615 0.11451642503211598 0.172859895403248
3 0.7993209763259314 0.5597302504816956 0.027711506698476784 0.12028626479493532
3 0.23206092861075428 0.5134874759152216 0.04019086070838686 0.11257913570052298
3 0.8080381721416774 0.4415083952656207 0.061295650578087724 0.1370767960363336
3 0.4775188107909708 0.47880539499036606 0.07193980546889338 0.10707404349022846
