3 0.6857638888888888 0.3829427083333333 0.09375 0.09036458333333333
3 0.6480902777777777 0.516796875 0.05416666666666667 0.06692708333333333
3 0.5056423611111112 0.53359375 0.0859375 0.12083333333333333
3 0.5717013888888889 0.40078125 0.13090277777777778 0.1375
3 0.43723958333333335 0.4010416666666667 0.13420138888888888 0.14270833333333333
3 0.3234375 0.37669270833333335 0.09236111111111112 0.08880208333333334
3 0.33602430555555557 0.5360677083333333 0.08246527777777778 0.07682291666666667
3 0.5899305555555555 0.5319010416666666 0.0875 0.07890625
3 0.42074652777777777 0.534375 0.08454861111111112 0.128125
3 0.2833333333333333 0.5143229166666666 0.05173611111111111 0.07395833333333333
3 0.25850694444444444 0.390625 0.05555555555555555 0.10416666666666667
3 0.2508680555555556 0.5079427083333333 0.04201388888888889 0.06015625
