3 0.38497908710674666 0.9083904109589042 0.07164939079832697 0.1023972602739726
3 0.7691398436079288 0.6231164383561644 0.10492816875795599 0.14486301369863014
3 0.32305873795235496 0.7952054794520548 0.04128023276959447 0.06095890410958904
3 0.3436079287143117 0.8546232876712329 0.036552100381887616 0.054452054794520546
3 0.7454991816693944 0.7109589041095891 0.08747044917257683 0.13904109589041097
3 0.5368248772504092 0.9544520547945206 0.07710492816875796 0.08767123287671233
3 0.6667575922895072 0.8568493150684932 0.07801418439716312 0.11301369863013698
3 0.4569012547735952 0.9602739726027397 0.07583196944899072 0.07808219178082192
3 0.2728677941443899 0.6570205479452055 0.0867430441898527 0.11061643835616439
0 0.22640480087288598 0.5034246575342466 0.02545917439534461 0.015068493150684932
0 0.7714129841789417 0.6097602739726027 0.0734679032551373 0.11472602739726027
3 0.6112929623567921 0.9287671232876712 0.07364975450081833 0.08972602739726028
3 0.2935079105291871 0.7373287671232877 0.07274049827241316 0.1
0 0.26441171122022183 0.43647260273972605 0.062193126022913256 0.09143835616438356
3 0.265139116202946 0.584931506849315 0.09783597017639571 0.11575342465753424
3 0.7149481723949809 0.7871575342465753 0.08601563920712857 0.12294520547945205
3 0.251227495908347 0.4506849315068493 0.10747408619749045 0.14794520547945206
