3 0.5606733259341472 0.43799102132435463 0.10913799482056974 0.1610549943883277
3 0.6342952275249722 0.4278900112233446 0.08176100628930817 0.16778900112233447
3 0.5312615612282648 0.569023569023569 0.06585275619681835 0.1750841750841751
3 0.37569367369589346 0.43602693602693604 0.08102108768035517 0.14029180695847362
3 0.7417684054753977 0.44921436588103253 0.04439511653718091 0.08922558922558922
3 0.40732519422863483 0.5810886644219978 0.07991120976692564 0.18911335578002245
3 0.3522012578616352 0.569023569023569 0.05549389567147614 0.16722783389450055
3 0.596189419163892 0.5830527497194163 0.08324084350721421 0.18181818181818182
3 0.30040695523492417 0.43097643097643096 0.07621161672216056 0.13692480359147025
3 0.6514983351831298 0.5749158249158249 0.07251202367739548 0.16778900112233447
3 0.7007029226785053 0.42031425364758696 0.06955234924158342 0.13131313131313133
3 0.46540880503144655 0.579685746352413 0.07251202367739548 0.16610549943883277
3 0.7116167221605624 0.5777216610549943 0.06252312245652979 0.10381593714927048
3 0.451905290418054 0.43546576879910215 0.1076581576026637 0.1447811447811448
3 0.29874213836477986 0.5704264870931538 0.057343692193858674 0.14309764309764308
0 0.6091379948205697 0.38580246913580246 0.009988901220865706 0.037598204264870934
0 0.4938956714761376 0.5460157126823794 0.012578616352201259 0.09090909090909091
