3 0.343625 0.4735658042744657 0.06075 0.0712410948631421
3 0.58125 0.5438695163104612 0.057 0.0896137982752156
3 0.633 0.5410573678290214 0.051 0.08848893888263967
3 0.465375 0.5474315710536183 0.06025 0.062242219722534686
3 0.320375 0.5354330708661418 0.05175 0.05324334458192726
3 0.5265 0.5481814773153356 0.0625 0.07424071991001124
3 0.6715 0.4716910386201725 0.047 0.07349081364829396
1 0.628875 0.44938132733408326 0.04025 0.04911886014248219
1 0.671125 0.4561304836895388 0.04675 0.043869516310461196
3 0.4195 0.5352455943007124 0.056 0.08061492313460818
3 0.62175 0.4613798275215598 0.0555 0.07161604799400074
3 0.36725 0.5350581177352831 0.0545 0.07574053243344582
0 0.623875 0.4403824521934758 0.01025 0.012373453318335208
0 0.672875 0.44938132733408326 0.03875 0.025871766029246346
0 0.646 0.46437945256842894 0.004 0.010123734533183352
0 0.383625 0.4465691788526434 0.01825 0.02099737532808399
0 0.64025 0.45050618672665915 0.004 0.007124109486314211
0 0.613125 0.4368203974503187 0.00425 0.005999250093738283
3 0.681125 0.5427446569178853 0.06075 0.06111736032995876
3 0.401125 0.46606674165729284 0.05825 0.06899137607799025
