1 0.5104314002828855 0.49163130598774163 0.06541725601131541 0.05351249410655351
0 0.5005304101838756 0.4831447430457331 0.02157001414427157 0.01768033946251768
3 0.40594059405940597 0.3633899104196134 0.214992927864215 0.14167845355964168
3 0.08292079207920793 0.266030174446016 0.16513437057991515 0.14262140499764261
3 0.39462517680339465 0.799033474776049 0.21074964639321075 0.17232437529467232
3 0.5125530410183875 0.7205327675624705 0.20332390381895332 0.13554926921263555
3 0.5548090523338048 0.6050212164073551 0.1775106082036775 0.11527581329561527
0 0.5251060820367751 0.549033474776049 0.0049504950495049506 0.003771805752003772
3 0.24734794908062235 0.29066478076379065 0.2012022630834512 0.1206977840641207
3 0.5136138613861386 0.4816124469589816 0.20332390381895332 0.15134370579915135
