3 0.49651671974522293 0.5095579450418161 0.04080414012738853 0.06212664277180406
3 0.4446656050955414 0.5327060931899642 0.03702229299363057 0.055256869772998804
3 0.6472929936305732 0.480884109916368 0.046576433121019105 0.06511350059737156
3 0.6017117834394905 0.4902927120669056 0.04219745222929936 0.05884109916367981
3 0.3873407643312102 0.49118876941457584 0.04936305732484077 0.06242532855436081
3 0.6220143312101911 0.5138888888888888 0.037420382165605094 0.07198327359617682
3 0.43889331210191085 0.4914874551971326 0.04378980891719745 0.04271206690561529
3 0.5846934713375797 0.5170250896057348 0.03722133757961783 0.05913978494623656
3 0.5450835987261147 0.5120967741935484 0.039609872611464966 0.0492831541218638
1 0.54796974522293 0.49731182795698925 0.02109872611464968 0.017921146953405017
0 0.5409036624203821 0.48894862604540024 0.008160828025477707 0.006571087216248507
3 0.4104299363057325 0.522700119474313 0.033837579617834394 0.07467144563918758
0 0.5480692675159236 0.47207287933094383 0.006568471337579618 0.006869772998805257
