1 0.5758620689655173 0.49137931034482757 0.2 0.3505747126436782
0 0.5189655172413793 0.5057471264367817 0.07241379310344828 0.11494252873563218
0 0.6482758620689655 0.5229885057471264 0.034482758620689655 0.12643678160919541
3 0.8741379310344828 0.603448275862069 0.1482758620689655 0.2988505747126437
1 0.7034482758620689 0.5718390804597702 0.08275862068965517 0.23563218390804597
3 0.39827586206896554 0.5 0.1896551724137931 0.39080459770114945
3 0.5758620689655173 0.5229885057471264 0.2 0.41379310344827586
1 0.2637931034482759 0.5718390804597702 0.05862068965517241 0.23563218390804597
1 0.39655172413793105 0.47988505747126436 0.18620689655172415 0.3390804597701149
3 0.10172413793103448 0.5201149425287356 0.13448275862068965 0.3275862068965517
3 0.22758620689655173 0.5603448275862069 0.12413793103448276 0.3045977011494253
3 0.7448275862068966 0.6005747126436781 0.15862068965517243 0.3160919540229885
0 0.7 0.5660919540229885 0.04827586206896552 0.13218390804597702
1 0.8379310344827586 0.5804597701149425 0.06896551724137931 0.1724137931034483
0 0.8327586206896552 0.6206896551724138 0.02413793103448276 0.08045977011494253
