3 0.3696952160493827 0.4752604166666667 0.07928240740740741 0.14033564814814814
3 0.6872106481481481 0.46195023148148145 0.08236882716049383 0.16001157407407407
3 0.42978395061728397 0.6019965277777778 0.0763888888888889 0.1519097222222222
3 0.46981095679012347 0.4665798611111111 0.12210648148148148 0.1941550925925926
3 0.574266975308642 0.6241319444444444 0.0763888888888889 0.1388888888888889
3 0.7119984567901234 0.6005497685185185 0.06172839506172839 0.1629050925925926
3 0.5012538580246914 0.6222511574074074 0.07581018518518519 0.15075231481481483
3 0.8020833333333334 0.4817708333333333 0.03819444444444445 0.11747685185185185
3 0.5896026234567902 0.4714988425925926 0.12017746913580248 0.18952546296296297
3 0.761670524691358 0.5795717592592593 0.055748456790123455 0.08506944444444445
3 0.7595486111111112 0.4691840277777778 0.0642361111111111 0.1808449074074074
3 0.3611111111111111 0.6053240740740741 0.062114197530864196 0.14293981481481483
3 0.3021797839506173 0.4732349537037037 0.060378086419753084 0.1808449074074074
3 0.6486304012345679 0.5847800925925926 0.07388117283950617 0.12210648148148148
