3 0.5857445987654321 0.43373842592592593 0.13869598765432098 0.20949074074074073
3 0.5633680555555556 0.5972222222222222 0.08931327160493827 0.16435185185185186
3 0.4461805555555556 0.43822337962962965 0.1427469135802469 0.23697916666666666
3 0.7769097222222222 0.42766203703703703 0.07426697530864197 0.1724537037037037
3 0.33217592592592593 0.4561631944444444 0.08564814814814815 0.1490162037037037
3 0.730516975308642 0.5626446759259259 0.0779320987654321 0.1796875
3 0.39371141975308643 0.5855034722222222 0.08564814814814815 0.17390046296296297
3 0.3199266975308642 0.6196469907407407 0.07426697530864197 0.21672453703703703
3 0.6507523148148148 0.5694444444444444 0.08622685185185185 0.18287037037037038
3 0.2581983024691358 0.4564525462962963 0.07040895061728394 0.18547453703703703
3 0.47974537037037035 0.5949074074074074 0.08603395061728394 0.17766203703703703
3 0.6997492283950617 0.4223090277777778 0.0931712962962963 0.15306712962962962
3 0.26340663580246915 0.5769675925925926 0.06076388888888889 0.1261574074074074
3 0.7911844135802469 0.5522280092592593 0.06963734567901235 0.13570601851851852
