3 0.22368968386023294 0.5207531022678648 0.09629783693843594 0.2139495079161318
3 0.28910149750415975 0.5866495507060334 0.0802828618968386 0.13692768506632436
3 0.5318219633943427 0.4991442019683355 0.11564059900166389 0.19811724433033803
3 0.6463186356073212 0.49015832263585796 0.09629783693843594 0.18356867779204109
0 0.5948419301164726 0.5932819854514335 0.05906821963394343 0.17329910141206675
3 0.4336522462562396 0.5964912280701754 0.07653910149750416 0.15917843388960207
3 0.5083194675540765 0.6065468549422336 0.08069883527454243 0.16388532306375694
3 0.7405366056572379 0.5252460419341035 0.10253743760399335 0.21181001283697048
3 0.6741888519134775 0.621737270004279 0.08132279534109817 0.11724433033804023
3 0.36116888519134777 0.5772357723577236 0.07050748752079868 0.17372700042789901
3 0.4113976705490849 0.4634146341463415 0.10898502495840266 0.12665810868635002
1 0.38373544093178036 0.5494223363286265 0.0262063227953411 0.11895592640136927
3 0.3058444259567388 0.47325631151048353 0.0834026622296173 0.14634146341463414
0 0.5544925124792013 0.4734702610183997 0.040349417637271213 0.12366281557552418
0 0.4525790349417637 0.48930252460419343 0.025790349417637273 0.05006418485237484
0 0.4066139767054909 0.46041934103551563 0.006239600665557404 0.024818142918271287
0 0.5831946755407654 0.4567821994009414 0.0066555740432612314 0.015832263585793753
0 0.3312188019966722 0.4952931108258451 0.028910149750415972 0.058622165169020114
1 0.5536605657237936 0.4820282413350449 0.06863560732113144 0.16046213093709885
1 0.31593178036605657 0.5879332477535302 0.025790349417637273 0.08814719726144629
0 0.28722961730449253 0.4719726144629867 0.03161397670549085 0.0975609756097561
0 0.6218801996672213 0.496790757381258 0.0324459234608985 0.09584937954642704
0 0.3165557404326123 0.5703893881044073 0.004575707154742097 0.012836970474967908
1 0.6896838602329451 0.6377834830979888 0.04617304492512479 0.08258451005562688
1 0.6196963394342762 0.5 0.04346921797004992 0.11424903722721438
