1 0.6028150633855331 0.3769963575231157 0.04903057419835943 0.08097506304286915
3 0.6329231916480239 0.42981227234519476 0.07867263236390754 0.09190249369571309
3 0.5971290082028337 0.3711123564023536 0.07158836689038031 0.0949845895208742
0 0.6137211036539896 0.36368730736901095 0.005592841163310962 0.010086859064163631
0 0.587434750186428 0.39170636032502104 0.010439970171513796 0.012328383300644438
0 0.6048657718120806 0.36676940319417206 0.0050335570469798654 0.008966096945923228
0 0.5977815063385533 0.40179321938918466 0.008389261744966443 0.015130288596245448
3 0.9138702460850112 0.4208461753992715 0.07009694258016405 0.07845334827682825
3 0.7018083519761372 0.48655085458111513 0.05499627143922446 0.04118800784533483
3 0.6698359433258763 0.46539646959932757 0.06487695749440715 0.05491734379377977
3 0.9161073825503355 0.45460913421126364 0.06450410141685309 0.04959372373213786
