3 0.453 0.7236900044033465 0.12666666666666668 0.1712901805372083
3 0.5878333333333333 0.4464993394980185 0.18766666666666668 0.22721268163804492
3 0.3343333333333333 0.7190664905328049 0.12 0.1567591369440775
3 0.404 0.49933949801849403 0.18533333333333332 0.30647291941875826
3 0.21766666666666667 0.7228093350946719 0.11133333333333334 0.1316600616468516
3 0.8386666666666667 0.5495376486129459 0.09733333333333333 0.2430647291941876
3 0.14566666666666667 0.5015411712901805 0.108 0.24394539850286218
3 0.7291666666666666 0.531924262439454 0.12566666666666668 0.24394539850286218
3 0.25183333333333335 0.5039630118890357 0.12366666666666666 0.2426243945398503
3 0.5821666666666667 0.7192866578599736 0.13633333333333333 0.17305151915455746
3 0.8025 0.7234698370761778 0.10566666666666667 0.12241303390576838
2 0.5876666666666667 0.5215763980625275 0.18333333333333332 0.07617789520035227
3 0.6948333333333333 0.7170849845882871 0.111 0.15279612505504184
