3 0.8261185006045949 0.6214191273688849 0.07400241837968562 0.21771705597179375
3 0.22817412333736398 0.620317320405465 0.10084643288996373 0.24636403702071397
3 0.3140266021765417 0.35808726311150285 0.10858524788391777 0.33979726751873074
3 0.7928657799274486 0.378580872631115 0.08440145102781137 0.3384750991626267
3 0.7742442563482467 0.6434552666372851 0.08101571946795647 0.2609078889378581
3 0.6096735187424426 0.6771705597179374 0.10253929866989117 0.27985896870868227
3 0.1626360338573156 0.3871749669457911 0.06553808948004837 0.25253415601586604
3 0.7002418379685611 0.6714411635081534 0.09262394195888754 0.2966064345526664
3 0.44171704957678354 0.36822388717496696 0.15937122128174122 0.35125605993829884
3 0.8461910519951632 0.4067871308946673 0.06287787182587666 0.2609078889378581
3 0.5062877871825877 0.6769501983252534 0.10810157194679565 0.2785368003525782
3 0.1743651753325272 0.5914499779638608 0.094316807738815 0.18951079770824153
3 0.7142684401451028 0.371749669457911 0.10229746070133011 0.31776112825033054
3 0.22285368802902056 0.3591890700749229 0.08440145102781137 0.32877919788453064
3 0.5962515114873035 0.373292199206699 0.15550181378476421 0.34640810929925075
1 0.19141475211608222 0.7199206698986338 0.026844014510278114 0.048038783605112385
3 0.3101571946795647 0.6588805641251653 0.0935912938331318 0.2776553547818422
3 0.40362756952841594 0.6734244160423094 0.10108827085852479 0.28118113706478626
