1 0.6239276960784313 0.44424019607843135 0.05667892156862745 0.06576797385620915
0 0.6246936274509803 0.4497549019607843 0.006127450980392157 0.007352941176470588
0 0.633578431372549 0.4511846405228758 0.009191176470588236 0.014297385620915032
0 0.632046568627451 0.42483660130718953 0.03308823529411765 0.021241830065359478
0 0.6063112745098039 0.43709150326797386 0.011029411764705883 0.011437908496732025
1 0.5611213235294118 0.4383169934640523 0.05238970588235294 0.07352941176470588
0 0.6939338235294118 0.45955882352941174 0.007352941176470588 0.006535947712418301
0 0.5513174019607843 0.4401552287581699 0.0027573529411764708 0.00857843137254902
0 0.5401348039215687 0.4097222222222222 0.006740196078431373 0.008986928104575163
0 0.5220588235294118 0.41830065359477125 0.028186274509803922 0.0392156862745098
0 0.5530024509803921 0.4223856209150327 0.00428921568627451 0.004084967320261438
0 0.5994178921568627 0.4201388888888889 0.0070465686274509805 0.01184640522875817
0 0.5738357843137255 0.43790849673202614 0.02696078431372549 0.059640522875817
0 0.5215992647058824 0.44505718954248363 0.0033700980392156864 0.004493464052287581
0 0.5393688725490197 0.44342320261437906 0.0070465686274509805 0.024918300653594773
0 0.5269607843137255 0.4415849673202614 0.006127450980392157 0.013888888888888888
0 0.6652879901960784 0.4644607843137255 0.003982843137254902 0.008986928104575163
0 0.5041360294117647 0.43852124183006536 0.004595588235294118 0.0053104575163398695
0 0.6852022058823529 0.4389297385620915 0.045649509803921566 0.04534313725490196
0 0.5569852941176471 0.4244281045751634 0.001838235294117647 0.0016339869281045752
1 0.5160845588235294 0.4221813725490196 0.04136029411764706 0.06331699346405228
0 0.4765625 0.3984885620915033 0.008884803921568627 0.012663398692810458
3 0.5609681372549019 0.43913398692810457 0.05330882352941176 0.07598039215686274
3 0.8056066176470589 0.44056372549019607 0.05422794117647059 0.05106209150326797
3 0.6239276960784313 0.4479166666666667 0.05667892156862745 0.07312091503267974
3 0.6858149509803921 0.44485294117647056 0.053002450980392156 0.06699346405228758
3 0.4806985294117647 0.4144199346405229 0.032475490196078434 0.0625
3 0.7533700980392157 0.4464869281045752 0.061887254901960786 0.06372549019607843
3 0.5153186274509803 0.42626633986928103 0.0428921568627451 0.07148692810457516
