3 0.4047067901234568 0.4714988425925926 0.03433641975308642 0.06510416666666667
3 0.4373070987654321 0.49855324074074076 0.034722222222222224 0.04918981481481482
3 0.44058641975308643 0.47193287037037035 0.04089506172839506 0.0642361111111111
3 0.5553626543209876 0.5143229166666666 0.027777777777777776 0.07378472222222222
0 0.4713541666666667 0.5001446759259259 0.036458333333333336 0.0708912037037037
0 0.5690586419753086 0.484375 0.010802469135802469 0.014467592592592593
0 0.5015432098765432 0.4839409722222222 0.006944444444444444 0.003761574074074074
3 0.5779320987654321 0.4832175925925926 0.03935185185185185 0.07696759259259259
3 0.5327932098765432 0.4871238425925926 0.055169753086419755 0.05758101851851852
0 0.4485918209876543 0.46513310185185186 0.0055941358024691355 0.01070601851851852
0 0.4375 0.4709201388888889 0.002700617283950617 0.007233796296296296
1 0.5708912037037037 0.47265625 0.02488425925925926 0.05063657407407408
1 0.4449266975308642 0.47641782407407407 0.019483024691358024 0.03443287037037037
3 0.5283564814814815 0.5329861111111112 0.032407407407407406 0.03935185185185185
3 0.49893904320987653 0.51171875 0.03375771604938271 0.07494212962962964
3 0.6153549382716049 0.48061342592592593 0.035493827160493825 0.06597222222222222
