3 0.16683333333333333 0.5578583765112263 0.09633333333333334 0.2374784110535406
3 0.41633333333333333 0.748272884283247 0.13733333333333334 0.19170984455958548
3 0.5918333333333333 0.5211571675302246 0.18366666666666667 0.30397236614853196
3 0.6603333333333333 0.7471934369602763 0.11733333333333333 0.17746113989637305
3 0.5423333333333333 0.7525906735751295 0.124 0.18825561312607944
3 0.19966666666666666 0.7484887737478411 0.10733333333333334 0.15155440414507773
3 0.30533333333333335 0.7465457685664939 0.11 0.17530224525043178
3 0.27316666666666667 0.5479274611398963 0.121 0.2374784110535406
3 0.7766666666666666 0.7504317789291882 0.11733333333333333 0.1614853195164076
3 0.8521666666666666 0.5127374784110535 0.10833333333333334 0.23963730569948186
3 0.7438333333333333 0.5222366148531952 0.123 0.2422279792746114
2 0.4146666666666667 0.5466321243523317 0.18 0.07340241796200346
3 0.4135 0.47085492227979275 0.18433333333333332 0.22150259067357514
