3 0.43795687134502925 0.3934372969460689 0.07913011695906433 0.13450292397660818
3 0.5867141812865497 0.40578297595841456 0.062317251461988306 0.11695906432748537
3 0.6432748538011696 0.4236517218973359 0.054093567251461985 0.10136452241715399
3 0.4880299707602339 0.6091617933723197 0.059027777777777776 0.12605588044184535
3 0.5158991228070176 0.399772579597141 0.07967836257309942 0.14067576348278102
3 0.3189875730994152 0.6143599740090968 0.06304824561403509 0.1552956465237167
3 0.28362573099415206 0.5906432748538012 0.04678362573099415 0.12930474333983105
3 0.4359466374269006 0.6007147498375569 0.05281432748538012 0.12735542560103963
3 0.38029970760233917 0.6039636127355426 0.059941520467836254 0.13385315139701104
3 0.5888157894736842 0.6526965562053282 0.06615497076023392 0.16049382716049382
3 0.6084612573099415 0.6012020792722547 0.06962719298245613 0.12053281351526965
3 0.3715277777777778 0.392949967511371 0.06505847953216375 0.09779077322936972
3 0.5435855263157895 0.6185834957764782 0.06377923976608187 0.14165042235217673
3 0.6439144736842105 0.6033138401559455 0.03307748538011696 0.11435997400909681
