3 0.22558714462299134 0.4805194805194805 0.13473423980222496 0.18552875695732837
3 0.669344870210136 0.16326530612244897 0.10506798516687268 0.17068645640074212
3 0.7373300370828183 0.2820037105751391 0.10754017305315204 0.18552875695732837
3 0.32447466007416564 0.19109461966604824 0.10259579728059333 0.17068645640074212
3 0.5605686032138443 0.11410018552875696 0.13226205191594562 0.1836734693877551
3 0.2626699629171817 0.3163265306122449 0.10754017305315204 0.18738404452690166
3 0.4295426452410383 0.12708719851576994 0.13226205191594562 0.19851576994434136
3 0.7793572311495673 0.437847866419295 0.13720642768850433 0.18923933209647495
3 0.8831891223733004 0.8283858998144712 0.15945611866501855 0.2504638218923933
3 0.17861557478368356 0.6771799628942486 0.17181705809641531 0.2820037105751391
3 0.8250927070457355 0.6354359925788498 0.16934487021013597 0.2764378478664193
