3 0.780946065428824 0.5526522593320236 0.0636604774535809 0.14891944990176817
3 0.5505083996463307 0.412180746561886 0.1169319186560566 0.27583497053045186
3 0.5984748010610079 0.6082514734774067 0.0674182139699381 0.20589390962671905
3 0.6478779840848806 0.4074656188605108 0.08532272325375774 0.24282907662082515
3 0.6666666666666666 0.6139489194499018 0.08178603006189213 0.24400785854616897
3 0.7220380194518126 0.4 0.07272325375773651 0.24204322200392928
3 0.26790450928381965 0.38664047151277015 0.07559681697612732 0.28762278978389
3 0.53315649867374 0.6322200392927309 0.0671971706454465 0.17603143418467584
3 0.46363837312113176 0.6216110019646366 0.07051282051282051 0.18860510805500982
3 0.7801724137931034 0.39037328094302554 0.05592396109637489 0.21414538310412573
3 0.8207338638373121 0.38349705304518666 0.041998231653404064 0.1831041257367387
3 0.4343501326259947 0.41041257367387035 0.11582670203359859 0.28408644400785854
3 0.22259062776304156 0.5457760314341846 0.042440318302387266 0.124950884086444
3 0.3957780725022104 0.6153241650294695 0.06830238726790451 0.18703339882121808
3 0.21905393457117595 0.38212180746561886 0.038903625110521665 0.21728880157170924
3 0.1867816091954023 0.3807465618860511 0.03359858532272325 0.17603143418467584
3 0.3267020335985853 0.6180746561886051 0.07869142351900972 0.2168958742632613
3 0.7366268788682582 0.5864440078585462 0.07581786030061892 0.20550098231827113
3 0.2646993810786914 0.5921414538310412 0.0665340406719717 0.1799607072691552
3 0.34029619805481875 0.4113948919449902 0.08289124668435013 0.2648330058939096
