0 0.5701559020044543 0.386615515771526 0.00989853996535511 0.043478260869565216
0 0.5732491957436278 0.4162404092071611 0.004206879485275922 0.004688832054560955
0 0.5730017322444939 0.43414322250639387 0.009651076466221232 0.029411764705882353
0 0.44023756495916855 0.4884910485933504 0.007423904974016332 0.0076726342710997444
3 0.5679287305122495 0.3895993179880648 0.03316010888393962 0.14407502131287298
3 0.47599604058401385 0.37830349531116797 0.0334075723830735 0.13341858482523444
3 0.5075476367235833 0.4004688832054561 0.03414996288047513 0.15217391304347827
0 0.4125216530561742 0.460997442455243 0.006434050977480821 0.013213981244671782
3 0.41895570403365506 0.40601023017902815 0.033655035882207376 0.15728900255754474
0 0.471665429349171 0.396845694799659 0.011383320960158377 0.017902813299232736
3 0.44766146993318484 0.4089940323955669 0.03464488987874288 0.18030690537084398
3 0.5373669883692156 0.404305200341006 0.03390249938134125 0.14194373401534527
0 0.5310566691413017 0.39471440750213127 0.02177678792378124 0.08610400682011936
