0 0.3376736111111111 0.46096938775510204 0.006696428571428571 0.013775510204081633
1 0.3046875 0.47908163265306125 0.03050595238095238 0.08163265306122448
0 0.3195684523809524 0.47372448979591836 0.003224206349206349 0.009693877551020408
0 0.4053819444444444 0.44081632653061226 0.036458333333333336 0.03571428571428571
3 0.4470486111111111 0.47831632653061223 0.04141865079365079 0.08214285714285714
3 0.47160218253968256 0.4308673469387755 0.05580357142857143 0.07295918367346939
1 0.5884176587301587 0.44005102040816324 0.03844246031746032 0.0913265306122449
3 0.49776785714285715 0.47551020408163264 0.04563492063492063 0.09591836734693877
3 0.5323660714285714 0.4377551020408163 0.047867063492063495 0.06224489795918367
3 0.29836309523809523 0.47831632653061223 0.04365079365079365 0.10153061224489796
3 0.3959573412698413 0.49081632653061225 0.044890873015873016 0.0826530612244898
3 0.5848214285714286 0.4405612244897959 0.050595238095238096 0.10459183673469388
3 0.5414186507936508 0.48316326530612247 0.04513888888888889 0.08673469387755102
3 0.34660218253968256 0.45943877551020407 0.04290674603174603 0.058673469387755105
