1 0.16960470085470086 0.5146901709401709 0.045940170940170943 0.04700854700854701
3 0.6225961538461539 0.452991452991453 0.07318376068376069 0.05555555555555555
3 0.4256143162393162 0.49399038461538464 0.11351495726495726 0.11992521367521368
3 0.2247596153846154 0.5194978632478633 0.07291666666666667 0.08226495726495726
3 0.47676282051282054 0.5564903846153846 0.07959401709401709 0.07879273504273504
3 0.31330128205128205 0.5194978632478633 0.11324786324786325 0.10737179487179487
3 0.17080662393162394 0.5120192307692307 0.047809829059829057 0.05555555555555555
3 0.5467414529914529 0.5391292735042735 0.08012820512820513 0.06757478632478632
3 0.33827457264957267 0.5898771367521367 0.07932692307692307 0.062232905982905984
3 0.4025106837606838 0.5745192307692307 0.07371794871794872 0.07585470085470085
1 0.6283386752136753 0.45232371794871795 0.06116452991452991 0.05422008547008547
3 0.5343215811965812 0.4707532051282051 0.10176282051282051 0.08733974358974358
