0 0.5145 0.10269865067466268 0.003 0.010494752623688156
0 0.5255 0.37256371814092953 0.021 0.013493253373313344
3 0.517 0.4707646176911544 0.144 0.12593703148425786
1 0.522 0.46551724137931033 0.13 0.11244377811094453
3 0.498 0.56071964017991 0.132 0.13793103448275862
3 0.5315 0.3118440779610195 0.145 0.19490254872563717
3 0.5275 0.13043478260869565 0.119 0.18590704647676162
0 0.536 0.25412293853073464 0.006 0.022488755622188907
0 0.518 0.12818590704647675 0.016 0.0074962518740629685
1 0.5635 0.2766116941529235 0.063 0.10044977511244378
