3 0.513797514619883 0.7510964912280702 0.0626827485380117 0.08168859649122807
3 0.31871345029239767 0.6620065789473685 0.07858187134502924 0.13925438596491227
3 0.2067799707602339 0.3880208333333333 0.1390716374269006 0.19599780701754385
1 0.2122624269005848 0.39418859649122806 0.10800438596491228 0.18201754385964913
3 0.44864766081871343 0.7439692982456141 0.07054093567251463 0.09155701754385964
3 0.3790204678362573 0.7172423245614035 0.07054093567251463 0.11321271929824561
3 0.2322733918128655 0.5138432017543859 0.09722222222222222 0.11266447368421052
3 0.6350511695906432 0.6724232456140351 0.0807748538011696 0.14967105263157895
0 0.2362938596491228 0.44819078947368424 0.01644736842105263 0.01425438596491228
3 0.2680921052631579 0.5996436403508771 0.08260233918128655 0.12801535087719298
0 0.1876827485380117 0.4643640350877193 0.025950292397660817 0.020833333333333332
3 0.18119517543859648 0.20847039473684212 0.12408625730994152 0.19051535087719298
3 0.5807748538011696 0.7282072368421053 0.06907894736842106 0.10882675438596491
