1 0.7432484567901234 0.6413483796296297 0.06327160493827161 0.0685763888888889
0 0.8070987654320988 0.5244502314814815 0.005401234567901234 0.006655092592592593
0 0.7241512345679012 0.6140046296296297 0.0019290123456790122 0.003472222222222222
0 0.7399691358024691 0.5203993055555556 0.0030864197530864196 0.005497685185185185
3 0.23707561728395063 0.7301793981481481 0.1076388888888889 0.14612268518518517
0 0.7044753086419753 0.7157118055555556 0.025848765432098766 0.026331018518518517
3 0.7591628086419753 0.5687210648148148 0.14872685185185186 0.22366898148148148
0 0.7297453703703703 0.5436921296296297 0.002700617283950617 0.004629629629629629
0 0.753954475308642 0.5285011574074074 0.001736111111111111 0.0026041666666666665
0 0.7587770061728395 0.5088252314814815 0.0036651234567901233 0.0078125
0 0.8029513888888888 0.6080729166666666 0.0028935185185185184 0.004918981481481482
3 0.7219328703703703 0.7316261574074074 0.11979166666666667 0.14612268518518517
3 0.19598765432098766 0.5964988425925926 0.1419753086419753 0.23234953703703703
