0 0.17614285714285716 0.3578643578643579 0.03628571428571428 0.027705627705627706
3 0.17814285714285713 0.702020202020202 0.1677142857142857 0.13535353535353536
0 0.929 0.5443001443001443 0.14085714285714285 0.12871572871572873
3 0.17385714285714285 0.6108225108225108 0.16085714285714287 0.1163059163059163
3 0.9311428571428572 0.411976911976912 0.13714285714285715 0.1468975468975469
1 0.9168571428571428 0.5575757575757576 0.1657142857142857 0.18643578643578643
3 0.169 0.47994227994227995 0.1762857142857143 0.15064935064935064
0 0.173 0.44747474747474747 0.019714285714285715 0.010101010101010102
3 0.8952857142857142 0.6772005772005772 0.18771428571428572 0.1670995670995671
1 0.1392857142857143 0.4458874458874459 0.09742857142857143 0.05598845598845599
3 0.9071428571428571 0.5552669552669552 0.18514285714285714 0.18643578643578643
1 0.1657142857142857 0.33780663780663783 0.08514285714285715 0.07301587301587302
3 0.17585714285714285 0.3695526695526696 0.13057142857142856 0.13997113997113997
3 0.8614285714285714 0.7724386724386725 0.18857142857142858 0.15613275613275612
0 0.147 0.43304473304473307 0.018 0.019336219336219335
