3 0.20443425076452598 0.6273031825795645 0.08287461773700305 0.2629815745393635
3 0.4001529051987768 0.3646007816862088 0.1654434250764526 0.3807928531546622
3 0.6931192660550459 0.34226689000558347 0.10795107033639144 0.3249581239530988
3 0.19311926605504587 0.3322166387493021 0.081651376146789 0.31825795644891125
3 0.1418960244648318 0.32663316582914576 0.06972477064220184 0.2847571189279732
3 0.5626911314984709 0.3576214405360134 0.1596330275229358 0.3936348408710218
3 0.6496941896024465 0.6658291457286433 0.09938837920489296 0.29201563372417644
3 0.45504587155963305 0.6694584031267449 0.09785932721712538 0.271356783919598
3 0.7397553516819572 0.6756002233389168 0.08623853211009175 0.29704075935231716
3 0.2738532110091743 0.33361250697934114 0.10489296636085627 0.310999441652708
3 0.8224770642201835 0.6683417085427136 0.0889908256880734 0.2869905080960357
3 0.5564220183486238 0.6817420435510888 0.10489296636085627 0.28029034059184815
3 0.27492354740061165 0.6420993858179788 0.0782874617737003 0.2825237297599107
3 0.3596330275229358 0.6848129536571748 0.10581039755351682 0.30876605248464545
3 0.8475535168195719 0.34701284198771637 0.07737003058103975 0.30206588498045783
3 0.7857798165137615 0.3525963149078727 0.08776758409785933 0.3132328308207705
