0 0.5551085329341318 0.477112676056338 0.009917664670658683 0.009282970550576185
0 0.5593188622754491 0.5004801536491678 0.0029940119760479044 0.004161331626120359
0 0.6703779940119761 0.49039692701664533 0.01029191616766467 0.01856594110115237
0 0.6811377245508982 0.5121638924455826 0.019461077844311378 0.03649167733674776
0 0.6740269461077845 0.4643085787451985 0.002619760479041916 0.0035211267605633804
0 0.7430763473053892 0.5257682458386683 0.06287425149700598 0.09186939820742637
3 0.30492140718562877 0.5600192061459667 0.08364520958083832 0.15973111395646608
1 0.6528817365269461 0.5110435339308579 0.0812125748502994 0.10147247119078105
3 0.7388660179640718 0.5531370038412292 0.08626497005988024 0.15620998719590268
3 0.3060441616766467 0.5260883482714469 0.07690868263473054 0.09314980793854033
3 0.6663547904191617 0.634122919334187 0.09431137724550898 0.07746478873239436
3 0.5813997005988024 0.6320422535211268 0.0782185628742515 0.07394366197183098
3 0.6525074850299402 0.5321702944942381 0.0875748502994012 0.15140845070422534
1 0.3061377245508982 0.5267285531370038 0.07672155688622755 0.09314980793854033
3 0.3999812874251497 0.6576504481434059 0.0967440119760479 0.056658130601792575
3 0.5043974550898204 0.6450064020486556 0.09187874251497007 0.08194622279129321
3 0.5535179640718563 0.5324903969270166 0.11601796407185629 0.17381562099871958
0 0.3534805389221557 0.5537772087067862 0.007859281437125748 0.03137003841229193
3 0.39361901197604793 0.5494558258642765 0.10460329341317365 0.1879001280409731
0 0.41513847305389223 0.5414532650448144 0.024887724550898202 0.05089628681177977
1 0.5516467065868264 0.5089628681177977 0.09244011976047904 0.1235595390524968
0 0.37340943113772457 0.5006402048655569 0.009543413173652695 0.016005121638924456
0 0.3943675149700599 0.5001600512163893 0.007672155688622754 0.008002560819462228
1 0.3970808383233533 0.5380921895006402 0.09880239520958084 0.16069142125480154
