2 0.5276357199055861 0.43104366347177847 0.08949645948072384 0.03194888178913738
3 0.6086742722265932 0.4289137380191693 0.07297403619197482 0.13791267305644303
3 0.5178992918961448 0.5420660276890309 0.06884343036978757 0.11714589989350373
3 0.45269472856018883 0.5463258785942492 0.06589299763965381 0.11661341853035144
3 0.27557041699449253 0.4056176783812567 0.07317073170731707 0.1514909478168264
3 0.5797600314712824 0.5398029818956337 0.06038552321007081 0.10782747603833866
3 0.3239575137686861 0.5483226837060703 0.06923682140047208 0.11261980830670927
3 0.6429976396538158 0.5408679446219382 0.06805664830841857 0.09717784877529287
3 0.4322383949645948 0.4182641107561235 0.09933123524783635 0.16932907348242812
3 0.3475609756097561 0.4170660276890309 0.07120377655389457 0.14030883919062834
3 0.6794846577498033 0.4255857294994675 0.07140047206923682 0.15042598509052182
3 0.39152242328874903 0.5461927582534611 0.06471282454760031 0.11528221512247071
3 0.5286191974822974 0.3899094781682641 0.09815106215578284 0.11954206602768903
