3 0.6368873742291464 0.6955829685634699 0.1088932164881532 0.32073219259848784
3 0.5537163258682246 0.42737763629128533 0.10451152223304122 0.32391563867886985
3 0.3857513794222655 0.738758456028651 0.08049334631613113 0.26860326303223236
3 0.6631775397598182 0.4132510943095901 0.11668289516390783 0.3426183844011142
3 0.5391918208373905 0.7069239952248308 0.09331385913664395 0.29884600079586154
3 0.8461538461538461 0.4355352168722642 0.07432651736449204 0.2510943095901313
3 0.4582116196040247 0.7292081177875049 0.08747160012982798 0.28133704735376047
3 0.25770853618954886 0.41882212495025867 0.05128205128205128 0.3434142459212097
3 0.7383154819863681 0.6931953840031835 0.09396299902629017 0.26263430163151613
3 0.3313859136643947 0.4349383207321926 0.10710808179162609 0.35575009948269
3 0.32319052255761116 0.7335853561480302 0.06994482310938008 0.2502984480700358
3 0.4394677052904901 0.434341424592121 0.12625770853618956 0.34500596896140073
3 0.7628205128205128 0.440708316752885 0.09558584875040571 0.2892956625547155
