3 0.8135 0.66575 0.159 0.1045
1 0.3355 0.55225 0.057666666666666665 0.0805
0 0.8851666666666667 0.62275 0.006333333333333333 0.0065
3 0.39966666666666667 0.46375 0.08866666666666667 0.1475
0 0.807 0.63 0.004 0.004
3 0.363 0.58225 0.114 0.1425
1 0.4063333333333333 0.4805 0.07466666666666667 0.113
3 0.821 0.32325 0.10133333333333333 0.0735
3 0.8391666666666666 0.401 0.10766666666666666 0.11
3 0.8423333333333334 0.586 0.118 0.099
0 0.8293333333333334 0.5585 0.014666666666666666 0.022
3 0.6713333333333333 0.284 0.12866666666666668 0.116
3 0.7711666666666667 0.28575 0.11166666666666666 0.1095
3 0.5813333333333334 0.309 0.10933333333333334 0.133
3 0.49316666666666664 0.37875 0.121 0.1745
0 0.8093333333333333 0.59075 0.007333333333333333 0.0105
3 0.8475 0.4975 0.11566666666666667 0.098
