3 0.25172549792940246 0.2725524992605738 0.1204890554131335 0.18189884649511978
3 0.6388286334056399 0.13664596273291926 0.10155787813054624 0.1354628808044957
3 0.3924275290869651 0.13797692990239574 0.09741668309998028 0.1440402247855664
3 0.21494774206270953 0.4096421177166519 0.13133504239794913 0.18101153504880213
0 0.7896864523762571 0.8809523809523809 0.0021691973969631237 0.00916888494528246
0 0.03973575231709722 0.8067139899438036 0.004141195030565963 0.009760425909494233
3 0.795799645040426 0.46805678793256433 0.1315322421613094 0.1919550428867199
3 0.55551173338592 0.11357586512866016 0.08834549398540721 0.1360544217687075
3 0.7723328732005521 0.3219461697722567 0.12640504831394203 0.19018041999408458
3 0.863833563399724 0.865128660159716 0.16426740287911654 0.23129251700680273
3 0.4727864326562808 0.10455486542443064 0.08933149280220863 0.14344868382135462
3 0.8248866101360678 0.650399290150843 0.1672253993295208 0.26796805678793256
3 0.713863143364228 0.19920141969831412 0.11279826464208242 0.160603371783496
3 0.1681127982646421 0.5936113575865128 0.17136659436008678 0.2638272700384502
3 0.11122066653520016 0.8181011535048802 0.1636758035890357 0.26146110618160306
3 0.3203510155787813 0.16592724046140195 0.10392427529086964 0.16149068322981366
