3 0.4992793658419409 0.40216216216216216 0.06846024501561374 0.17513513513513512
3 0.44931539754984384 0.4165765765765766 0.07950996877251981 0.18594594594594593
3 0.6668268075906798 0.41333333333333333 0.04660100888782128 0.14486486486486486
1 0.5479221715109296 0.39441441441441444 0.04419889502762431 0.09045045045045046
0 0.6501321162623108 0.4117117117117117 0.002161902474177276 0.003243243243243243
3 0.4049963968292097 0.3681081081081081 0.07062214748979101 0.12432432432432433
1 0.5750660581311554 0.40468468468468466 0.03266874849867884 0.05261261261261261
3 0.5449195291856834 0.41621621621621624 0.05116502522219553 0.1354954954954955
3 0.5760269036752342 0.44126126126126125 0.042757626711506125 0.12864864864864864
3 0.6179437905356714 0.42144144144144147 0.05500840739851069 0.16036036036036036
1 0.617463367763632 0.4010810810810811 0.05212587076627432 0.08288288288288288
