3 0.3740625 0.35417708854427216 0.0575 0.1040520260130065
3 0.5565625 0.16033016508254128 0.0425 0.05652826413206603
3 0.4546875 0.15432716358179088 0.053125 0.07553776888444222
3 0.60921875 0.36143071535767884 0.0615625 0.10355177588794397
3 0.41734375 0.32216108054027015 0.0534375 0.07003501750875438
3 0.59375 0.2586293146573287 0.053125 0.06303151575787894
3 0.3865625 0.28489244622311155 0.055 0.08354177088544272
3 0.38828125 0.22936468234117058 0.0471875 0.0735367683841921
3 0.41140625 0.18209104552276137 0.0440625 0.0560280140070035
3 0.58765625 0.1950975487743872 0.0509375 0.07703851925962982
0 0.61890625 0.39469734867433715 0.0028125 0.0030015007503751876
0 0.61546875 0.39344672336168085 0.0021875 0.0025012506253126563
3 0.50734375 0.14507253626813407 0.0559375 0.06803401700850426
3 0.5846875 0.31615807903951976 0.055 0.06303151575787894
0 0.42453125 0.331415707853927 0.0165625 0.04552276138069034
