1 0.5024765380604796 0.34304361668258515 0.12904066736183525 0.08755173511620502
3 0.10792492179353493 0.45208532314549504 0.18091762252346194 0.2871696911811525
3 0.6565432742440042 0.47325692454632284 0.20724713242961418 0.24482648837949697
3 0.264859228362878 0.4348933460681312 0.16996871741397288 0.24387137854186564
3 0.34058915537017725 0.6310092327284305 0.14363920750782064 0.27761859280483925
3 0.19629822732012514 0.6356255969436485 0.1465067778936392 0.24418974848774275
3 0.4470802919708029 0.6318051575931232 0.13086548488008343 0.2696593441579115
0 0.9180135557872784 0.3624641833810888 0.02267987486965589 0.03597580388411334
3 0.4781021897810219 0.4243871378541866 0.18091762252346194 0.25342247691817893
1 0.6410323253388946 0.43823623049984084 0.16527632950990614 0.1728748806112703
1 0.4717153284671533 0.708691499522445 0.07586027111574557 0.11588666029926775
0 0.5683003128258602 0.542502387774594 0.013034410844629822 0.026106335561922954
3 0.8508863399374348 0.40862782553326965 0.1616266944734098 0.14103788602355938
