3 0.33783783783783783 0.788659793814433 0.22007722007722008 0.38144329896907214
1 0.3185328185328185 0.36597938144329895 0.15057915057915058 0.15463917525773196
3 0.8416988416988417 0.4072164948453608 0.3088803088803089 0.29896907216494845
3 0.13513513513513514 0.7061855670103093 0.18532818532818532 0.36082474226804123
3 0.8957528957528957 0.7268041237113402 0.20077220077220076 0.32989690721649484
3 0.38223938223938225 0.4072164948453608 0.33204633204633205 0.31958762886597936
3 0.6158301158301158 0.7371134020618557 0.28185328185328185 0.27835051546391754
0 0.888030888030888 0.3634020618556701 0.1776061776061776 0.18041237113402062
0 0.30694980694980695 0.31443298969072164 0.06563706563706563 0.041237113402061855
1 0.888030888030888 0.3634020618556701 0.1776061776061776 0.18041237113402062
