3 0.46740407204385276 0.5314520870076426 0.0812451057165231 0.09112286890064668
3 0.3899765074393109 0.5170487948265726 0.07713390759592796 0.1164021164021164
3 0.5487470634299139 0.5277777777777778 0.0822239624119029 0.09670781893004116
3 0.3154855129209084 0.4009406231628454 0.09925606891151136 0.1522633744855967
3 0.7012529365700861 0.5251322751322751 0.07674236491777604 0.1078777189888301
3 0.4292286609240407 0.41181657848324515 0.12392325763508222 0.16225749559082892
3 0.5560884886452623 0.4069664902998236 0.12392325763508222 0.15784832451499117
3 0.6263703993735317 0.5194003527336861 0.07850430696945968 0.11934156378600823
1 0.706538762725137 0.45252792475014697 0.023101018010963197 0.04614932392710171
3 0.7435395458104933 0.3972663139329806 0.06812842599843383 0.1813639035861258
0 0.4003523884103367 0.486331569664903 0.0074393108848864525 0.006172839506172839
0 0.40974941268598275 0.48059964726631393 0.009397024275646046 0.005291005291005291
0 0.42374706342991386 0.4588477366255144 0.004502740798747063 0.005291005291005291
1 0.4360806577916993 0.5130805408583187 0.020164447924823806 0.05202821869488536
3 0.3149960845732185 0.5268959435626103 0.0740015661707126 0.1078777189888301
3 0.6700274079874706 0.4007936507936508 0.10434612372748629 0.16490299823633156
