3 0.4484375 0.7286458333333333 0.07777777777777778 0.17239583333333333
3 0.3919270833333333 0.5100260416666667 0.07899305555555555 0.20026041666666666
3 0.6209201388888889 0.516015625 0.05295138888888889 0.18723958333333332
3 0.5599826388888889 0.498828125 0.0984375 0.20546875
1 0.5073784722222222 0.5044270833333333 0.010590277777777778 0.06458333333333334
3 0.6224826388888889 0.7578125 0.07760416666666667 0.11302083333333333
1 0.5201388888888889 0.4765625 0.018055555555555554 0.10729166666666666
3 0.3145833333333333 0.5399739583333333 0.08541666666666667 0.18567708333333333
3 0.45902777777777776 0.49309895833333334 0.11041666666666666 0.19348958333333333
3 0.5585069444444445 0.7348958333333333 0.07743055555555556 0.16041666666666668
3 0.39383680555555556 0.76640625 0.07795138888888889 0.09427083333333333
3 0.6811631944444444 0.5537760416666667 0.07621527777777778 0.15963541666666667
