3 0.35952088452088454 0.5395719263315082 0.06474201474201474 0.22797411647585863
3 0.7139434889434889 0.3280238924838228 0.07309582309582309 0.21005475360876058
3 0.45245700245700243 0.36162269785963164 0.10491400491400492 0.21602787456445993
3 0.5562653562653562 0.35067197610751616 0.10417690417690417 0.2264808362369338
3 0.5587837837837838 0.5542558486809358 0.06744471744471744 0.1906421105027377
3 0.6428132678132679 0.35726729716276756 0.06941031941031942 0.12966650074664013
3 0.36683046683046683 0.36996017919362867 0.07371007371007371 0.16500746640119462
3 0.49238329238329237 0.5395719263315082 0.06732186732186732 0.1991040318566451
3 0.30227272727272725 0.3822797411647586 0.07309582309582309 0.21304131408661026
3 0.42622850122850126 0.5358387257341961 0.06818181818181818 0.20009955201592833
3 0.6298525798525798 0.5235191637630662 0.07346437346437347 0.22921851667496268
0 0.6688574938574938 0.4731209556993529 0.005036855036855037 0.008959681433549029
0 0.6746928746928746 0.49066699850671974 0.0017199017199017199 0.009706321553011448
0 0.6767813267813267 0.5044798407167745 0.002457002457002457 0.0029865604778496766
0 0.6872850122850123 0.5115729218516675 0.003316953316953317 0.003235440517670483
0 0.7291769041769042 0.47063215530114483 0.0018427518427518428 0.018914883026381283
3 0.6982186732186733 0.5133150821304131 0.06744471744471744 0.2625684420109507
