1 0.4601063829787234 0.446375 0.057180851063829786 0.06675
0 0.3696808510638298 0.648375 0.0016622340425531915 0.00425
0 0.4441489361702128 0.430875 0.01928191489361702 0.02325
3 0.3425864361702128 0.608125 0.05585106382978723 0.08825
1 0.32288896276595747 0.636375 0.016123670212765957 0.03125
0 0.32064494680851063 0.64 0.008976063829787235 0.0175
3 0.6697140957446809 0.556875 0.0581781914893617 0.06275
1 0.6904089095744681 0.57075 0.017121010638297872 0.033
0 0.6913231382978723 0.57125 0.014960106382978724 0.03
1 0.3956948138297872 0.45675 0.051363031914893616 0.056
1 0.6550864361702128 0.401625 0.05086436170212766 0.02975
0 0.3863031914893617 0.441 0.030252659574468085 0.023
3 0.653091755319149 0.42 0.0625 0.066
1 0.3771609042553192 0.63325 0.0511968085106383 0.044
1 0.5300864361702128 0.43525 0.0581781914893617 0.069
0 0.597157579787234 0.393625 0.020777925531914893 0.01025
3 0.39544547872340424 0.46125 0.05352393617021277 0.0665
3 0.46002327127659576 0.452875 0.057679521276595744 0.08025
3 0.3761635638297872 0.610375 0.052526595744680854 0.08975
3 0.6334773936170213 0.564 0.06083776595744681 0.086
3 0.5301695478723404 0.442875 0.05834441489361702 0.08575
3 0.42353723404255317 0.604375 0.0495345744680851 0.07625
3 0.4714095744680851 0.602625 0.05053191489361702 0.08275
3 0.5760472074468085 0.581 0.053690159574468085 0.08
3 0.3405917553191489 0.481125 0.059175531914893616 0.06325
0 0.4069980053191489 0.629625 0.0031582446808510636 0.00275
0 0.4146442819148936 0.637875 0.006815159574468085 0.00875
3 0.5965757978723404 0.417875 0.049867021276595744 0.06175
1 0.41023936170212766 0.629 0.016622340425531915 0.027
0 0.38605385638297873 0.63275 0.024102393617021278 0.0305
