3 0.7609957776213934 0.26744186046511625 0.1416256157635468 0.28964059196617337
3 0.9671885995777622 0.2840909090909091 0.06527093596059114 0.24682875264270612
3 0.2485045742434905 0.7489429175475687 0.1377551020408163 0.30021141649048627
3 0.04644616467276566 0.3183139534883721 0.08691062631949331 0.23493657505285412
3 0.40103800140745954 0.7435253699788583 0.1778676988036594 0.32320295983086683
3 0.24788881069669247 0.2863372093023256 0.13757916959887403 0.2714059196617336
3 0.8796622097114708 0.747093023255814 0.11505981703026039 0.27906976744186046
3 0.6049437016185785 0.739561310782241 0.1775158339197748 0.32848837209302323
3 0.5959711470795215 0.2830338266384778 0.1958128078817734 0.33509513742071884
3 0.8818613652357494 0.27457716701902746 0.11206896551724138 0.2690274841437632
3 0.4073715693173821 0.28118393234672306 0.18420126671358197 0.3324524312896406
3 0.13150950035186487 0.28488372093023256 0.10960591133004927 0.28276955602536996
3 0.7617874736101337 0.7392970401691332 0.13793103448275862 0.2724630021141649
3 0.13203729767769176 0.739561310782241 0.1085503166783955 0.26929175475687106
3 0.04037649542575651 0.732293868921776 0.08075299085151302 0.24207188160676532
3 0.9619985925404645 0.7225158562367865 0.07565095003518649 0.22727272727272727
