3 0.5814236111111111 0.447265625 0.06875 0.14713541666666666
3 0.3338541666666667 0.55 0.096875 0.16145833333333334
3 0.2677951388888889 0.583984375 0.0578125 0.12526041666666668
3 0.39461805555555557 0.6247395833333333 0.06145833333333333 0.09947916666666666
3 0.45416666666666666 0.5701822916666667 0.059722222222222225 0.13411458333333334
3 0.22925347222222223 0.589453125 0.0515625 0.12421875
3 0.7334201388888889 0.4078125 0.0484375 0.10989583333333333
3 0.6814236111111112 0.49778645833333335 0.058333333333333334 0.07786458333333333
1 0.39305555555555555 0.518359375 0.023958333333333335 0.06484375
3 0.4176215277777778 0.49440104166666665 0.1015625 0.18932291666666667
3 0.5858506944444445 0.5451822916666667 0.07378472222222222 0.10755208333333334
3 0.63671875 0.5266927083333334 0.04913194444444444 0.09192708333333334
3 0.5139756944444445 0.5471354166666667 0.07239583333333334 0.09635416666666667
3 0.640625 0.445703125 0.05381944444444445 0.12421875
3 0.5067708333333333 0.46197916666666666 0.08611111111111111 0.13333333333333333
3 0.6901041666666666 0.41549479166666664 0.04756944444444444 0.10494791666666667
