3 0.601 0.340375 0.07333333333333333 0.10425
3 0.547 0.317 0.056666666666666664 0.086
0 0.8163333333333334 0.395625 0.007666666666666666 0.00675
0 0.8083333333333333 0.392625 0.005666666666666667 0.00375
0 0.8184166666666667 0.42875 0.016166666666666666 0.006
0 0.82175 0.4275 0.004833333333333334 0.003
0 0.8088333333333333 0.428 0.0036666666666666666 0.0025
3 0.8305 0.404 0.07066666666666667 0.057
3 0.7293333333333333 0.364625 0.050333333333333334 0.06475
3 0.66 0.364125 0.064 0.09575
3 0.5155 0.30875 0.029 0.076
