1 0.6310031258880364 0.4319829424307036 0.08155726058539357 0.06311300639658848
3 0.6767547598749645 0.47782515991471214 0.06564364876385337 0.056716417910447764
1 0.5235862460926399 0.42196162046908314 0.08496732026143791 0.06865671641791045
3 0.5618073316283035 0.49168443496801706 0.06081273088945723 0.06311300639658848
3 0.6298664393293549 0.4255863539445629 0.08553566354077863 0.0767590618336887
3 0.6194941744813868 0.4812366737739872 0.05399261153736857 0.053304904051172705
3 0.5227337311736289 0.4187633262260128 0.08837737993748224 0.10319829424307037
3 0.7155441886899687 0.40980810234541576 0.06876953680022733 0.079317697228145
0 0.7026143790849673 0.42260127931769725 0.005399261153736857 0.00511727078891258
3 0.736999147485081 0.46439232409381664 0.05939187269110543 0.06908315565031983
