0 0.795774647887324 0.47752808988764045 0.056338028169014086 0.07865168539325842
3 0.704225352112676 0.5870786516853933 0.24647887323943662 0.47752808988764045
3 0.45774647887323944 0.5421348314606742 0.2887323943661972 0.5898876404494382
0 0.5704225352112676 0.3904494382022472 0.035211267605633804 0.06179775280898876
3 0.9014084507042254 0.5758426966292135 0.19014084507042253 0.398876404494382
3 0.2007042253521127 0.42696629213483145 0.28169014084507044 0.47191011235955055
0 0.8644366197183099 0.48314606741573035 0.08098591549295775 0.07865168539325842
0 0.39436619718309857 0.3960674157303371 0.056338028169014086 0.05056179775280899
2 0.4753521126760563 0.39325842696629215 0.22535211267605634 0.0898876404494382
2 0.7306338028169014 0.46629213483146065 0.1936619718309859 0.12359550561797752
