3 0.7244553759662684 0.452361673414305 0.07294448348559382 0.17165991902834007
3 0.5591004919184821 0.4064777327935223 0.08376669009135629 0.2067476383265857
3 0.5138439915671117 0.5716599190283401 0.06240337315530569 0.10040485829959514
3 0.3883345045678145 0.4172739541160594 0.07449051300070274 0.20512820512820512
3 0.78756148981026 0.4584345479082321 0.06788475052705552 0.1573549257759784
3 0.6472241742796908 0.4291497975708502 0.09332396345748419 0.19379217273954116
3 0.45931131412508786 0.5684210526315789 0.05284609978917779 0.10148448043184885
3 0.5765284609978918 0.5696356275303643 0.0708362614195362 0.10229419703103913
3 0.6534082923401265 0.5695006747638327 0.08264230498945889 0.09554655870445344
3 0.4690794096978215 0.4125506072874494 0.09964862965565706 0.21025641025641026
