3 0.799396681749623 0.3921324314702741 0.04415192650486768 0.2844428622285511
3 0.7413273001508296 0.6852972588109647 0.07527766351295763 0.39444642221431114
3 0.26957356369121077 0.6796012815948737 0.08501302618949677 0.392310430758277
3 0.7006718771424654 0.3609825560697757 0.0784313725490196 0.35030259878960485
3 0.48628822158233925 0.31488074047703807 0.0747291923762512 0.2844428622285511
3 0.3525298231180584 0.6739053043787825 0.0836418483477307 0.4172303310786757
3 0.7615521733168792 0.3999644001423994 0.04936240230357877 0.30295478818084726
3 0.40991361579596874 0.3257386970452118 0.07856849033319621 0.33392666429334283
3 0.7941176470588235 0.6854752580989676 0.05498423145481969 0.31505873976504095
3 0.45440833676127795 0.6400854396582414 0.11956670780200192 0.4079743681025276
3 0.204648292883587 0.34923460306158777 0.05251611133964075 0.3495906016375934
3 0.2082819141642671 0.672125311498754 0.07322089675030852 0.35742257030971875
3 0.6271081859317154 0.33855464578141686 0.07418072123954476 0.3168387326450694
3 0.5575894693541752 0.31630473478106086 0.07034142328259975 0.2580989676041296
3 0.6666666666666666 0.6707013171947313 0.08227067050596462 0.37522249911000355
3 0.25531331413684355 0.37095051619793523 0.06883312765665707 0.3275186899252403
3 0.32867132867132864 0.3469206123175507 0.09022350198820787 0.36489854040583836
3 0.15734265734265734 0.7109291562833748 0.05279034690799397 0.36810252758988965
3 0.5723296311531606 0.6448914204343182 0.11792129439188263 0.41046635813456744
