3 0.5664166666666667 0.646125 0.10416666666666667 0.17275
3 0.56775 0.369875 0.1735 0.27225
3 0.75525 0.617625 0.0755 0.14975
3 0.36641666666666667 0.63075 0.1005 0.1925
3 0.8220833333333334 0.412125 0.11216666666666666 0.22475
3 0.2805 0.607125 0.08066666666666666 0.17225
3 0.40225 0.34975 0.16683333333333333 0.2775
3 0.66825 0.63725 0.1035 0.163
3 0.4646666666666667 0.6505 0.10466666666666667 0.167
3 0.7125833333333333 0.395 0.12183333333333334 0.2235
3 0.1775 0.374625 0.114 0.23825
3 0.27158333333333334 0.35525 0.0965 0.223
