3 0.6304900601017106 0.4397463002114165 0.08437355524734165 0.17124735729386892
3 0.7174063800277393 0.44837914023960534 0.10471567267683772 0.1511627906976744
3 0.8016643550624133 0.45313601127554615 0.08414239482200647 0.11064129668780831
0 0.33541377716134996 0.47057787174066246 0.017105871474803514 0.03136011275546159
1 0.4675219602404068 0.4073291050035236 0.03444290337494221 0.05003523608174771
1 0.40383726306056406 0.4212473572938689 0.050392972723069814 0.04897815362931642
0 0.5062413314840499 0.5135658914728682 0.003236245954692557 0.007399577167019027
1 0.5349052242256126 0.3608174770965469 0.05547850208044383 0.04792107117688513
3 0.8623439667128987 0.44802677942212826 0.045538603791030974 0.07998590556730091
3 0.4163199260286639 0.4813248766737139 0.08136846971798428 0.1726568005637773
3 0.48000462320850673 0.4714587737843552 0.07235321312991216 0.17758985200845667
3 0.551202034211743 0.441508104298802 0.08853444290337494 0.21071176885130374
