0 0.5575833333333333 0.67775 0.03816666666666667 0.103
3 0.5554166666666667 0.314125 0.08683333333333333 0.11675
3 0.29841666666666666 0.628875 0.06216666666666667 0.11825
3 0.7081666666666667 0.329875 0.05 0.09625
3 0.43183333333333335 0.660125 0.058666666666666666 0.11375
3 0.6790833333333334 0.67475 0.07016666666666667 0.177
3 0.28 0.305875 0.044 0.12725
3 0.6466666666666666 0.660375 0.058333333333333334 0.13475
3 0.33225 0.308 0.06183333333333333 0.135
3 0.39258333333333334 0.314 0.0685 0.1305
3 0.67225 0.31 0.041833333333333333 0.103
3 0.4688333333333333 0.311125 0.089 0.14425
3 0.33616666666666667 0.639125 0.067 0.11225
3 0.62525 0.311 0.06316666666666666 0.107
3 0.5915833333333333 0.64725 0.0575 0.1335
3 0.3765833333333333 0.66425 0.059833333333333336 0.1395
3 0.4885 0.6545 0.056666666666666664 0.1315
3 0.5435833333333333 0.658 0.0555 0.1395
0 0.46625 0.6695 0.03783333333333333 0.0965
