3 0.6209150326797386 0.6283700980392157 0.11356209150326797 0.0741421568627451
3 0.1309232026143791 0.6387867647058824 0.12622549019607843 0.09068627450980392
3 0.5831290849673203 0.5724571078431373 0.11723856209150327 0.09099264705882353
3 0.15400326797385622 0.5724571078431373 0.11437908496732026 0.05667892156862745
3 0.3133169934640523 0.3805147058823529 0.09640522875816994 0.06556372549019608
3 0.525531045751634 0.46246936274509803 0.10334967320261437 0.06709558823529412
0 0.11417483660130719 0.7584252450980392 0.09109477124183006 0.040747549019607844
1 0.12254901960784313 0.7310049019607843 0.08660130718954248 0.024509803921568627
3 0.1133578431372549 0.7069546568627451 0.12540849673202614 0.07383578431372549
0 0.5573937908496732 0.5225183823529411 0.02246732026143791 0.023590686274509803
1 0.1801470588235294 0.5194546568627451 0.08905228758169935 0.05177696078431373
0 0.5886437908496732 0.5963541666666666 0.07026143790849673 0.029105392156862746
3 0.1815767973856209 0.4525122549019608 0.08946078431372549 0.07107843137254902
0 0.1548202614379085 0.563265931372549 0.03431372549019608 0.022365196078431373
1 0.5933415032679739 0.5997242647058824 0.09027777777777778 0.03707107843137255
0 0.14052287581699346 0.6651348039215687 0.07761437908496732 0.025122549019607844
3 0.1642156862745098 0.5143995098039216 0.12091503267973856 0.06495098039215687
3 0.23958333333333334 0.40517769607843135 0.08537581699346405 0.0664828431372549
3 0.4042075163398693 0.38587622549019607 0.09844771241830065 0.05667892156862745
3 0.4395424836601307 0.4371936274509804 0.08088235294117647 0.06066176470588235
3 0.5524918300653595 0.5165441176470589 0.09763071895424837 0.06556372549019608
