3 0.35020292706924117 0.4090809866841301 0.07932603615791416 0.17943680419122462
3 0.42301069979092365 0.5574110456232264 0.06530562046488747 0.12770137524557956
3 0.280777272168245 0.4121370879720585 0.07182388390111917 0.15673433748089938
3 0.4872709383839626 0.5567561667758132 0.06321485672119051 0.13512333551626282
3 0.7246956093961382 0.3942370661427636 0.07711228631164678 0.1803099759877756
3 0.5568810724388145 0.5587208033180528 0.07821916123478047 0.10805500982318271
3 0.3043291108104784 0.5355817507094521 0.05940228754150781 0.13032089063523247
3 0.559463780592793 0.40133158698974025 0.12077235272414218 0.221567343374809
3 0.440536219407207 0.41388343156516044 0.11929651949329725 0.1951538965291421
3 0.6505964825974665 0.3923815760750928 0.07846513343992129 0.20061122025758568
3 0.3645923010699791 0.5435494433529797 0.06776534251629567 0.1318489412791967
3 0.6336244004427499 0.5362366295568654 0.08141679990161112 0.11896965728006985
