3 0.26507580978635426 0.31015766347893514 0.10251550654720883 0.17989144481778238
3 0.2065816678152998 0.3613336779529594 0.06374913852515507 0.1473248901524942
3 0.45615093039283255 0.43809769966399587 0.07563749138525155 0.12354613595244249
3 0.45580634045485874 0.2983975187386922 0.11905582356995176 0.17239596795037476
3 0.5719331495520331 0.3004652364952184 0.11871123363197794 0.18014990953734816
3 0.8053066850447967 0.3873093822693202 0.06443831840110269 0.14810028431119152
3 0.8288249483115093 0.4237529077280951 0.05806340454858718 0.1258723184285345
3 0.20261888352860097 0.48203670199017834 0.04031702274293591 0.12613078314810028
3 0.3826671261199173 0.4254329284052727 0.07615437629221226 0.132333936417679
3 0.1735871812543074 0.3878263117084518 0.04703652653342522 0.12070302403721891
3 0.6747070985527223 0.3256655466528819 0.09097174362508614 0.15404497286120444
3 0.6096657477601654 0.4413285086585681 0.08563059958649208 0.13827862496769192
3 0.2521536871123363 0.47195657792711293 0.0742591316333563 0.1483587490307573
3 0.7529290144727774 0.4877229258206255 0.06822880771881461 0.16645127940036186
3 0.7960889042039972 0.5131817006978547 0.029807029634734666 0.1460325665546653
3 0.3161612680909717 0.45399327991729127 0.08476912474155755 0.1682605324373223
3 0.16454169538249483 0.48953217885758593 0.05410062026188835 0.10028431119152235
3 0.7674017918676774 0.3211424140604807 0.09993108201240523 0.19255621607650555
3 0.3522570640937285 0.3082191780821918 0.09700206753962784 0.14758335487205995
3 0.14093728463128877 0.3895063323856294 0.044796691936595454 0.1095890410958904
3 0.687801516195727 0.46291031274231065 0.07891109579600275 0.15404497286120444
3 0.5317022742935906 0.43732230550529855 0.0768435561681599 0.11734298268286379
