3 0.3097511574074074 0.3072916666666667 0.10503472222222222 0.09114583333333333
3 0.1974826388888889 0.3485243055555556 0.06510416666666667 0.0642361111111111
3 0.40610532407407407 0.4769965277777778 0.06626157407407407 0.05164930555555555
3 0.6257233796296297 0.291015625 0.09288194444444445 0.09331597222222222
3 0.6098090277777778 0.4509548611111111 0.08130787037037036 0.05772569444444445
3 0.3677662037037037 0.4742838541666667 0.052662037037037035 0.0627170138888889
3 0.3207465277777778 0.4857855902777778 0.05295138888888889 0.04578993055555555
3 0.23423032407407407 0.3195529513888889 0.06221064814814815 0.06228298611111111
3 0.5447048611111112 0.2816840277777778 0.07667824074074074 0.08333333333333333
3 0.46672453703703703 0.4675564236111111 0.07291666666666667 0.057074652777777776
3 0.5338541666666666 0.4625651041666667 0.07291666666666667 0.052300347222222224
3 0.6773726851851852 0.4487847222222222 0.06886574074074074 0.040364583333333336
1 0.5442708333333334 0.26171875 0.07291666666666667 0.040364583333333336
1 0.6265914351851852 0.2645399305555556 0.08883101851851852 0.03993055555555555
