3 0.48113434270608024 0.5642338177014531 0.04518144676760394 0.04920739762219287
3 0.403268445085316 0.5604359313077939 0.026435952895938475 0.037648612945838836
3 0.6474405191059841 0.5738110964332893 0.03604902667627974 0.03599735799207398
3 0.7054794520547946 0.48811096433289297 0.030521509252583512 0.08256274768824307
3 0.6855323239605864 0.4861294583883752 0.038692621965873586 0.10039630118890357
3 0.5684931506849316 0.5592800528401585 0.04878634943523191 0.06638044914134743
3 0.43715453016101896 0.5596103038309115 0.04854602259072338 0.045904887714663146
3 0.648281663061764 0.48348745046235136 0.05791876952655611 0.11756935270805813
3 0.42045181446767604 0.4810105680317041 0.05743811583753905 0.11261558784676354
3 0.33609709204518146 0.5008256274768824 0.03917327565489065 0.09544253632760898
3 0.3727469358327325 0.49950462351387054 0.05431386685892814 0.1165785997357992
3 0.6113914924297044 0.5746367239101717 0.04037490987743331 0.034346103038309116
2 0.5073299687575102 0.5084214002642008 0.02114876231675078 0.024108322324966975
3 0.6073059360730594 0.4679656538969617 0.0509492910358087 0.07661822985468957
3 0.5491468397019947 0.46482826948480843 0.07113674597452535 0.10270805812417437
3 0.48281663061763996 0.48167107001321 0.07065609228550829 0.11723910171730516
3 0.5251141552511416 0.5624174372523117 0.04422013938956981 0.05746367239101717
