3 0.5645 0.5866370945383975 0.050666666666666665 0.11200443581924037
3 0.38125 0.4347102855558636 0.0505 0.11588577765456058
3 0.4735 0.5627945661214305 0.05533333333333333 0.11422234543942335
3 0.42183333333333334 0.4257000277238703 0.044 0.09731078458552814
3 0.44283333333333336 0.3644302744663155 0.06666666666666667 0.06570557249792071
3 0.5321666666666667 0.4539783753812032 0.078 0.16772941502633767
3 0.7020833333333333 0.4679789298586083 0.041166666666666664 0.11644025505960633
3 0.6623333333333333 0.4670085943997782 0.050333333333333334 0.12614360964790686
3 0.6125 0.5937066814527308 0.057666666666666665 0.10451899085112282
3 0.46741666666666665 0.436096479068478 0.06616666666666667 0.14028278347657333
3 0.6565 0.5935680621014694 0.042 0.09093429442750207
3 0.60625 0.46201829775436654 0.07483333333333334 0.136678680343776
3 0.5141666666666667 0.5792902689215415 0.051666666666666666 0.10895481009148877
