3 0.527875 0.13447111777944487 0.12075 0.1849212303075769
3 0.49725 0.5602025506376594 0.13 0.1399099774943736
3 0.4845 0.6524756189047262 0.1135 0.12115528882220555
3 0.517125 0.4679294823705927 0.14675 0.13165791447861966
1 0.52225 0.46905476369092275 0.1295 0.12040510127531882
3 0.528375 0.309264816204051 0.14725 0.1946736684171043
1 0.563875 0.2882595648912228 0.07425 0.13540885221305327
0 0.53525 0.2558139534883721 0.0075 0.02625656414103526
0 0.5955 0.33664666166541635 0.006 0.02663165791447862
0 0.530125 0.3735933983495874 0.03225 0.012753188297074268
0 0.514875 0.12884471117779445 0.01025 0.006376594148537134
0 0.512875 0.1054013503375844 0.00425 0.006751687921980495
