3 0.5385743288969096 0.5010619469026548 0.15001127904353712 0.2715044247787611
3 0.6214752988946537 0.7113274336283186 0.09519512745319197 0.2587610619469027
1 0.6620798556282427 0.6831858407079646 0.011279043537108053 0.09769911504424779
0 0.5928265283103993 0.41221238938053095 0.003609293931874577 0.013097345132743363
0 0.4609745093616061 0.7223008849557522 0.02594180013534852 0.09168141592920354
3 0.3883374689826303 0.4895575221238938 0.15046244078502144 0.2838938053097345
3 0.808143469433792 0.7230088495575221 0.10850439882697947 0.2424778761061947
3 0.27419354838709675 0.4697345132743363 0.10128581096323032 0.30513274336283186
3 0.20369952628017143 0.4614159292035398 0.0834649221745996 0.30761061946902657
3 0.42894202571621926 0.7214159292035398 0.10805323708549515 0.21876106194690265
1 0.28829235280848187 0.6543362831858407 0.013986013986013986 0.06265486725663717
1 0.3904804872546808 0.668141592920354 0.020753440108278818 0.07185840707964601
3 0.7104669524024363 0.7047787610619469 0.10263929618768329 0.2661946902654867
3 0.5222197157681029 0.7309734513274336 0.10782765621475299 0.22371681415929204
0 0.4694337920144372 0.4934513274336283 0.0022558087074216106 0.005663716814159292
0 0.6704263478457027 0.4499115044247788 0.11775321452740807 0.232212389380531
3 0.6705391382810738 0.4509734513274336 0.11797879539815023 0.232212389380531
3 0.23719828558538236 0.7139823008849557 0.09451838484096549 0.21097345132743364
3 0.33667944958267537 0.7146902654867257 0.11346717798330702 0.23858407079646018
