1 0.6446280991735537 0.4427083333333333 0.04597107438016529 0.08449074074074074
3 0.46423037190082644 0.470679012345679 0.11699380165289257 0.1574074074074074
3 0.2883522727272727 0.5489969135802469 0.09065082644628099 0.16280864197530864
3 0.6510847107438017 0.7791280864197531 0.06973140495867769 0.16473765432098766
3 0.5836776859504132 0.7563657407407407 0.06921487603305786 0.1385030864197531
3 0.6651601239669421 0.4645061728395062 0.08703512396694214 0.13117283950617284
3 0.3646694214876033 0.5121527777777778 0.09194214876033058 0.13387345679012347
3 0.24857954545454544 0.8315972222222222 0.0818698347107438 0.13155864197530864
3 0.32166838842975204 0.7966820987654321 0.07102272727272728 0.14429012345679013
3 0.5211776859504132 0.7555941358024691 0.0625 0.11998456790123457
3 0.45919421487603307 0.7615740740740741 0.06921487603305786 0.12422839506172839
3 0.7240444214876033 0.48900462962962965 0.05397727272727273 0.17476851851851852
3 0.3901084710743802 0.7690972222222222 0.07463842975206611 0.13387345679012347
3 0.5769628099173554 0.4575617283950617 0.10795454545454546 0.16743827160493827
