3 0.5222800925925926 0.3570205479452055 0.023726851851851853 0.04417808219178082
3 0.5401234567901234 0.39606164383561643 0.020061728395061727 0.02363013698630137
3 0.41107253086419754 0.363013698630137 0.02546296296296296 0.049315068493150684
3 0.4939236111111111 0.3604452054794521 0.033371913580246916 0.046232876712328765
3 0.49074074074074076 0.40256849315068494 0.02662037037037037 0.04486301369863014
3 0.43547453703703703 0.3618150684931507 0.024112654320987654 0.04486301369863014
0 0.439429012345679 0.3703767123287671 0.005787037037037037 0.012671232876712329
3 0.4376929012345679 0.4 0.02199074074074074 0.028082191780821917
3 0.5202546296296297 0.3988013698630137 0.02507716049382716 0.03595890410958904
3 0.46296296296296297 0.3613013698630137 0.032407407407407406 0.049315068493150684
3 0.5477430555555556 0.3565068493150685 0.027199074074074073 0.04657534246575343
3 0.4184992283950617 0.40171232876712326 0.016010802469135804 0.021917808219178082
3 0.4637345679012346 0.4018835616438356 0.026234567901234566 0.0386986301369863
