1 0.49682539682539684 0.4791666666666667 0.009126984126984128 0.02738095238095238
3 0.6634920634920635 0.5638392857142858 0.05992063492063492 0.08601190476190476
3 0.5321428571428571 0.4660714285714286 0.10317460317460317 0.1529761904761905
3 0.6043650793650793 0.5754464285714286 0.060714285714285714 0.09851190476190476
3 0.40674603174603174 0.5885416666666666 0.0626984126984127 0.11041666666666666
3 0.6773809523809524 0.45014880952380953 0.05952380952380952 0.13660714285714284
3 0.6132936507936508 0.4511904761904762 0.06904761904761905 0.1630952380952381
3 0.3402777777777778 0.5790178571428571 0.07222222222222222 0.12529761904761905
3 0.5406746031746031 0.5910714285714286 0.06626984126984127 0.10238095238095238
3 0.4738095238095238 0.5949404761904762 0.06706349206349206 0.10595238095238095
3 0.341468253968254 0.46264880952380955 0.07261904761904762 0.12113095238095238
3 0.42738095238095236 0.4766369047619048 0.10476190476190476 0.14077380952380952
0 0.6799603174603175 0.41160714285714284 0.01507936507936508 0.01369047619047619
