3 0.7073688271604939 0.5895543981481481 0.05709876543209876 0.10908564814814815
3 0.44483024691358025 0.6348379629629629 0.06983024691358025 0.11053240740740741
3 0.3307291666666667 0.47120949074074076 0.08005401234567901 0.18605324074074073
3 0.41888503086419754 0.49117476851851855 0.12056327160493827 0.20862268518518517
3 0.22289737654320987 0.5687210648148148 0.046489197530864196 0.11834490740740741
3 0.6456404320987654 0.47902199074074076 0.06944444444444445 0.17505787037037038
3 0.3150077160493827 0.6180555555555556 0.05864197530864197 0.1388888888888889
3 0.5130208333333334 0.6161747685185185 0.06886574074074074 0.1646412037037037
3 0.27372685185185186 0.4625289351851852 0.05941358024691358 0.1808449074074074
3 0.26514274691358025 0.5787037037037037 0.05652006172839506 0.1284722222222222
3 0.37201003086419754 0.6329571759259259 0.07889660493827161 0.16637731481481483
3 0.7078510802469136 0.47019675925925924 0.06770833333333333 0.1707175925925926
3 0.5610532407407407 0.4976851851851852 0.12017746913580248 0.20081018518518517
3 0.7535686728395061 0.4593460648148148 0.04031635802469136 0.14265046296296297
3 0.18393132716049382 0.43952546296296297 0.04070216049382716 0.13020833333333334
3 0.6492091049382716 0.6232638888888888 0.06655092592592593 0.1527777777777778
3 0.22260802469135801 0.45601851851851855 0.04552469135802469 0.14293981481481483
3 0.5890239197530864 0.6270254629629629 0.08275462962962964 0.16898148148148148
