3 0.17631410938497552 0.6822534312160868 0.10746967439880825 0.15863389722310883
3 0.8004894658437965 0.4873922757740185 0.16365184081719514 0.18576444302585382
3 0.2894232815492658 0.7012448132780082 0.1617365396892956 0.23811043728056175
3 0.339859544583954 0.521066070858602 0.18046392849542456 0.27353973827002875
3 0.44360502234517984 0.6991701244813278 0.1589699936156629 0.23842962017235877
3 0.9405192594168972 0.41238429620172357 0.118535858693339 0.18576444302585382
3 0.9319004043413492 0.5405362272582189 0.13577356884443498 0.1835301627832748
3 0.055437327090870396 0.5205872965209065 0.11002340923600766 0.26236833705713375
0 0.995850180889551 0.518512607724226 0.007022770802298362 0.01947015639961698
3 0.5927856990849116 0.6905521864028088 0.14577569695679932 0.1962974784551548
3 0.6492870823579485 0.5368656240025534 0.14002979357310066 0.1819342483242898
3 0.07246222600553309 0.6798595595276093 0.09810597999574378 0.18384934567507183
3 0.17333475207490956 0.5269709543568465 0.1551393913598638 0.22661985317586977
3 0.4997871887635667 0.5359080753271624 0.16237497339859544 0.2151292690711778
3 0.7650563949776549 0.6369294605809128 0.20004256224728667 0.1873603574848388
