3 0.5686758893280632 0.45775274236584645 0.12430830039525692 0.18559146160687814
3 0.7215415019762846 0.5326119181737325 0.07984189723320158 0.14971835161577232
3 0.33053359683794464 0.44871034687222056 0.08636363636363636 0.1728431663207827
3 0.6776679841897233 0.4475244589386303 0.09090909090909091 0.15683367921731398
3 0.3281620553359684 0.5647791283723688 0.07173913043478261 0.10910168989030537
3 0.25128458498023715 0.45375037058997925 0.07687747035573123 0.1852949896234806
3 0.5645256916996048 0.5727838719241032 0.07766798418972332 0.054550844945152686
3 0.6427865612648221 0.5272754224725763 0.07727272727272727 0.16098428698487993
3 0.48399209486166006 0.5321672101986362 0.08458498023715415 0.15297954343314557
3 0.433596837944664 0.4534538986065817 0.12490118577075099 0.20249036466053957
3 0.7708498023715415 0.4217313963830418 0.09110671936758893 0.19833975689297362
3 0.40029644268774706 0.5505484731692855 0.08043478260869565 0.1565372072339164
