3 0.46975 0.4502646976873781 0.08516666666666667 0.09696294232376707
1 0.47975 0.4714405126776261 0.04716666666666667 0.05405405405405406
3 0.7275 0.5448592922819727 0.09133333333333334 0.17024240735580942
0 0.675 0.5048760100306492 0.019 0.030091947617720813
3 0.5755833333333333 0.45416550571189745 0.08283333333333333 0.09696294232376707
1 0.29525 0.44218445249373084 0.09516666666666666 0.08637503482864307
3 0.292 0.4807745890220117 0.101 0.16522708275285594
0 0.69175 0.5064084703259961 0.0125 0.015324602953468934
3 0.3868333333333333 0.4458066313736417 0.07333333333333333 0.09807745890220117
3 0.6679166666666667 0.483560880468097 0.06916666666666667 0.09612705488994149
