3 0.4344618055555556 0.5581597222222222 0.062065972222222224 0.08506944444444445
3 0.5394965277777778 0.5208333333333334 0.06640625 0.11574074074074074
3 0.6666666666666666 0.3572048611111111 0.0842013888888889 0.10619212962962964
3 0.4946831597222222 0.5541087962962963 0.06228298611111111 0.08217592592592593
3 0.2718098958333333 0.43851273148148145 0.08441840277777778 0.10966435185185185
1 0.3070746527777778 0.5257523148148148 0.046440972222222224 0.06770833333333333
3 0.3939887152777778 0.5296585648148148 0.06532118055555555 0.10445601851851852
3 0.6080729166666666 0.5109953703703703 0.059895833333333336 0.08680555555555555
1 0.6409505208333334 0.4402488425925926 0.059244791666666664 0.06278935185185185
3 0.6398654513888888 0.42824074074074076 0.08094618055555555 0.11168981481481481
3 0.3210720486111111 0.5013020833333334 0.07921006944444445 0.12297453703703703
0 0.6399739583333334 0.42824074074074076 0.08116319444444445 0.11168981481481481
