3 0.44233630952380953 0.43137755102040815 0.0954861111111111 0.1586734693877551
3 0.287078373015873 0.6063775510204081 0.05431547619047619 0.125
3 0.4027777777777778 0.5989795918367347 0.07936507936507936 0.12755102040816327
3 0.597594246031746 0.40561224489795916 0.06721230158730158 0.09897959183673469
3 0.47271825396825395 0.5512755102040816 0.0763888888888889 0.16989795918367348
3 0.3583829365079365 0.4676020408163265 0.09474206349206349 0.2096938775510204
3 0.5245535714285714 0.4375 0.0763888888888889 0.1576530612244898
3 0.5451388888888888 0.5163265306122449 0.09375 0.14387755102040817
3 0.3373015873015873 0.6053571428571428 0.06398809523809523 0.12295918367346939
3 0.2725694444444444 0.4778061224489796 0.08085317460317461 0.18724489795918367
0 0.5255456349206349 0.4104591836734694 0.056051587301587304 0.09846938775510204
1 0.5245535714285714 0.411734693877551 0.061507936507936505 0.10408163265306122
