3 0.5321044921875 0.520322226290736 0.126220703125 0.19626510435737826
1 0.535400390625 0.4844379348224094 0.115234375 0.1259611863786159
0 0.543701171875 0.5082387403881362 0.01025390625 0.005126327352618088
0 0.583740234375 0.490845844013182 0.009765625 0.023068473086781397
0 0.3572998046875 0.44946905895276457 0.002197265625 0.004027828634199927
1 0.6544189453125 0.5047601611131454 0.085693359375 0.11827169534968876
3 0.04248046875 0.45093372391065545 0.0849609375 0.20834859025997804
1 0.0423583984375 0.40205053094104726 0.084716796875 0.11131453679970707
3 0.0562744140625 0.6230318564628341 0.112548828125 0.19956060051263275
0 0.01513671875 0.39783961918711097 0.0087890625 0.008421823507872574
0 0.0369873046875 0.38410838520688395 0.004638671875 0.012449652142072502
0 0.1097412109375 0.4483705602343464 0.012451171875 0.04210911753936287
0 0.184326171875 0.39783961918711097 0.01318359375 0.015012815818381545
1 0.3890380859375 0.4765653606737459 0.159423828125 0.15342365433906993
1 0.17724609375 0.4672281215671915 0.1552734375 0.21750274624679605
0 0.6580810546875 0.49652142072500915 0.044189453125 0.05931893079458074
3 0.2998046875 0.6733797143903332 0.11474609375 0.2021237641889418
0 0.19970703125 0.4538630538264372 0.00830078125 0.025997803002563165
3 0.385498046875 0.5113511534236543 0.1865234375 0.2310508971072867
0 0.202392578125 0.42969608202123766 0.00244140625 0.006224826071036251
3 0.169189453125 0.4718051995606005 0.1728515625 0.22812156719150495
3 0.1685791015625 0.6618454778469425 0.109130859375 0.16953496887586963
3 0.4166259765625 0.6746612962284877 0.116455078125 0.16294397656536067
3 0.6446533203125 0.5499816916880264 0.106689453125 0.2094470889783962
