0 0.46363856003865667 0.48395627644569816 0.02174438270113554 0.03772919605077574
0 0.3836675525489249 0.491361071932299 0.01063058709833293 0.015162200282087448
3 0.7442618990094225 0.5788081805359662 0.10848030925344286 0.11459802538787024
3 0.4365788837883547 0.5035260930888575 0.1512442618990094 0.18406205923836388
3 0.6218893452524764 0.5576516220028209 0.15172747040347911 0.17031029619181948
1 0.16924377869050494 0.44499294781382226 0.04904566320367239 0.153737658674189
1 0.6334863493597487 0.5260930888575458 0.10533945397438994 0.10578279266572638
0 0.7660062817105581 0.5532440056417489 0.007972940323749698 0.005641748942172073
0 0.7569461222517516 0.5539492242595204 0.003865668035757429 0.004231311706629055
1 0.30744141096883304 0.44058533145275036 0.10654747523556414 0.09978843441466854
3 0.1965450591930418 0.4479901269393512 0.1055810582266248 0.1667842031029619
3 0.30756221309495047 0.4758462623413258 0.11258758154143512 0.1717207334273625
0 0.5933800434887654 0.4973554301833568 0.0024160425223483935 0.003173483779971791
1 0.7487315776757671 0.5532440056417489 0.09809132640734478 0.06417489421720733
0 0.7841266006281711 0.5527150916784203 0.019086735926552308 0.015162200282087448
0 0.32785697028267696 0.4333568406205924 0.0067649190625755015 0.01904090267983075
0 0.44213578158975597 0.4432299012693935 0.016912297656438754 0.01692524682651622
1 0.4439478134815173 0.4959449929478138 0.13505677699927518 0.1667842031029619
0 0.17033099782556174 0.43970380818053595 0.03527422082628654 0.03596614950634697
