3 0.44733333333333336 0.437875 0.04666666666666667 0.04025
3 0.62025 0.424875 0.0465 0.05625
3 0.46608333333333335 0.371375 0.06883333333333333 0.08575
3 0.49441666666666667 0.4255 0.04716666666666667 0.064
3 0.40541666666666665 0.421125 0.0445 0.08325
3 0.5455 0.4355 0.052 0.042
3 0.5503333333333333 0.372625 0.072 0.10025
1 0.40141666666666664 0.43375 0.035166666666666666 0.0555
0 0.6463333333333333 0.39425 0.03666666666666667 0.035
3 0.40541666666666665 0.421125 0.0445 0.08325
0 0.40075 0.435 0.016833333333333332 0.0495
1 0.6334166666666666 0.4385 0.018833333333333334 0.029
0 0.61575 0.380375 0.0205 0.02925
0 0.6333333333333333 0.438875 0.015 0.01925
