3 0.7717391304347826 0.644808743169399 0.14492753623188406 0.34972677595628415
3 0.6956521739130435 0.3633879781420765 0.2536231884057971 0.4098360655737705
3 0.9039855072463768 0.319672131147541 0.17028985507246377 0.3989071038251366
1 0.40217391304347827 0.3743169398907104 0.09420289855072464 0.18032786885245902
3 0.6322463768115942 0.6584699453551912 0.14855072463768115 0.3005464480874317
3 0.21557971014492755 0.3770491803278688 0.17753623188405798 0.4262295081967213
3 0.48188405797101447 0.674863387978142 0.15217391304347827 0.3114754098360656
3 0.20108695652173914 0.7213114754098361 0.14855072463768115 0.31693989071038253
3 0.3496376811594203 0.6885245901639344 0.15579710144927536 0.34972677595628415
3 0.4221014492753623 0.33060109289617484 0.19202898550724637 0.2896174863387978
