0 0.5093619972260749 0.4766803840877915 0.011095700416088766 0.0800182898948331
0 0.4857836338418863 0.17855509830818472 0.02011095700416089 0.04069501600365798
0 0.4176490984743412 0.7636031092821216 0.015603328710124827 0.02194787379972565
0 0.4497226074895978 0.8292181069958847 0.019417475728155338 0.018747142203932327
0 0.42839805825242716 0.3230452674897119 0.01144244105409154 0.011431184270690443
0 0.4446948682385576 0.791952446273434 0.015603328710124827 0.024691358024691357
0 0.49115811373092927 0.5441243712848651 0.06067961165048544 0.06218564243255601
0 0.46879334257975036 0.4899405578417924 0.004160887656033287 0.005029721079103796
3 0.4122746185852982 0.8248742569730224 0.3710124826629681 0.34933699131229995
0 0.45717753120665744 0.12780064014631917 0.019764216366158115 0.023319615912208505
0 0.4360263522884882 0.18449931412894377 0.027392510402219142 0.03246456332876086
3 0.46740638002773927 0.5413808870598994 0.35852981969486825 0.3465935070873343
3 0.44660194174757284 0.27480566986739824 0.21289875173370318 0.3740283493369913
