3 0.7078379568472039 0.6436376454000705 0.11448701012769705 0.28198801550934083
3 0.48645970937912814 0.3956644342615439 0.13936591809775428 0.2724709199859006
3 0.832562747688243 0.387909763835037 0.08872743284896521 0.24215720831864646
3 0.44055482166446497 0.649101163200564 0.08850726552179657 0.25414169897779343
3 0.38055922501100836 0.650158618258724 0.06318802289740202 0.24991187874515333
3 0.8145090268604139 0.6302432146633768 0.10061646851607221 0.23264011279520622
3 0.5169528841919859 0.6594994712724709 0.09907529722589167 0.2650687345787804
3 0.6020475561426685 0.6587945012336975 0.10149713782474681 0.2707084948889672
3 0.7326067811536768 0.3845611561508636 0.1257155438132981 0.2678886147338738
3 0.6154777630999559 0.3864998237574903 0.12131219726992515 0.25132181882270005
3 0.37615587846763543 0.38949594642227703 0.10413914575077059 0.27352837504406063
