3 0.2637924382716049 0.5366030092592593 0.05343364197530864 0.13802083333333334
3 0.3201195987654321 0.5755208333333334 0.07002314814814815 0.16666666666666666
3 0.3447145061728395 0.44039351851851855 0.08063271604938271 0.1840277777777778
3 0.22935956790123457 0.40335648148148145 0.038580246913580245 0.14525462962962962
3 0.4525462962962963 0.6044560185185185 0.06983024691358025 0.1267361111111111
3 0.4329668209876543 0.45167824074074076 0.11863425925925926 0.2013888888888889
3 0.2804783950617284 0.4253472222222222 0.06828703703703703 0.18518518518518517
3 0.6628086419753086 0.5953414351851852 0.0787037037037037 0.17679398148148148
3 0.7686149691358025 0.42259837962962965 0.047260802469135804 0.14207175925925927
3 0.6458333333333334 0.4487847222222222 0.0779320987654321 0.17592592592592593
3 0.7275270061728395 0.5539641203703703 0.05767746913580247 0.13744212962962962
3 0.7144097222222222 0.43952546296296297 0.07426697530864197 0.1707175925925926
3 0.5939429012345679 0.5980902777777778 0.0763888888888889 0.1736111111111111
3 0.7736304012345679 0.5321180555555556 0.041859567901234566 0.0943287037037037
3 0.552758487654321 0.45066550925925924 0.11940586419753087 0.1941550925925926
3 0.3830054012345679 0.5998263888888888 0.07195216049382716 0.1701388888888889
3 0.5219907407407407 0.5988136574074074 0.06983024691358025 0.15480324074074073
