3 0.6238425925925926 0.4409722222222222 0.1484053497942387 0.19830246913580246
3 0.3025977366255144 0.5679012345679012 0.16898148148148148 0.27546296296296297
3 0.05851337448559671 0.49266975308641975 0.11702674897119342 0.23842592592592593
3 0.3203446502057613 0.2966820987654321 0.20241769547325103 0.2962962962962963
3 0.46412037037037035 0.6057098765432098 0.1597222222222222 0.25848765432098764
3 0.1372170781893004 0.2700617283950617 0.18287037037037038 0.24074074074074073
3 0.18955761316872427 0.49344135802469136 0.14660493827160495 0.24845679012345678
3 0.7709619341563786 0.4565972222222222 0.17155349794238683 0.17554012345679013
3 0.6107253086419753 0.6305941358024691 0.13194444444444445 0.2179783950617284
3 0.4616769547325103 0.390625 0.2021604938271605 0.23881172839506173
3 0.9184670781893004 0.4411651234567901 0.16203703703703703 0.18016975308641975
3 0.9247685185185185 0.6051311728395061 0.14994855967078188 0.19714506172839505
3 0.7628600823045267 0.6359953703703703 0.2006172839506173 0.19945987654320987
