3 0.1363888888888889 0.42541666666666667 0.15722222222222224 0.25083333333333335
3 0.7263888888888889 0.22958333333333333 0.13944444444444445 0.23583333333333334
3 0.2286111111111111 0.25083333333333335 0.14833333333333334 0.235
3 0.31027777777777776 0.15541666666666668 0.1272222222222222 0.21083333333333334
3 0.6402777777777777 0.15083333333333335 0.12944444444444445 0.20666666666666667
3 0.8961111111111111 0.8529166666666667 0.20666666666666667 0.2925
3 0.5280555555555555 0.15916666666666668 0.11722222222222223 0.19166666666666668
0 0.024166666666666666 0.935 0.009444444444444445 0.006666666666666667
3 0.07861111111111112 0.8704166666666666 0.15722222222222224 0.2575
3 0.8172222222222222 0.39166666666666666 0.15555555555555556 0.25
3 0.8386111111111111 0.6304166666666666 0.1661111111111111 0.2708333333333333
3 0.09638888888888889 0.65125 0.17055555555555554 0.2675
0 0.9275 0.8516666666666667 0.0038888888888888888 0.013333333333333334
3 0.42 0.135 0.11555555555555555 0.19833333333333333
