3 0.2623574144486692 0.7591623036649214 0.12167300380228137 0.18848167539267016
3 0.1596958174904943 0.418848167539267 0.1596958174904943 0.2198952879581152
3 0.19961977186311788 0.6020942408376964 0.14068441064638784 0.19895287958115182
3 0.5342205323193916 0.887434554973822 0.09505703422053231 0.16230366492146597
3 0.34220532319391633 0.8481675392670157 0.12167300380228137 0.18848167539267016
3 0.7889733840304183 0.6518324607329843 0.13307984790874525 0.20418848167539266
3 0.435361216730038 0.8952879581151832 0.11026615969581749 0.16753926701570682
3 0.11787072243346007 0.16753926701570682 0.19771863117870722 0.3036649214659686
3 0.7091254752851711 0.7984293193717278 0.11787072243346007 0.193717277486911
3 0.8498098859315589 0.47643979057591623 0.14068441064638784 0.23036649214659685
3 0.629277566539924 0.8795811518324608 0.11026615969581749 0.16753926701570682
3 0.8954372623574145 0.23298429319371727 0.18631178707224336 0.3089005235602094
