3 0.718440594059406 0.5888806247675716 0.07202970297029702 0.20714020081814802
3 0.3448019801980198 0.5901822238750465 0.10445544554455445 0.19412420974339903
3 0.5405940594059406 0.5814429155820008 0.09257425742574257 0.17143919672740796
3 0.6370049504950495 0.56377835626627 0.10222772277227722 0.14801041279285979
3 0.5706683168316832 0.4046113796950539 0.14777227722772276 0.24990702863518036
3 0.44232673267326733 0.5911119375232429 0.1 0.18185198958720714
3 0.775990099009901 0.4077724060989215 0.07376237623762376 0.19077724060989215
3 0.2830445544554455 0.41539605801413165 0.11113861386138614 0.20081814801041278
3 0.19356435643564357 0.42580885087393083 0.07277227722772277 0.2045370026031982
3 0.41596534653465345 0.41093343250278913 0.16064356435643565 0.2387504648568241
3 0.2537128712871287 0.5948307921160283 0.07920792079207921 0.2168092227593901
3 0.6949257425742574 0.4113053179620677 0.1051980198019802 0.20676831535886947
