3 0.8622257053291537 0.6568247821878025 0.0786833855799373 0.2933204259438529
3 0.1304075235109718 0.6656986124556309 0.10282131661442007 0.3194578896418199
3 0.2213949843260188 0.6411745724427235 0.10642633228840126 0.34849951597289447
3 0.7787617554858934 0.649241690868022 0.10360501567398119 0.3452726686027751
3 0.670846394984326 0.6661826395611488 0.11504702194357366 0.3526944175540497
3 0.32907523510971787 0.6711842529848339 0.11144200626959247 0.356243949661181
3 0.5586990595611285 0.6760245240400129 0.1158307210031348 0.3691513391416586
3 0.4424764890282132 0.6745724427234592 0.11567398119122257 0.35721200387221685
3 0.9195141065830721 0.6452081316553727 0.09420062695924765 0.2746047111971604
3 0.0731974921630094 0.6456921587608906 0.09341692789968652 0.2813810906744111
