3 0.8284313725490197 0.4426877470355731 0.12745098039215685 0.11857707509881422
3 0.39215686274509803 0.1007905138339921 0.08496732026143791 0.09881422924901186
3 0.4934640522875817 0.07312252964426877 0.11764705882352941 0.09090909090909091
3 0.1503267973856209 0.6561264822134387 0.16339869281045752 0.18181818181818182
3 0.8480392156862745 0.7371541501976284 0.14705882352941177 0.16205533596837945
3 0.19444444444444445 0.5059288537549407 0.15359477124183007 0.20553359683794467
3 0.6160130718954249 0.08102766798418973 0.12091503267973856 0.09881422924901186
3 0.8382352941176471 0.5909090909090909 0.15359477124183007 0.19367588932806323
3 0.2696078431372549 0.2707509881422925 0.12745098039215685 0.13043478260869565
3 0.803921568627451 0.3300395256916996 0.13071895424836602 0.1225296442687747
3 0.13562091503267973 0.7944664031620553 0.13398692810457516 0.15810276679841898
3 0.3006535947712418 0.16996047430830039 0.10457516339869281 0.12648221343873517
0 0.22549019607843138 0.36561264822134387 0.09803921568627451 0.09090909090909091
0 0.13725490196078433 0.7094861660079052 0.026143790849673203 0.019762845849802372
0 0.10457516339869281 0.650197628458498 0.0196078431372549 0.011857707509881422
0 0.24183006535947713 0.5434782608695652 0.0196078431372549 0.011857707509881422
0 0.8186274509803921 0.3814229249011858 0.02287581699346405 0.019762845849802372
0 0.17973856209150327 0.5 0.0196078431372549 0.02766798418972332
3 0.7156862745098039 0.12845849802371542 0.08496732026143791 0.09090909090909091
0 0.26143790849673204 0.29051383399209485 0.0718954248366013 0.08300395256916997
3 0.7843137254901961 0.21146245059288538 0.09803921568627451 0.1225296442687747
