1 0.420205237084218 0.1588613406795225 0.06334041047416844 0.12029384756657484
3 0.14897381457891012 0.5647382920110193 0.16206652512384997 0.18181818181818182
3 0.8345718329794763 0.703168044077135 0.17657466383581033 0.18319559228650137
0 0.12225760792639774 0.5227272727272727 0.1029723991507431 0.06290174471992654
0 0.11606510969568294 0.5234159779614325 0.01627742392073602 0.018365472910927456
0 0.20559094125973107 0.5243342516069789 0.025477707006369428 0.013774104683195593
0 0.18259023354564755 0.5169880624426079 0.004953998584571833 0.0073461891643709825
0 0.17799009200283086 0.5410927456382002 0.0021231422505307855 0.005968778696051423
0 0.1659589525831564 0.5668044077134986 0.003538570417551309 0.013314967860422406
0 0.16401273885350318 0.5911386593204775 0.006015569709837226 0.009641873278236915
0 0.14631988676574664 0.6186868686868687 0.027954706298655343 0.029843893480257115
0 0.14472753007784855 0.6258034894398531 0.004246284501061571 0.004591368227731864
0 0.1537508846426044 0.6340679522497704 0.005307855626326964 0.0073461891643709825
0 0.41100495399858455 0.1893939393939394 0.01167728237791932 0.022497704315886134
3 0.5536093418259024 0.18847566574839303 0.17020523708421798 0.19788797061524335
0 0.3881811748053786 0.2809917355371901 0.012031139419674451 0.005509641873278237
0 0.42498230714791224 0.19880624426078972 0.014154281670205236 0.0073461891643709825
0 0.5031847133757962 0.15105601469237834 0.009200283085633405 0.013774104683195593
0 0.5725406935598019 0.2628558310376492 0.01627742392073602 0.016988062442607896
3 0.7676928520877565 0.33746556473829203 0.11854210898796887 0.15426997245179064
0 0.804140127388535 0.3611111111111111 0.018046709129511677 0.018824609733700644
3 0.17763623496107572 0.3790174471992654 0.15003538570417552 0.21441689623507806
0 0.7523000707714084 0.3526170798898072 0.01132342533616419 0.011937557392102846
0 0.8575725406935598 0.6198347107438017 0.04706298655343241 0.011019283746556474
3 0.3777423920736023 0.18847566574839303 0.15180467091295116 0.2024793388429752
0 0.2227530077848549 0.46097337006427913 0.04210898796886058 0.031221303948576674
3 0.678343949044586 0.24908172635445364 0.12668082094833688 0.15105601469237834
0 0.15286624203821655 0.6267217630853994 0.005661712668082095 0.006427915518824609
1 0.5530785562632696 0.16873278236914602 0.16206652512384997 0.11707988980716254
3 0.262208067940552 0.24816345270890725 0.12384996461429583 0.17125803489439853
