3 0.4753989361702128 0.394546812749004 0.06382978723404255 0.050049800796812746
0 0.3447473404255319 0.41060756972111556 0.01695478723404255 0.036354581673306775
1 0.5379820478723404 0.4147161354581673 0.030086436170212765 0.05502988047808765
0 0.5306682180851063 0.4157121513944223 0.014128989361702128 0.011703187250996016
0 0.5465425531914894 0.425796812749004 0.010638297872340425 0.013446215139442231
0 0.5464594414893617 0.43488545816733065 0.01180186170212766 0.011703187250996016
3 0.32513297872340424 0.7448954183266933 0.04089095744680851 0.06299800796812749
3 0.36727061170212766 0.7521165338645418 0.04504654255319149 0.06150398406374502
3 0.45146276595744683 0.7670567729083665 0.048204787234042555 0.04955179282868526
3 0.35696476063829785 0.4235557768924303 0.04637632978723404 0.07569721115537849
3 0.4943484042553192 0.7603336653386454 0.0425531914893617 0.06050796812749004
3 0.4040890957446808 0.7664342629482072 0.045877659574468085 0.04930278884462151
3 0.5315824468085106 0.42455179282868527 0.043550531914893616 0.0801792828685259
