3 0.888671875 0.232421875 0.20703125 0.15234375
3 0.6015625 0.732421875 0.1328125 0.15234375
3 0.47265625 0.744140625 0.125 0.16796875
3 0.833984375 0.396484375 0.16015625 0.24609375
3 0.115234375 0.275390625 0.22265625 0.23828125
3 0.333984375 0.73046875 0.14453125 0.171875
3 0.263671875 0.646484375 0.12109375 0.18359375
1 0.8203125 0.39453125 0.125 0.2421875
3 0.185546875 0.46875 0.17578125 0.25
0 0.849609375 0.46484375 0.01953125 0.03125
1 0.201171875 0.46875 0.11328125 0.1953125
0 0.779296875 0.353515625 0.01171875 0.02734375
3 0.78125 0.59375 0.125 0.1796875
3 0.712890625 0.69921875 0.12109375 0.1796875
