0 0.5560378086419753 0.4508101851851852 0.014467592592592593 0.015046296296296295
3 0.3714313271604938 0.4388020833333333 0.034915123456790126 0.08362268518518519
3 0.6179591049382716 0.5257523148148148 0.03260030864197531 0.0798611111111111
3 0.4871720679012346 0.5140335648148148 0.04147376543209876 0.1021412037037037
3 0.6084104938271605 0.44516782407407407 0.041666666666666664 0.09172453703703703
3 0.4142554012345679 0.5041956018518519 0.044174382716049385 0.08015046296296297
3 0.5818865740740741 0.5212673611111112 0.04533179012345679 0.0853587962962963
3 0.5650077160493827 0.4466145833333333 0.046296296296296294 0.09461805555555555
3 0.4554398148148148 0.5020254629629629 0.04205246913580247 0.09780092592592593
1 0.37258873456790126 0.5286458333333334 0.015239197530864198 0.027199074074074073
3 0.41300154320987653 0.4348958333333333 0.04938271604938271 0.0798611111111111
0 0.37104552469135804 0.5244502314814815 0.008680555555555556 0.010127314814814815
1 0.4070216049382716 0.44907407407407407 0.035493827160493825 0.05092592592592592
0 0.4117476851851852 0.43388310185185186 0.022183641975308643 0.01707175925925926
1 0.5555555555555556 0.4522569444444444 0.016589506172839507 0.02488425925925926
3 0.5414737654320988 0.5189525462962963 0.04205246913580247 0.09751157407407407
3 0.5123456790123457 0.44285300925925924 0.06095679012345679 0.07378472222222222
3 0.3830054012345679 0.5081018518518519 0.036458333333333336 0.06770833333333333
