3 0.4780899980349774 0.5502988047808764 0.04480251522892513 0.10458167330677291
3 0.5229907643937906 0.547933266932271 0.0453920220082531 0.10234063745019921
3 0.40292788367066223 0.4493276892430279 0.05089408528198074 0.10682270916334662
3 0.43387698958538023 0.5532868525896414 0.04637453330713303 0.11055776892430279
3 0.5379249361367656 0.4411105577689243 0.07329534289644331 0.11678286852589641
3 0.46462959324032227 0.4465886454183267 0.07447435645509923 0.11379482071713147
3 0.3508547848300255 0.5581424302788844 0.035566909019453724 0.09636454183266932
3 0.6542542739241501 0.5552788844621513 0.03478089998034977 0.10059760956175298
3 0.6778345450972686 0.45007470119521914 0.0375319316172136 0.09785856573705179
3 0.6834348595008842 0.5547808764940239 0.033012379642365884 0.0951195219123506
3 0.5691687954411476 0.547933266932271 0.048143053645116916 0.10682270916334662
3 0.6146590685792886 0.5490537848605578 0.0483395559048929 0.11055776892430279
3 0.32275496168205936 0.5622509960159362 0.03478089998034977 0.09611553784860558
3 0.5978581253684417 0.438496015936255 0.049715071723324816 0.10806772908366534
3 0.6432501473766948 0.4388695219123506 0.04735704460601297 0.11329681274900398
3 0.390155236785223 0.552664342629482 0.04460601296914914 0.10632470119521913
3 0.3554725879347613 0.45443227091633465 0.04716054234623698 0.1100597609561753
3 0.3215759481234034 0.46127988047808766 0.03635291805855767 0.09686254980079681
