0 0.6594166666666667 0.5055 0.0028333333333333335 0.0075
0 0.6893333333333334 0.449 0.0013333333333333333 0.0015
0 0.63225 0.563 0.0018333333333333333 0.0055
3 0.4545 0.586125 0.04533333333333334 0.06075
0 0.6413333333333333 0.5525 0.007666666666666666 0.009
0 0.36775 0.30675 0.0045 0.007
3 0.5080833333333333 0.5895 0.04783333333333333 0.0835
3 0.6315 0.595625 0.052333333333333336 0.05875
3 0.36633333333333334 0.349 0.074 0.1175
3 0.40066666666666667 0.5095 0.063 0.072
3 0.6588333333333334 0.564375 0.05533333333333333 0.07875
3 0.7016666666666667 0.439125 0.08266666666666667 0.12025
0 0.4025 0.489125 0.005 0.00575
0 0.6384166666666666 0.563875 0.0045 0.00825
0 0.73075 0.453875 0.0045 0.01075
0 0.42925 0.542125 0.0025 0.00375
0 0.4350833333333333 0.567 0.008833333333333334 0.0135
3 0.5533333333333333 0.604375 0.046 0.07875
3 0.674 0.508875 0.06133333333333333 0.08475
3 0.48075 0.623125 0.0545 0.04425
3 0.5954166666666667 0.62025 0.05316666666666667 0.0525
3 0.4215 0.5625 0.05333333333333334 0.07
