3 0.43723554301833567 0.3442887931034483 0.14273624823695347 0.12679597701149425
3 0.6966149506346968 0.6533764367816092 0.10465444287729196 0.10991379310344827
3 0.5976022566995769 0.6758261494252874 0.09732016925246827 0.11314655172413793
3 0.22820874471086036 0.5854885057471264 0.08744710860366714 0.13936781609195403
3 0.408885754583921 0.6636135057471264 0.08998589562764457 0.12464080459770115
0 0.8296191819464034 0.3656609195402299 0.039492242595204514 0.022988505747126436
1 0.5853314527503526 0.3714080459770115 0.08011283497884344 0.035919540229885055
3 0.5875881523272214 0.3516522988505747 0.1466854724964739 0.08979885057471264
3 0.5002820874471086 0.6812140804597702 0.08998589562764457 0.11530172413793104
3 0.8205923836389281 0.3615301724137931 0.07954866008462623 0.08010057471264367
3 0.3156558533145275 0.32076149425287354 0.10098730606488011 0.11709770114942529
3 0.7207334273624824 0.34195402298850575 0.11057827926657264 0.07902298850574713
3 0.3174894217207334 0.6336206896551724 0.0922425952045134 0.1206896551724138
