3 0.5518463259977621 0.773006993006993 0.1092875792614696 0.1916083916083916
3 0.34231629988810147 0.7576223776223776 0.10574412532637076 0.17762237762237762
3 0.2518649757553152 0.7668531468531469 0.09194330473703842 0.1765034965034965
3 0.21829541215964193 0.5727272727272728 0.15087653860499814 0.31580419580419583
0 0.29839612085042894 0.5316083916083916 0.016038791495710556 0.017622377622377623
3 0.12290190227527042 0.5963636363636363 0.07049608355091384 0.23272727272727273
3 0.42959716523685193 0.506993006993007 0.12103692651995523 0.11664335664335665
0 0.7715404699738904 0.5724475524475524 0.019022752704214847 0.041118881118881116
3 0.7020701230883999 0.5931468531468531 0.14378963073480044 0.260979020979021
3 0.4423722491607609 0.7695104895104895 0.10966057441253264 0.173986013986014
3 0.7473890339425587 0.7709090909090909 0.10649011562849683 0.1918881118881119
3 0.8056695262961582 0.5541258741258741 0.08802685565087653 0.31272727272727274
3 0.30986572174561733 0.5289510489510489 0.10984707198806415 0.10965034965034966
3 0.5765572547556882 0.5152447552447552 0.1258858634837747 0.12531468531468531
1 0.4347258485639687 0.5391608391608391 0.0660201417381574 0.05006993006993007
0 0.27200671391271913 0.5766433566433566 0.008392390898918314 0.017622377622377623
1 0.8299142111152555 0.4251748251748252 0.034688549048862365 0.053706293706293706
3 0.6513427825438269 0.7678321678321678 0.10984707198806415 0.19972027972027973
3 0.17316299888101455 0.7815384615384615 0.07403953748601268 0.17902097902097902
