3 0.3758469144845266 0.4008514144465806 0.03644021241530855 0.07443010162043395
3 0.6282732100347922 0.3201043669321615 0.04468046145394616 0.1304586652018676
3 0.5862479399377404 0.33163965943422136 0.04522981138985534 0.12771216698709145
3 0.39452481230543857 0.3169458939851689 0.047427211133492034 0.12908541609447954
3 0.5272843801501557 0.3422136775611096 0.07452847463834462 0.13293051359516617
3 0.35387291704815965 0.30705850041197474 0.0375389122871269 0.13128261466630048
3 0.4151254349020326 0.40291128810766275 0.048342794360007324 0.07909914858555342
3 0.4524812305438564 0.3393298544355946 0.07581029115546603 0.13924745948915132
3 0.4609045962277971 0.4279044218621258 0.04504669474455228 0.043943971436418566
3 0.5063175242629555 0.42392199945070036 0.04248306171030947 0.048063718758582806
