3 0.6506237688772161 0.48912768647281923 0.06500328299409061 0.13274336283185842
3 0.6447143795141169 0.6159292035398231 0.07078135259356533 0.17597977243994944
3 0.37504924491135916 0.6013906447534766 0.07038739330269206 0.16763590391908975
3 0.5283650689428759 0.43426042983565105 0.06263952724885095 0.1484197218710493
3 0.46572554169402497 0.418204804045512 0.0623768877216021 0.15575221238938053
3 0.5900853578463559 0.45853350189633374 0.05896257386736704 0.15853350189633375
3 0.5612606697307945 0.60897597977244 0.10085357846355876 0.22275600505689
3 0.3980302035456336 0.43881163084702907 0.07432698621142482 0.18078381795195955
3 0.34051214707813526 0.46017699115044247 0.059619172685489163 0.17092288242730722
3 0.30801050558108994 0.609228824273072 0.06421536441234406 0.16915297092288242
3 0.7047931713722916 0.6427307206068268 0.054629021667761 0.188621997471555
3 0.4604070912672357 0.5964601769911504 0.09927774130006566 0.20581542351453855
