3 0.2387873754152824 0.7599231754161332 0.15199335548172757 0.2112676056338028
0 0.09786821705426356 0.19611609048228767 0.005260243632336656 0.009816474605207
3 0.8866279069767442 0.19782330345710628 0.17358803986710963 0.2880921895006402
0 0.2387873754152824 0.5422535211267606 0.005813953488372093 0.006402048655569782
0 0.323781838316722 0.952198036705079 0.0069213732004429675 0.017072129748186088
0 0.9591638981173864 0.16239863422962014 0.0069213732004429675 0.03713188220230474
3 0.11572535991140642 0.3119931711481007 0.17940199335548174 0.2893725992317542
0 0.7816998892580288 0.6423388817755015 0.009689922480620155 0.01195049082373026
0 0.7894518272425249 0.5827998292787026 0.007475083056478406 0.007255655142979087
1 0.2462624584717608 0.5932565087494664 0.04512735326688815 0.06828851899274435
3 0.8513289036544851 0.46286811779769527 0.17663344407530454 0.29577464788732394
3 0.8161683277962348 0.8634229620145113 0.1256921373200443 0.1988903115663679
3 0.824750830564784 0.6728553137003841 0.1583610188261351 0.20187793427230047
3 0.1821705426356589 0.5469483568075117 0.18327796234772978 0.29748186086214257
3 0.2915282392026578 0.9097311139564661 0.13122923588039867 0.17968416559965855
