3 0.48617216117216117 0.5323894491854151 0.06648351648351648 0.11132660977501939
3 0.7028388278388278 0.3915826221877424 0.06208791208791209 0.19278510473235067
3 0.3055860805860806 0.48332040341349886 0.0478021978021978 0.16912335143522111
3 0.5574175824175824 0.39061287820015517 0.10311355311355311 0.24592707525213345
3 0.4522893772893773 0.3834367726920093 0.10824175824175825 0.2370054305663305
3 0.31437728937728937 0.3638479441427463 0.06208791208791209 0.20480993017843288
3 0.6167582417582418 0.49883630721489525 0.06282051282051282 0.12412723041117145
3 0.642948717948718 0.37936384794414274 0.06904761904761905 0.18463925523661753
3 0.5542124542124542 0.5416989914662529 0.06556776556776557 0.06710628394103957
3 0.3700549450549451 0.3708301008533747 0.06501831501831502 0.18231186966640806
3 0.41474358974358977 0.5089216446858029 0.07417582417582418 0.12723041117145073
3 0.3556776556776557 0.5038789759503491 0.05201465201465202 0.1373157486423584
