3 0.6713967723984419 0.330173775671406 0.0439621591541458 0.08530805687203792
3 0.6267390094602114 0.34096893101632436 0.04869226488592098 0.08688783570300158
3 0.526989426822482 0.75144813059505 0.05008347245409015 0.08214849921011058
3 0.4372565386755704 0.7256450763559769 0.04257095158597663 0.08425487098472881
0 0.47189760712298273 0.35150078988941547 0.0038953811908736783 0.013164823591363875
3 0.4037284362826934 0.3320168509741969 0.051196438508625486 0.08162190626645603
3 0.47704507512520866 0.7474986835176408 0.040901502504173626 0.06582411795681938
3 0.5824986087924319 0.7601369141653502 0.04869226488592098 0.05634544497103739
0 0.6235392320534223 0.3420221169036335 0.01001669449081803 0.014218009478672985
1 0.6163049526989427 0.34965771458662454 0.027267668336115748 0.04739336492890995
3 0.6275737340011129 0.7361769352290679 0.037006121313299944 0.09057398630858346
3 0.6547022815804118 0.6985255397577672 0.042292710072342796 0.09741969457609267
3 0.4540901502504174 0.34281200631911535 0.05063995548135782 0.09057398630858346
