3 0.6282894736842105 0.26329495614035087 0.21747076023391812 0.38514254385964913
3 0.8109466374269005 0.23601973684210525 0.16575292397660818 0.33168859649122806
3 0.4659173976608187 0.6518640350877193 0.15917397660818713 0.2916666666666667
3 0.18804824561403508 0.6112938596491229 0.1703216374269006 0.3503289473684211
3 0.7124451754385965 0.6155427631578947 0.16429093567251463 0.33415570175438597
3 0.6160453216374269 0.6518640350877193 0.16885964912280702 0.2949561403508772
3 0.3414656432748538 0.6001918859649122 0.15478801169590642 0.3215460526315789
3 0.22194809941520469 0.21340460526315788 0.17160087719298245 0.3363486842105263
3 0.4090826023391813 0.24862938596491227 0.2235014619883041 0.3996710526315789
3 0.852796052631579 0.6443256578947368 0.15332602339181287 0.3385416666666667
