3 0.2991666666666667 0.7680798004987531 0.105 0.17955112219451372
0 0.35 0.7680798004987531 0.03 0.014962593516209476
3 0.2375 0.6471321695760599 0.11166666666666666 0.20698254364089774
3 0.5366666666666666 0.8129675810473815 0.09 0.11970074812967581
0 0.5225 0.7680798004987531 0.041666666666666664 0.014962593516209476
3 0.3616666666666667 0.816708229426434 0.08666666666666667 0.14214463840399003
3 0.44666666666666666 0.8154613466334164 0.09 0.12967581047381546
3 0.7358333333333333 0.6034912718204489 0.125 0.18952618453865336
0 0.615 0.7256857855361596 0.02666666666666667 0.0199501246882793
0 0.1025 0.42768079800498754 0.018333333333333333 0.04239401496259352
0 0.635 0.78428927680798 0.03333333333333333 0.09725685785536159
0 0.15333333333333332 0.4226932668329177 0.023333333333333334 0.04738154613466334
0 0.17333333333333334 0.38403990024937656 0.013333333333333334 0.014962593516209476
0 0.5966666666666667 0.8179551122194514 0.04 0.06982543640897755
3 0.8291666666666667 0.32418952618453867 0.18166666666666667 0.23940149625935161
3 0.6808333333333333 0.7356608478802993 0.09833333333333333 0.20448877805486285
0 0.6891666666666667 0.78428927680798 0.075 0.09725685785536159
3 0.7766666666666666 0.47506234413965087 0.13666666666666666 0.17206982543640897
3 0.2025 0.5199501246882793 0.12166666666666667 0.16708229426433915
3 0.1575 0.3778054862842893 0.16833333333333333 0.256857855361596
1 0.8191666666666667 0.39526184538653364 0.12166666666666667 0.09725685785536159
3 0.6083333333333333 0.7830423940149626 0.08666666666666667 0.1596009975062344
1 0.78 0.5049875311720698 0.10333333333333333 0.1172069825436409
1 0.8841666666666667 0.1658354114713217 0.11166666666666666 0.14214463840399003
3 0.8641666666666666 0.12967581047381546 0.15166666666666667 0.2194513715710723
1 0.7375 0.6346633416458853 0.115 0.1172069825436409
1 0.17166666666666666 0.4451371571072319 0.12666666666666668 0.12219451371571072
1 0.15 0.2506234413965087 0.04666666666666667 0.06234413965087282
0 0.4225 0.7830423940149626 0.018333333333333333 0.00997506234413965
1 0.215 0.5523690773067331 0.07666666666666666 0.09226932668329177
1 0.07083333333333333 0.20324189526184538 0.025 0.08229426433915212
1 0.25083333333333335 0.683291770573566 0.075 0.12967581047381546
0 0.14416666666666667 0.371571072319202 0.03166666666666667 0.02493765586034913
0 0.1225 0.3229426433915212 0.025 0.022443890274314215
0 0.26666666666666666 0.6122194513715711 0.013333333333333334 0.022443890274314215
3 0.12916666666666668 0.1745635910224439 0.155 0.2144638403990025
