3 0.9155337864854058 0.5076461769115442 0.1485405837664934 0.15592203898050974
3 0.08116753298680528 0.38830584707646176 0.15073970411835266 0.2128935532233883
3 0.5018992403038784 0.45382308845577213 0.1605357856857257 0.18320839580209894
3 0.2113154738104758 0.4043478260869565 0.13594562175129948 0.19220389805097451
3 0.36155537784886044 0.4151424287856072 0.16453418632546982 0.2413793103448276
3 0.6422431027588964 0.4686656671664168 0.12974810075969612 0.16311844077961019
3 0.5891643342662934 0.5883058470764617 0.13074770091963214 0.17091454272863568
3 0.7851859256297481 0.45187406296851573 0.1565373850459816 0.16911544227886058
3 0.22211115553778488 0.5344827586206896 0.11395441823270691 0.15142428785607195
3 0.7479008396641343 0.5724137931034483 0.18592562974810076 0.15712143928035982
3 0.9201319472211116 0.3995502248875562 0.13134746101559377 0.15562218890554722
3 0.3130747700919632 0.5721139430284857 0.1439424230307877 0.21349325337331335
3 0.11995201919232307 0.5298350824587706 0.09116353458616554 0.16131934032983508
0 0.9639144342263095 0.4970014992503748 0.00819672131147541 0.019490254872563718
3 0.4539184326269492 0.587256371814093 0.14334266293482606 0.21319340329835082
