3 0.589902052238806 0.5124648876404494 0.1550839552238806 0.27422752808988765
3 0.7158348880597015 0.5252808988764045 0.1070429104477612 0.23876404494382023
3 0.43295242537313433 0.5071980337078652 0.1574160447761194 0.2601825842696629
3 0.9458955223880597 0.6483497191011236 0.05177238805970149 0.1639747191011236
3 0.216767723880597 0.5732092696629213 0.0865205223880597 0.2440308988764045
3 0.9064832089552238 0.6137640449438202 0.054104477611940295 0.15660112359550563
3 0.8648554104477612 0.5909410112359551 0.05247201492537314 0.17415730337078653
3 0.15321828358208955 0.6118328651685393 0.05223880597014925 0.19838483146067415
3 0.8112173507462687 0.5663623595505618 0.0888526119402985 0.2303370786516854
3 0.30981809701492535 0.5317766853932584 0.1070429104477612 0.23771067415730338
