3 0.7848983321909984 0.4223783413296779 0.1496458761708933 0.20322138450993832
3 0.228581220013708 0.3036326250856751 0.10806488462417181 0.15421521590130227
3 0.5797349782956362 0.16466758053461275 0.1601553575508339 0.17032213845099384
3 0.29734978295636283 0.20390678546949967 0.11994516792323509 0.16175462645647704
0 0.7936943111720356 0.4588759424263194 0.059401416495316425 0.0568882796435915
3 0.7465158784555632 0.29797806716929404 0.13045464930317568 0.18334475668265934
3 0.6846013251085218 0.22258396161754626 0.09984007310943568 0.16552433173406442
3 0.21361663239661868 0.4072995202193283 0.1562714187799863 0.16415352981494175
3 0.8276216586703221 0.5104523646333105 0.16929403701165183 0.19088416723783413
0 0.8558373315055975 0.5483207676490747 0.06488462417180717 0.0363262508567512
3 0.42586246287411467 0.1629540781357094 0.15809915467214988 0.16895133653187114
