0 0.296875 0.6 0.02375 0.013186813186813187
0 0.3325 0.545054945054945 0.01 0.06153846153846154
1 0.975625 0.3208791208791209 0.04625 0.09230769230769231
0 0.269375 0.6417582417582418 0.00875 0.026373626373626374
3 0.326875 0.6054945054945055 0.26375 0.4065934065934066
3 0.92375 0.34285714285714286 0.15 0.2989010989010989
3 0.57 0.5131868131868131 0.28 0.42417582417582417
3 0.778125 0.44835164835164837 0.19125 0.33406593406593404
0 0.375 0.5868131868131868 0.0225 0.008791208791208791
1 0.955625 0.4087912087912088 0.02625 0.035164835164835165
