3 0.39370883488530545 0.6867120954003407 0.09470815353168294 0.2
3 0.20951623892800364 0.6061328790459966 0.08789461730638201 0.14310051107325383
3 0.7221212809448103 0.32180579216354344 0.0992505110152169 0.23611584327086882
3 0.23904156257097434 0.6534923339011925 0.08017260958437429 0.19148211243611585
3 0.34181240063593005 0.3303236797274276 0.09993186463774699 0.23407155025553664
3 0.8039972745855098 0.3051107325383305 0.07404042698160346 0.21499148211243613
3 0.7324551442198501 0.6528109028960818 0.08221667045196457 0.18943781942078364
3 0.46241199182375653 0.33594548551959114 0.14671814671814673 0.27325383304940376
3 0.24914830797183737 0.3197614991482112 0.08675902793549853 0.22862010221465076
3 0.5681353622530093 0.6938671209540034 0.0897115602997956 0.21022146507666098
3 0.48058142175789237 0.6982964224872231 0.0885759709289121 0.2040885860306644
3 0.307631160572337 0.6787052810902896 0.09016579604814899 0.2160136286201022
3 0.1882807176924824 0.3129471890971039 0.06359300476947535 0.1836456558773424
3 0.8016125369066546 0.6362862010221465 0.08516920281626164 0.17342419080068144
3 0.6060640472405179 0.3293015332197615 0.14512832159890984 0.26882453151618396
3 0.6540994776288894 0.676831345826235 0.0894844424256189 0.1979557069846678
