3 0.39228295819935693 0.09765625 0.09003215434083602 0.1015625
3 0.7186495176848875 0.130859375 0.08038585209003216 0.08984375
3 0.8472668810289389 0.7421875 0.15112540192926044 0.1640625
0 0.14308681672025725 0.71484375 0.03536977491961415 0.0234375
3 0.27009646302250806 0.271484375 0.12861736334405144 0.12890625
3 0.617363344051447 0.080078125 0.12218649517684887 0.09765625
3 0.7845659163987139 0.2109375 0.09646302250803858 0.1171875
3 0.30064308681672025 0.169921875 0.10610932475884244 0.12890625
3 0.1945337620578778 0.5078125 0.15755627009646303 0.2109375
0 0.2620578778135048 0.291015625 0.06752411575562701 0.08203125
3 0.8392282958199357 0.595703125 0.15434083601286175 0.19140625
0 0.2427652733118971 0.548828125 0.01607717041800643 0.01171875
0 0.22347266881028938 0.365234375 0.11254019292604502 0.09765625
3 0.49356913183279744 0.076171875 0.1189710610932476 0.09765625
3 0.13665594855305466 0.798828125 0.13183279742765272 0.16015625
3 0.14790996784565916 0.65625 0.15434083601286175 0.1875
3 0.8311897106109325 0.4453125 0.12540192926045016 0.1171875
0 0.8231511254019293 0.3828125 0.012861736334405145 0.015625
