3 0.6151717777265391 0.7985736925515056 0.09960802397970947 0.18858954041204437
3 0.394973483975098 0.815689381933439 0.11620936130966106 0.1866877971473851
3 0.13488586580585657 0.11774960380348654 0.15494581507954808 0.23169572107765452
3 0.6833064330182154 0.7345483359746434 0.12566290062255014 0.186053882725832
1 0.32545538390592577 0.6763866877971474 0.04357851049112289 0.06782884310618066
3 0.5347014065021904 0.8101426307448495 0.08577357620474983 0.13946117274167988
2 0.6151717777265391 0.7611727416798733 0.09315194835139497 0.042789223454833596
0 0.36257781876873413 0.6846275752773375 0.08554300207516717 0.10206022187004754
3 0.342633156559834 0.720919175911252 0.1258934747521328 0.2
0 0.3843670740142956 0.8768621236133122 0.04011989854738298 0.06687797147385104
3 0.27691952962877564 0.6093502377179081 0.1194373991238183 0.1606973058637084
3 0.7667742679271385 0.6530903328050713 0.13350242102836063 0.17781299524564184
3 0.22515563753746828 0.4832012678288431 0.12012912151256629 0.1664025356576862
3 0.8226884943509338 0.5207606973058637 0.1235877334563062 0.19270998415213947
3 0.4632234263315656 0.8250396196513471 0.08761816924141111 0.15847860538827258
