3 0.47820216049382713 0.4431423611111111 0.09452160493827161 0.1021412037037037
3 0.5600887345679012 0.45023148148148145 0.06577932098765432 0.13483796296296297
0 0.5398341049382716 0.45167824074074076 0.017939814814814815 0.018518518518518517
0 0.4401041666666667 0.5844907407407407 0.010223765432098766 0.018518518518518517
0 0.3332368827160494 0.4564525462962963 0.017554012345679014 0.0234375
3 0.5236304012345679 0.5305266203703703 0.04841820987654321 0.13975694444444445
3 0.47781635802469136 0.5470196759259259 0.05478395061728395 0.10908564814814815
0 0.31828703703703703 0.4586226851851852 0.0073302469135802465 0.02141203703703704
3 0.42390046296296297 0.5258969907407407 0.05767746913580247 0.14322916666666666
3 0.27035108024691357 0.49233217592592593 0.05343364197530864 0.13049768518518517
3 0.6227816358024691 0.4552951388888889 0.06385030864197531 0.1293402777777778
3 0.3768325617283951 0.5167824074074074 0.057291666666666664 0.14293981481481483
3 0.32320601851851855 0.5311053240740741 0.05459104938271605 0.10445601851851852
3 0.5803433641975309 0.5419560185185185 0.07156635802469136 0.12037037037037036
1 0.5404128086419753 0.4497974537037037 0.025270061728395063 0.03211805555555555
3 0.3283179012345679 0.4703414351851852 0.07291666666666667 0.12239583333333333
1 0.32976466049382713 0.4769965277777778 0.033371913580246916 0.0697337962962963
