3 0.15631056201550386 0.7001271802325582 0.11252422480620156 0.29087936046511625
3 0.745094476744186 0.338390261627907 0.14522771317829458 0.31813226744186046
3 0.3638565891472868 0.6768713662790697 0.11143410852713179 0.274890988372093
3 0.23703972868217055 0.38499273255813954 0.13275193798449614 0.30523255813953487
3 0.8707000968992248 0.32058502906976744 0.14474321705426357 0.33848110465116277
3 0.5918725775193798 0.35065406976744184 0.2091812015503876 0.35719476744186046
3 0.6243338178294574 0.6968568313953488 0.15782461240310078 0.3112281976744186
3 0.7453367248062015 0.7282885174418605 0.11470445736434108 0.26580668604651164
3 0.25551114341085274 0.6917696220930233 0.11349321705426356 0.2945130813953488
3 0.48407218992248063 0.67578125 0.13335755813953487 0.29160610465116277
3 0.11900436046511628 0.39680232558139533 0.1091327519379845 0.30486918604651164
0 0.8366036821705426 0.7225654069767442 0.1184593023255814 0.2245639534883721
3 0.05420300387596899 0.7328306686046512 0.10574127906976744 0.3243095930232558
3 0.39232073643410853 0.36682412790697677 0.20300387596899225 0.34375
