3 0.7704166666666666 0.626875 0.12716666666666668 0.15975
3 0.36033333333333334 0.8345 0.104 0.135
3 0.19058333333333333 0.312625 0.14716666666666667 0.22175
3 0.24566666666666667 0.6275 0.12733333333333333 0.162
3 0.8465 0.16725 0.13966666666666666 0.204
3 0.75275 0.764125 0.1105 0.16775
3 0.45458333333333334 0.876875 0.11483333333333333 0.16175
3 0.6626666666666666 0.8295 0.09566666666666666 0.144
3 0.21658333333333332 0.481 0.12683333333333333 0.1605
3 0.79875 0.484375 0.12616666666666668 0.15225
3 0.27466666666666667 0.764125 0.11166666666666666 0.16525
1 0.8400833333333333 0.109875 0.0855 0.05325
3 0.82 0.322375 0.145 0.21675
1 0.7996666666666666 0.400125 0.017333333333333333 0.02275
3 0.5669166666666666 0.8645 0.11516666666666667 0.154
0 0.21016666666666667 0.511375 0.0013333333333333333 0.00325
3 0.1665 0.15175 0.139 0.205
