1 0.5537229938271605 0.4609375 0.02797067901234568 0.03125
3 0.5087770061728395 0.48466435185185186 0.057291666666666664 0.0798611111111111
3 0.6427469135802469 0.48582175925925924 0.040123456790123455 0.061921296296296294
3 0.6584683641975309 0.5211226851851852 0.033371913580246916 0.04918981481481482
0 0.5223765432098766 0.4969618055555556 0.004243827160493827 0.006655092592592593
3 0.6011766975308642 0.4856770833333333 0.046489197530864196 0.08998842592592593
0 0.6358989197530864 0.5565682870370371 0.010609567901234568 0.009548611111111112
3 0.5802469135802469 0.5277777777777778 0.04243827160493827 0.06828703703703703
3 0.5419560185185185 0.5289351851851852 0.031828703703703706 0.0763888888888889
3 0.5146604938271605 0.5337094907407407 0.02854938271604938 0.0697337962962963
3 0.6223958333333334 0.5321180555555556 0.04070216049382716 0.0630787037037037
0 0.5376157407407407 0.49623842592592593 0.003472222222222222 0.008101851851851851
3 0.5517939814814815 0.4898726851851852 0.04533179012345679 0.08912037037037036
