3 0.4316481523464067 0.08383961117861483 0.11335298118340513 0.14823815309842042
3 0.5451144865109953 0.08262454434993925 0.11493992291997279 0.14763061968408261
3 0.6321695760598504 0.11284933171324422 0.10133756517796418 0.15097205346294046
3 0.243708909544321 0.3172843256379101 0.10927227386080254 0.16737545565006076
3 0.21310360462480163 0.4236026731470231 0.1255951031512129 0.1655528554070474
3 0.13126275221038314 0.6418590522478737 0.15234640671049648 0.18955042527339003
3 0.75266379505781 0.43970230862697446 0.1283155746996146 0.15826245443499393
3 0.7238721378372251 0.3270048602673147 0.11652686465654047 0.16190765492102066
3 0.8411924733620494 0.695321992709599 0.12944910451144864 0.12697448359659783
3 0.2787349807299932 0.21385176184690158 0.10587168442530039 0.18833535844471447
3 0.3430061210609839 0.11041919805589308 0.09703015189299478 0.13639125151883352
3 0.17343006121060983 0.5282503037667071 0.12967581047381546 0.16342648845686514
3 0.691113126275221 0.20473876063183474 0.10768533212423487 0.17132442284325639
3 0.7883699841305827 0.5707776427703524 0.15665381999546588 0.21142162818955043
