0 0.3991228070175439 0.450689448441247 0.0025584795321637425 0.011690647482014389
0 0.38980263157894735 0.5230815347721822 0.005116959064327485 0.01498800959232614
0 0.3825840643274854 0.5062949640287769 0.002010233918128655 0.008393285371702638
0 0.40634137426900585 0.4324040767386091 0.006761695906432748 0.01408872901678657
0 0.3967470760233918 0.46747601918465226 0.0029239766081871343 0.006894484412470024
0 0.3838633040935672 0.5286270983213429 0.017361111111111112 0.040467625899280574
0 0.3953764619883041 0.4746702637889688 0.0009137426900584795 0.005095923261390888
0 0.39437134502923976 0.48651079136690645 0.0007309941520467836 0.004196642685851319
0 0.4439875730994152 0.4712230215827338 0.0027412280701754384 0.008992805755395683
0 0.4444444444444444 0.4608812949640288 0.001827485380116959 0.0044964028776978415
0 0.44069809941520466 0.447242206235012 0.005665204678362573 0.014388489208633094
0 0.4766995614035088 0.4616306954436451 0.006030701754385965 0.02158273381294964
0 0.5220211988304093 0.5580035971223022 0.027595029239766082 0.020083932853717026
0 0.3481359649122807 0.4267086330935252 0.03508771929824561 0.026678657074340528
0 0.5073099415204678 0.41801558752997603 0.031067251461988302 0.042865707434052755
0 0.5221125730994152 0.5098920863309353 0.006944444444444444 0.047961630695443645
3 0.6079130116959064 0.49745203836930457 0.08534356725146199 0.15857314148681056
3 0.35754751461988304 0.48006594724220625 0.07072368421052631 0.17535971223021582
3 0.4245248538011696 0.48126498800959233 0.06396198830409357 0.15977218225419665
3 0.507218567251462 0.48381294964028776 0.08534356725146199 0.17565947242206234
0 0.36659356725146197 0.4685251798561151 0.019371345029239765 0.05515587529976019
0 0.45074926900584794 0.5124400479616307 0.011513157894736841 0.050059952038369306
0 0.6758954678362573 0.5016486810551559 0.052083333333333336 0.12200239808153478
3 0.6811038011695907 0.5142386091127098 0.06359649122807018 0.1471822541966427
0 0.42023026315789475 0.4136690647482014 0.003837719298245614 0.002398081534772182
0 0.32648026315789475 0.49910071942446044 0.003472222222222222 0.02997601918465228
0 0.5717288011695907 0.49670263788968827 0.012975146198830409 0.08992805755395683
