0 0.21081081081081082 0.4186440677966102 0.03513513513513514 0.09491525423728814
3 0.8337837837837838 0.411864406779661 0.1945945945945946 0.29152542372881357
3 0.3013513513513513 0.4271186440677966 0.15945945945945947 0.29152542372881357
3 0.5824324324324325 0.6644067796610169 0.17297297297297298 0.2847457627118644
3 0.6635135135135135 0.41271186440677965 0.20270270270270271 0.29322033898305083
3 0.15878378378378377 0.43389830508474575 0.13918918918918918 0.26101694915254237
1 0.4560810810810811 0.2838983050847458 0.060810810810810814 0.07627118644067797
3 0.3885135135135135 0.6779661016949152 0.1662162162162162 0.29152542372881357
3 0.23783783783783785 0.6644067796610169 0.15135135135135136 0.23389830508474577
3 0.46554054054054056 0.411864406779661 0.17702702702702702 0.33220338983050846
3 0.7256756756756757 0.6398305084745762 0.15675675675675677 0.21525423728813559
1 0.28986486486486485 0.3305084745762712 0.07162162162162163 0.09830508474576272
0 0.28986486486486485 0.3305084745762712 0.07162162162162163 0.09830508474576272
