1 0.5078446502057613 0.48080065359477125 0.009002057613168725 0.02696078431372549
3 0.4138374485596708 0.4861111111111111 0.048868312757201646 0.059640522875817
3 0.5360082304526749 0.4769199346405229 0.06481481481481481 0.07393790849673203
1 0.42862654320987653 0.4838643790849673 0.017232510288065845 0.026552287581699346
3 0.5650720164609053 0.5273692810457516 0.044238683127572016 0.059640522875817
3 0.43621399176954734 0.536968954248366 0.043209876543209874 0.04044117647058824
3 0.5839763374485597 0.4605800653594771 0.03780864197530864 0.05841503267973856
3 0.5228909465020576 0.5355392156862745 0.04526748971193416 0.049019607843137254
3 0.4799382716049383 0.5390114379084967 0.043209876543209874 0.0428921568627451
3 0.6069958847736625 0.508578431372549 0.03909465020576132 0.0661764705882353
3 0.363940329218107 0.4826388888888889 0.04938271604938271 0.06004901960784314
3 0.46733539094650206 0.4869281045751634 0.06275720164609054 0.06290849673202614
1 0.466820987654321 0.4824346405228758 0.062242798353909466 0.035130718954248366
3 0.3963477366255144 0.5212418300653595 0.0360082304526749 0.051470588235294115
