0 0.3277179236043095 0.6972679200940071 0.012536728697355533 0.03202115158636898
0 0.7952007835455436 0.6581962397179788 0.00881488736532811 0.013807285546415981
0 0.8008814887365329 0.686545240893067 0.004113614103819784 0.04054054054054054
3 0.5802154750244858 0.6182432432432432 0.16885406464250735 0.26527614571092833
0 0.42331047992164544 0.6100176263219741 0.04387855044074437 0.06198589894242068
3 0.7646425073457395 0.76189776733255 0.11811949069539666 0.1354289071680376
3 0.8278158667972576 0.6514394829612221 0.16258570029382957 0.32226792009400707
3 0.2753183153770813 0.6755287896592245 0.13300685602350637 0.21944770857814336
3 0.555435847208619 0.7674794359576969 0.10440744368266405 0.1935957696827262
3 0.6714985308521058 0.7480904817861339 0.1308521057786484 0.19653349001175088
3 0.16924583741429972 0.618683901292597 0.09676787463271302 0.29494712103407755
3 0.44779627815866796 0.7717391304347826 0.11165523996082272 0.2144535840188014
1 0.7794319294809011 0.6477673325499412 0.06503428011753183 0.18507638072855465
0 0.37639569049951027 0.6837544065804936 0.02526934378060725 0.060810810810810814
3 0.4054848188050931 0.6454171562867215 0.16611165523996083 0.20211515863689777
0 0.7190989226248776 0.5589012925969448 0.10656219392752203 0.16245593419506463
