3 0.3351779513888889 0.5771122685185185 0.07313368055555555 0.12876157407407407
3 0.197265625 0.5523726851851852 0.0642361111111111 0.12037037037037036
3 0.5168185763888888 0.5967881944444444 0.09309895833333333 0.1333912037037037
3 0.4827473958333333 0.47757523148148145 0.1095920138888889 0.12355324074074074
3 0.3648003472222222 0.4522569444444444 0.1323784722222222 0.15104166666666666
3 0.2588975694444444 0.5737847222222222 0.07855902777777778 0.12962962962962962
3 0.6676432291666666 0.5882523148148148 0.07139756944444445 0.10127314814814815
3 0.5868055555555556 0.4856770833333333 0.1032986111111111 0.12991898148148148
3 0.1736111111111111 0.4330150462962963 0.04774305555555555 0.12065972222222222
3 0.5979817708333334 0.5931712962962963 0.08485243055555555 0.10474537037037036
3 0.6698133680555556 0.5065104166666666 0.0779079861111111 0.10271990740740741
3 0.2488064236111111 0.44068287037037035 0.11480034722222222 0.14351851851851852
3 0.4202473958333333 0.5827546296296297 0.0974392361111111 0.12210648148148148
