3 0.5607638888888888 0.5575810185185185 0.06867283950617284 0.11747685185185185
0 0.4132908950617284 0.5684317129629629 0.009837962962962963 0.05642361111111111
3 0.39602623456790126 0.53515625 0.07098765432098765 0.12471064814814815
3 0.6670524691358025 0.4266493055555556 0.07214506172839506 0.18605324074074073
3 0.5129243827160493 0.5609085648148148 0.07368827160493827 0.10908564814814815
3 0.45003858024691357 0.55078125 0.07021604938271606 0.12181712962962964
3 0.5933641975308642 0.4285300925925926 0.0787037037037037 0.1869212962962963
3 0.5021219135802469 0.41550925925925924 0.10686728395061729 0.171875
0 0.47762345679012347 0.5983796296296297 0.019290123456790122 0.028935185185185185
3 0.33111496913580246 0.5347222222222222 0.06076388888888889 0.0943287037037037
3 0.2650462962962963 0.4223090277777778 0.056712962962962965 0.1646412037037037
1 0.5736882716049383 0.4476273148148148 0.03009259259259259 0.041087962962962965
0 0.33294753086419754 0.41796875 0.028935185185185185 0.028645833333333332
1 0.3347800925925926 0.43721064814814814 0.03530092592592592 0.06770833333333333
3 0.33381558641975306 0.4074074074074074 0.08275462962962964 0.1712962962962963
0 0.5713734567901234 0.4479166666666667 0.018518518518518517 0.03009259259259259
3 0.6220100308641975 0.5642361111111112 0.07619598765432099 0.10300925925925926
