3 0.5209441489361702 0.5905129482071713 0.05285904255319149 0.1665836653386454
3 0.2861535904255319 0.5763197211155379 0.07097739361702128 0.11728087649402391
3 0.6339760638297872 0.4196962151394422 0.04488031914893617 0.1625996015936255
3 0.6232546542553191 0.5856573705179283 0.04571143617021277 0.16334661354581673
3 0.4601063829787234 0.5974850597609562 0.06715425531914894 0.16857569721115537
3 0.577626329787234 0.5921314741035857 0.059507978723404256 0.16185258964143426
3 0.3405917553191489 0.5764442231075697 0.06914893617021277 0.1299800796812749
3 0.3351063829787234 0.4586653386454183 0.0641622340425532 0.14143426294820718
3 0.40142952127659576 0.4363794820717131 0.07380319148936171 0.1526394422310757
3 0.27667885638297873 0.4626494023904382 0.05834441489361702 0.12798804780876494
3 0.5736369680851063 0.4195717131474104 0.08610372340425532 0.1802788844621514
3 0.39303523936170215 0.5967380478087649 0.06798537234042554 0.1665836653386454
3 0.4829621010638298 0.4239292828685259 0.09890292553191489 0.17903386454183268
