3 0.7937408491947291 0.5764479824320615 0.16764275256222547 0.1614054350809772
3 0.21266471449487556 0.3491627779302772 0.2005856515373353 0.2783420258029097
3 0.8127745241581259 0.440982706560527 0.15702781844802344 0.18254186110348614
3 0.061218887262079066 0.32267362064232774 0.12243777452415813 0.2209717265989569
3 0.4435395314787701 0.6058193796321713 0.14037335285505123 0.2020312928904749
3 0.5163799414348462 0.472001097996157 0.1414714494875549 0.18583584957452648
3 0.37106515373352855 0.428081251715619 0.1674597364568082 0.21767773812791655
3 0.6646229868228404 0.47556958550645073 0.1641654465592972 0.1732088937688718
0 0.5773243045387995 0.4382377161679934 0.0031112737920937043 0.006862475981334065
3 0.29300878477306 0.571918748284381 0.1617862371888726 0.24732363436727972
3 0.12911786237188871 0.5345868789459237 0.17002196193265007 0.2615975844084546
3 0.609809663250366 0.6084271205050782 0.1925329428989751 0.17430688992588525
0 0.8417825768667643 0.5651935218226736 0.0056734992679355785 0.019214932747735385
