3 0.8365833333333333 0.5372679814385151 0.1085 0.17314385150812064
3 0.90125 0.671838747099768 0.0975 0.1261600928074246
3 0.9185833333333333 0.572215777262181 0.0805 0.12993039443155452
3 0.44858333333333333 0.607453596287703 0.04816666666666667 0.13892111368909513
3 0.5355833333333333 0.453161252900232 0.1175 0.22650812064965198
3 0.6338333333333334 0.47085266821345706 0.09866666666666667 0.21548723897911834
3 0.6139166666666667 0.6448665893271461 0.08316666666666667 0.2038863109048724
3 0.5438333333333333 0.6377610208816705 0.07433333333333333 0.15893271461716937
3 0.7035833333333333 0.650522041763341 0.10516666666666667 0.20649651972157773
3 0.45416666666666666 0.4408352668213457 0.07566666666666666 0.20707656612529002
3 0.73625 0.5033352668213457 0.11216666666666666 0.2195475638051044
3 0.4098333333333333 0.43053944315545245 0.037 0.1830046403712297
3 0.4890833333333333 0.6141241299303944 0.05683333333333333 0.15458236658932714
3 0.42175 0.5991879350348028 0.0335 0.16415313225058004
3 0.8040833333333334 0.6687935034802784 0.10083333333333333 0.16531322505800464
