0 0.37391384729155114 0.5705768164170827 0.014605287483823257 0.021353300055463115
3 0.5244962100203365 0.6168885191347754 0.11277500462192643 0.2271214642262895
3 0.38019966722129783 0.4240155296727676 0.08670733961915326 0.20133111480865223
3 0.682473655019412 0.4509151414309484 0.07894250323534849 0.19578480310593455
1 0.32418191902384913 0.6871880199667221 0.0475134035866149 0.15917914586799778
3 0.42179700499168055 0.6150859678313921 0.11591791458679977 0.1808097615085968
3 0.5363283416528009 0.4288685524126456 0.08171565908670735 0.2077093732667776
3 0.7612312811980033 0.439961175818081 0.08929561841375486 0.1910704381586245
0 0.7633573673507118 0.6311702717692734 0.08837123312996857 0.23516361619523019
0 0.7300794971344057 0.6046866333887965 0.015899426881124053 0.037992235163616196
3 0.35015714549824367 0.6259012756516916 0.10501016823812165 0.2967276760953966
2 0.40645220928082826 0.632140876317249 0.06600110926234054 0.14337215751525237
3 0.7632649288223331 0.6314475873544093 0.08818635607321132 0.23516361619523019
3 0.6259937141800702 0.6360232945091514 0.12238861157330375 0.22323904603438713
3 0.4580329081161028 0.45992789794786465 0.07598447032723239 0.15945646145313366
3 0.6090774634867813 0.45299500831946754 0.06821963394342762 0.16167498613422074
