3 0.6189692982456141 0.6033442982456141 0.054093567251461985 0.05866228070175439
3 0.37088815789473684 0.32990679824561403 0.05646929824561404 0.06770833333333333
3 0.6574378654970761 0.32538377192982454 0.046600877192982455 0.039473684210526314
3 0.3223684210526316 0.3353892543859649 0.05080409356725146 0.05180921052631579
3 0.43667763157894735 0.33223684210526316 0.08899853801169591 0.07510964912280702
3 0.3508771929824561 0.5783991228070176 0.049342105263157895 0.0581140350877193
3 0.47797880116959063 0.6374725877192983 0.052448830409356724 0.0556469298245614
3 0.42680921052631576 0.626233552631579 0.054276315789473686 0.06112938596491228
3 0.52640716374269 0.6370614035087719 0.054641812865497075 0.05701754385964912
3 0.5244883040935673 0.32908442982456143 0.08881578947368421 0.08086622807017543
3 0.3838633040935672 0.6117050438596491 0.04294590643274854 0.06277412280701754
3 0.33433845029239767 0.5548245614035088 0.066703216374269 0.0537280701754386
3 0.6010599415204678 0.32319078947368424 0.06907894736842106 0.06633771929824561
3 0.5763888888888888 0.6263706140350878 0.0533625730994152 0.05537280701754386
