3 0.757 0.578375 0.07766666666666666 0.12425
3 0.588 0.794125 0.04633333333333333 0.05175
3 0.55225 0.781375 0.0475 0.06025
3 0.7005 0.74975 0.05433333333333333 0.07
1 0.7516666666666667 0.557375 0.055 0.08075
3 0.6308333333333334 0.788875 0.044333333333333336 0.05275
3 0.47458333333333336 0.725125 0.06683333333333333 0.09625
3 0.7310833333333333 0.705125 0.059833333333333336 0.07275
3 0.663 0.773 0.051 0.062
0 0.4668333333333333 0.655375 0.003 0.00575
3 0.43416666666666665 0.588875 0.08 0.11475
3 0.7399166666666667 0.64225 0.06983333333333333 0.084
3 0.45658333333333334 0.66175 0.06983333333333333 0.0855
3 0.5095833333333334 0.758125 0.058166666666666665 0.07025
