3 0.17877327127659576 0.41334661354581675 0.051363031914893616 0.1797808764940239
3 0.1461934840425532 0.41994521912350596 0.04404920212765957 0.15413346613545817
3 0.42586436170212766 0.4125996015936255 0.12732712765957446 0.22310756972111553
3 0.11668882978723404 0.44633964143426297 0.05352393617021277 0.13819721115537847
3 0.6478557180851063 0.40824203187250996 0.08992686170212766 0.19148406374501992
3 0.2804188829787234 0.7829930278884463 0.06981382978723404 0.17654382470119523
3 0.7129321808510638 0.7497509960159362 0.09607712765957446 0.13047808764940239
3 0.6264128989361702 0.7858565737051793 0.07696143617021277 0.1698207171314741
3 0.4148936170212766 0.7908366533864541 0.0728058510638298 0.1598605577689243
3 0.2388630319148936 0.4163346613545817 0.08876329787234043 0.1942231075697211
3 0.5484541223404256 0.4098605577689243 0.12549867021276595 0.23057768924302788
3 0.22199135638297873 0.757843625498008 0.06732047872340426 0.13072709163346613
3 0.553939494680851 0.7847360557768924 0.07463430851063829 0.15363545816733068
3 0.8075132978723404 0.40413346613545814 0.03723404255319149 0.15438247011952191
3 0.34931848404255317 0.7837400398406374 0.07330452127659574 0.16409362549800796
3 0.6927360372340425 0.7772659362549801 0.06366356382978723 0.13022908366533864
3 0.7744348404255319 0.40886454183266935 0.04521276595744681 0.15886454183266932
3 0.3218916223404255 0.41870019920318724 0.09025930851063829 0.19895418326693226
3 0.4856216755319149 0.7909611553784861 0.07330452127659574 0.14666334661354583
3 0.7262300531914894 0.4073705179282869 0.0764627659574468 0.1857569721115538
