3 0.25272727272727274 0.3879781420765027 0.10545454545454545 0.26229508196721313
3 0.74 0.3743169398907104 0.10545454545454545 0.2459016393442623
3 0.6127272727272727 0.36885245901639346 0.16363636363636364 0.3224043715846995
3 0.8309090909090909 0.36065573770491804 0.09090909090909091 0.26229508196721313
3 0.6563636363636364 0.6693989071038251 0.09818181818181818 0.22404371584699453
3 0.46545454545454545 0.3524590163934426 0.15272727272727274 0.3224043715846995
3 0.1509090909090909 0.6120218579234973 0.12727272727272726 0.25136612021857924
3 0.4527272727272727 0.6721311475409836 0.10545454545454545 0.24043715846994534
3 0.9654545454545455 0.3551912568306011 0.05454545454545454 0.16393442622950818
3 0.09454545454545454 0.546448087431694 0.13090909090909092 0.16393442622950818
3 0.9090909090909091 0.366120218579235 0.07272727272727272 0.2185792349726776
3 0.7418181818181818 0.6584699453551912 0.10181818181818182 0.2677595628415301
3 0.3472727272727273 0.366120218579235 0.11272727272727273 0.25136612021857924
3 0.8290909090909091 0.6256830601092896 0.09454545454545454 0.23497267759562843
3 0.3418181818181818 0.6584699453551912 0.12363636363636364 0.23497267759562843
3 0.8781818181818182 0.5683060109289617 0.10545454545454545 0.17486338797814208
3 0.2290909090909091 0.6994535519125683 0.10181818181818182 0.18579234972677597
0 0.2109090909090909 0.7377049180327869 0.04363636363636364 0.07650273224043716
3 0.1709090909090909 0.3743169398907104 0.07272727272727272 0.21311475409836064
1 0.11454545454545455 0.6939890710382514 0.05454545454545454 0.08743169398907104
3 0.5563636363636364 0.6885245901639344 0.10909090909090909 0.26229508196721313
0 0.24363636363636362 0.6557377049180327 0.014545454545454545 0.01092896174863388
0 0.3090909090909091 0.3442622950819672 0.02181818181818182 0.06557377049180328
0 0.2545454545454545 0.6284153005464481 0.02909090909090909 0.02185792349726776
