3 0.8636695906432749 0.2480811403508772 0.17543859649122806 0.36019736842105265
2 0.6228983918128655 0.44161184210526316 0.07182017543859649 0.05592105263157895
3 0.18704312865497075 0.2649396929824561 0.15953947368421054 0.36814692982456143
3 0.5998720760233918 0.7505482456140351 0.17562134502923976 0.34210526315789475
3 0.4725877192982456 0.6790021929824561 0.16666666666666666 0.36896929824561403
3 0.09219663742690058 0.5958059210526315 0.1610014619883041 0.3040021929824561
3 0.6505847953216374 0.28125 0.26535087719298245 0.38760964912280704
3 0.18320540935672514 0.6600877192982456 0.15003654970760233 0.43530701754385964
3 0.055281432748538015 0.2284813596491228 0.11056286549707603 0.4004934210526316
3 0.33013523391812866 0.7116228070175439 0.15003654970760233 0.36239035087719296
3 0.3904422514619883 0.2885142543859649 0.2640716374269006 0.39665570175438597
3 0.8747258771929824 0.6672149122807017 0.15771198830409358 0.43640350877192985
3 0.7602339181286549 0.7223135964912281 0.17434210526315788 0.3393640350877193
