3 0.533125 0.5464941882264717 0.04375 0.17510311211098611
3 0.394125 0.572928383952006 0.09175 0.15373078365204348
3 0.547875 0.36970378702662166 0.10425 0.16272965879265092
3 0.482625 0.5802399700037495 0.09075 0.20359955005624297
3 0.56625 0.5403074615673041 0.0405 0.1792275965504312
0 0.30275 0.5980502437195351 0.0275 0.021747281589801274
1 0.380625 0.6274840644919385 0.04175 0.043869516310461196
0 0.530125 0.5558680164979377 0.01125 0.043869516310461196
3 0.584 0.5335583052118485 0.059 0.1792275965504312
0 0.518 0.5509936257967754 0.002 0.003374578177727784
0 0.52625 0.5873640794900638 0.0025 0.004874390701162355
0 0.524875 0.5652418447694039 0.00625 0.017622797150356206
1 0.47525 0.656355455568054 0.0505 0.05061867266591676
0 0.51475 0.5586801649793776 0.0025 0.00974878140232471
3 0.3065 0.5429321334833146 0.087 0.1477315335583052
1 0.53075 0.5761154855643045 0.0395 0.1098612673415823
3 0.225125 0.5434945631796025 0.03675 0.1256092988376453
