0 0.4095399379057296 0.4556711243189698 0.0022579734688117415 0.005943536404160475
3 0.4206886819079876 0.5534918276374443 0.0708439175839684 0.1352154531946508
3 0.6958791984194186 0.41654284299158 0.06181202370872142 0.20901436354631006
3 0.25359864521591874 0.4135710747894997 0.03245836861416879 0.1406636948984646
3 0.4865932825289303 0.5656265477959386 0.06265876375952582 0.1030212976721149
3 0.6343494213942986 0.40837048043585933 0.06689246401354784 0.1817731550272412
3 0.6634208298052497 0.5671124318969787 0.05165114309906858 0.11688954928182269
3 0.7322890206040079 0.43585933630510154 0.043748235958227494 0.15453194650817237
3 0.5584250635055038 0.42000990589400694 0.09568162574089754 0.204061416542843
3 0.3230313293818798 0.562407132243685 0.05108664973186565 0.08073303615651313
3 0.759243578887948 0.44254581475978205 0.03556308213378493 0.13125309559187717
3 0.32726502963590176 0.392025755324418 0.058989556872706746 0.20158494304110947
3 0.28464578041208016 0.4115898959881129 0.03979678238780694 0.16740960871718671
3 0.7058989556872707 0.5752847944526993 0.04854642957945244 0.07677067855373948
3 0.3656505786057014 0.5668647845468053 0.053909116567880326 0.10648836057454185
3 0.5484053062376517 0.5661218424962853 0.06265876375952582 0.1020307082714215
3 0.38653683319221 0.3992075284794453 0.06689246401354784 0.17533432392273401
3 0.6123341800733841 0.5601783060921248 0.0725373976855772 0.1267954432887568
3 0.4620378210556026 0.4212481426448737 0.09709285915890488 0.20950965824665677
