3 0.45622202327663386 0.275621703089676 0.11781557743957027 0.34853051996985684
3 0.4666069829901522 0.7074227581009797 0.07985675917636527 0.3063300678221552
3 0.5536257833482543 0.28183873398643555 0.09561324977618621 0.29992464204973623
3 0.4090420769919427 0.7008289374529013 0.07215756490599821 0.2788244159758855
3 0.6175470008952552 0.7394498869630746 0.10098478066248881 0.3538055764883195
3 0.7936436884512086 0.7174076865109269 0.12372426141450313 0.25169555388093445
3 0.26195165622202327 0.3006782215523738 0.055863921217547 0.3285606631499623
3 0.8195165622202327 0.32724189902034667 0.0873769024171889 0.2686510926902788
3 0.7154879140555058 0.7434061793519217 0.10062667860340196 0.29163526752072344
3 0.7437779767233662 0.28654860587792014 0.09131602506714413 0.31537302185380556
3 0.8858549686660698 0.6870761115297664 0.1577439570277529 0.23775433308214017
3 0.3595344673231871 0.7149585531273549 0.054073410922112805 0.2867370007535795
3 0.3256938227394808 0.7788244159758855 0.03581020590868397 0.30519969856819895
3 0.5325872873769024 0.7194800301431801 0.08218442256042972 0.33119819140919365
3 0.6491495076096687 0.28089675960813865 0.10796777081468219 0.33647324792765637
3 0.28442256042972247 0.28353428786737 0.04888093106535363 0.30180859080633005
3 0.3523724261414503 0.2686510926902788 0.10098478066248881 0.3700075357950264
