3 0.7824074074074074 0.398015873015873 0.09207818930041152 0.24523809523809523
0 0.654835390946502 0.5698412698412698 0.020061728395061727 0.06904761904761905
3 0.5787037037037037 0.4714285714285714 0.1455761316872428 0.2650793650793651
0 0.592335390946502 0.6410714285714286 0.0684156378600823 0.0869047619047619
3 0.1705246913580247 0.4712301587301587 0.05092592592592592 0.24722222222222223
3 0.6953446502057613 0.3886904761904762 0.1206275720164609 0.2924603174603175
1 0.6760545267489712 0.6168650793650794 0.06301440329218107 0.1630952380952381
3 0.42502572016460904 0.5402777777777777 0.10108024691358025 0.26944444444444443
3 0.33217592592592593 0.6109126984126985 0.10982510288065844 0.22738095238095238
3 0.5092592592592593 0.5452380952380952 0.07561728395061729 0.2761904761904762
3 0.2511574074074074 0.46964285714285714 0.14531893004115226 0.2781746031746032
3 0.696116255144033 0.6075396825396825 0.10365226337448559 0.19285714285714287
1 0.5688014403292181 0.4382936507936508 0.12731481481481483 0.1988095238095238
0 0.2844650205761317 0.49404761904761907 0.004629629629629629 0.03333333333333333
1 0.27752057613168724 0.4438492063492063 0.08847736625514403 0.19087301587301586
0 0.28497942386831276 0.4646825396825397 0.0030864197530864196 0.007936507936507936
0 0.30336934156378603 0.4037698412698413 0.010545267489711935 0.030555555555555555
0 0.5913065843621399 0.4107142857142857 0.01800411522633745 0.030952380952380953
0 0.2509002057613169 0.3678571428571429 0.033179012345679014 0.0373015873015873
