3 0.8686342592592593 0.36530671296296297 0.026234567901234566 0.11950231481481481
3 0.4775270061728395 0.47120949074074076 0.13136574074074073 0.2387152777777778
3 0.4839891975308642 0.6553819444444444 0.08912037037037036 0.14756944444444445
3 0.6089891975308642 0.4796006944444444 0.125 0.23697916666666666
3 0.39535108024691357 0.6403356481481481 0.08506944444444445 0.17997685185185186
3 0.3740354938271605 0.46383101851851855 0.08371913580246913 0.1724537037037037
3 0.8118248456790124 0.4525462962962963 0.03568672839506173 0.14525462962962962
3 0.2697723765432099 0.5807291666666666 0.07195216049382716 0.16724537037037038
3 0.5749421296296297 0.6511863425925926 0.09664351851851852 0.1791087962962963
3 0.30304783950617287 0.45066550925925924 0.06481481481481481 0.20052083333333334
3 0.8419174382716049 0.41304976851851855 0.029899691358024692 0.14091435185185186
3 0.769579475308642 0.46498842592592593 0.06577932098765432 0.19444444444444445
3 0.7239583333333334 0.6290509259259259 0.0628858024691358 0.1701388888888889
3 0.2525077160493827 0.44632523148148145 0.04513888888888889 0.15364583333333334
3 0.2273341049382716 0.5342881944444444 0.04224537037037037 0.10040509259259259
3 0.8159722222222222 0.5529513888888888 0.04436728395061729 0.08738425925925926
3 0.32195216049382713 0.6158854166666666 0.07137345679012345 0.19299768518518517
3 0.7693865740740741 0.5846354166666666 0.06385030864197531 0.1322337962962963
3 0.6575038580246914 0.6480034722222222 0.08622685185185185 0.1791087962962963
3 0.17496141975308643 0.3676215277777778 0.04398148148148148 0.13512731481481483
3 0.21363811728395063 0.42201967592592593 0.03877314814814815 0.12876157407407407
3 0.7074652777777778 0.47670717592592593 0.08159722222222222 0.18663194444444445
