3 0.4175768608414239 0.4914772727272727 0.058454692556634304 0.10470779220779221
3 0.286913430420712 0.4567775974025974 0.05764563106796117 0.1578733766233766
3 0.6820388349514563 0.4107142857142857 0.06472491909385113 0.10227272727272728
3 0.3226132686084142 0.4174107142857143 0.06310679611650485 0.12946428571428573
3 0.40190129449838186 0.411525974025974 0.07726537216828479 0.10714285714285714
3 0.508495145631068 0.4155844155844156 0.07928802588996764 0.08522727272727272
3 0.5878843042071198 0.4210633116883117 0.06654530744336569 0.07670454545454546
0 0.38056229773462785 0.39813311688311687 0.007888349514563107 0.008116883116883116
0 0.4208131067961165 0.4346590909090909 0.029733009708737865 0.03896103896103896
0 0.5339805825242718 0.44622564935064934 0.011326860841423949 0.010957792207792208
0 0.38582119741100324 0.4419642857142857 0.003033980582524272 0.006493506493506494
0 0.40635113268608414 0.4003652597402597 0.022249190938511326 0.02719155844155844
0 0.5808050161812298 0.447849025974026 0.011124595469255663 0.013392857142857142
0 0.3711569579288026 0.421875 0.012135922330097087 0.015827922077922076
0 0.3816747572815534 0.43080357142857145 0.011326860841423949 0.02150974025974026
3 0.3520428802588997 0.47828733766233766 0.060477346278317155 0.13027597402597402
3 0.5571399676375405 0.476461038961039 0.06452265372168285 0.1112012987012987
3 0.25192152103559873 0.3869724025974026 0.06411812297734627 0.12297077922077922
3 0.4833131067961165 0.4831574675324675 0.057241100323624595 0.10349025974025974
3 0.6304611650485437 0.4523133116883117 0.06229773462783172 0.13433441558441558
