3 0.24197068911755534 0.19550982226379796 0.09603991269098847 0.2226379794200187
3 0.42703461178671653 0.32670720299345185 0.12690988462737762 0.2623947614593078
0 0.45307140629872156 0.2916276894293732 0.0617399438727783 0.06407857811038353
1 0.3353601496725912 0.19457436856875585 0.05955721858434674 0.11973807296538821
3 0.5971312753352043 0.8440130963517306 0.11599625818521983 0.11927034611786716
3 0.4438727782974743 0.7135173058933583 0.12316806984720922 0.19784845650140317
3 0.5349236046149048 0.7733863423760524 0.12878079201746181 0.1753975678203929
3 0.3280324290614281 0.255378858746492 0.10414717804801996 0.2432179607109448
3 0.9488618646710321 0.6994855004677268 0.10165263486124103 0.2137511693171188
1 0.4186155285313377 0.2523386342376052 0.0813844714686623 0.10617399438727783
3 0.8015279077019021 0.6358746492048644 0.1761771125662613 0.24368568755846587
3 0.26457748674773934 0.538821328344247 0.09884627377611475 0.13564078578110383
3 0.3504833177424384 0.6351730589335828 0.12098534455877767 0.1796071094480823
3 0.8860305581540381 0.6744621141253508 0.13376987839101964 0.2076707202993452
3 0.5424072341752416 0.4352198316183349 0.1431244153414406 0.2698783910196445
2 0.69348300592454 0.6576239476145931 0.04303086997193639 0.05519176800748363
3 0.6644839413782351 0.5526192703461179 0.17648893046460867 0.2782974742750234
