3 0.5139880952380952 0.5723214285714285 0.04107142857142857 0.06607142857142857
3 0.6226190476190476 0.5443080357142858 0.040773809523809525 0.06316964285714285
3 0.37991071428571427 0.5184151785714286 0.06369047619047619 0.06941964285714286
3 0.47604166666666664 0.5706473214285714 0.04107142857142857 0.06272321428571428
3 0.484375 0.4185267857142857 0.06130952380952381 0.10982142857142857
3 0.5546130952380952 0.571875 0.041666666666666664 0.065625
3 0.3991071428571429 0.42935267857142856 0.04672619047619048 0.11272321428571429
3 0.4355654761904762 0.41015625 0.04017857142857143 0.08236607142857143
3 0.5445684523809524 0.4200892857142857 0.06354166666666666 0.10669642857142857
3 0.6749255952380953 0.50390625 0.041220238095238095 0.0578125
3 0.6532738095238095 0.5264508928571429 0.04047619047619048 0.057366071428571426
3 0.40186011904761904 0.5484375 0.05282738095238095 0.06205357142857143
3 0.6398065476190476 0.4099330357142857 0.04181547619047619 0.11361607142857143
3 0.5979166666666667 0.4203125 0.042261904761904764 0.096875
3 0.434375 0.5603794642857143 0.042261904761904764 0.06495535714285715
3 0.5911458333333334 0.56171875 0.040327380952380955 0.06272321428571428
