3 0.1883684285918923 0.5814849044978435 0.0908179343933534 0.34596426370918054
3 0.2854891849305257 0.6161429451632778 0.12061309268013179 0.3647566235366605
3 0.7377882824810199 0.572550831792976 0.09525855894570978 0.36260012322858903
3 0.6784128348374159 0.3051447935921134 0.10027216731127346 0.2720271102895872
3 0.4365420426872941 0.35951940850277264 0.12276178197965908 0.314849044978435
3 0.5501360836556367 0.559765865680838 0.09182065606646612 0.36968576709796674
3 0.11975361696032087 0.5685459026494146 0.07563386334336054 0.2855822550831793
3 0.5636012032660077 0.3539741219963031 0.12190230625984816 0.3099199014171288
3 0.37659361123048274 0.5757855822550831 0.11087236785560808 0.3585951940850277
3 0.4679845294370434 0.5591497227356746 0.09683426443202979 0.35489833641404805
3 0.13744449219309554 0.31438693776956256 0.07635009310986965 0.2461491065927295
3 0.22024065320154707 0.3082255083179298 0.11302105715513537 0.32563154651879234
3 0.6475433319008738 0.5767097966728281 0.10843718664947716 0.4226740603820086
3 0.8475863056868643 0.28373382624768945 0.06589313851883684 0.21318545902649413
3 0.7700186219739292 0.2966728280961183 0.11244807334192809 0.2975970425138632
3 0.3213006732559805 0.33964879852125696 0.10829394069617533 0.30406654343807765
3 0.8147829823807478 0.6004313000616143 0.08050422575562241 0.24830560690080097
