3 0.7777979651162791 0.5823272273105745 0.12560562015503876 0.2799750208159867
3 0.8077156007751938 0.42350124895920066 0.10016957364341085 0.22960033305578684
3 0.18392684108527133 0.4535803497085762 0.08103197674418605 0.19317235636969193
3 0.38111676356589147 0.35022897585345547 0.08684593023255814 0.18547044129891757
3 0.4821342054263566 0.2788301415487094 0.11688468992248062 0.17714404662781016
3 0.4475532945736434 0.513946711074105 0.19137596899224807 0.3164029975020816
3 0.5969597868217055 0.29360949208992504 0.11203972868217055 0.16174021648626144
3 0.2782218992248062 0.35761865112406327 0.12063953488372094 0.3009991673605329
3 0.18047480620155038 0.6588259783513739 0.1119186046511628 0.3251457119067444
3 0.7068798449612403 0.37198168193172354 0.10150193798449612 0.18692756036636138
3 0.28942587209302323 0.5497502081598667 0.13045058139534885 0.2843463780183181
3 0.1013202519379845 0.7180474604496253 0.06698158914728682 0.2554121565362198
3 0.6364462209302325 0.5203996669442131 0.18834786821705427 0.3276436303080766
3 0.8699127906976745 0.7232514571190675 0.08914728682170543 0.35074937552039964
