0 0.4000891067052796 0.34759358288770054 0.010692804633548674 0.03208556149732621
0 0.7581866785475607 0.5929144385026738 0.010024504343951883 0.015775401069518715
0 0.8050790822009356 0.4782085561497326 0.0253954110046781 0.031818181818181815
0 0.7754511026954778 0.47954545454545455 0.03876141679661395 0.029144385026737968
3 0.2800178213410559 0.46911764705882353 0.10202717754511027 0.14251336898395722
3 0.5759634662508354 0.3856951871657754 0.1334372911561595 0.09438502673796792
3 0.25484517709957677 0.28903743315508024 0.08598797059478726 0.14171122994652408
0 0.4449766094898641 0.3352941176470588 0.011361104923145467 0.014438502673796792
0 0.696034751615059 0.4239304812834225 0.060369792826910226 0.04839572192513369
3 0.21407885943417243 0.4381016042780749 0.10069057696591668 0.11844919786096257
3 0.6934729338382714 0.41711229946524064 0.08732457117398085 0.06898395721925134
3 0.33715749610158163 0.3127005347593583 0.08442860325239475 0.11844919786096257
3 0.7833593227890399 0.45481283422459895 0.10937848073067498 0.09946524064171124
3 0.44876364446424594 0.35414438502673795 0.12452662062820227 0.11737967914438503
0 0.8465137001559367 0.49264705882352944 0.07351303185564714 0.05588235294117647
3 0.7595232791267543 0.5998663101604278 0.0790822009356204 0.11524064171122994
3 0.5229449766094899 0.5701871657754011 0.0906660726219648 0.1248663101604278
3 0.6126085987970595 0.5764705882352941 0.09044330585876587 0.146524064171123
3 0.6895745154822901 0.5915775401069518 0.07373579861884606 0.14786096256684492
3 0.3723546446870127 0.49919786096256685 0.09601247493873914 0.12994652406417112
0 0.49476498106482514 0.3696524064171123 0.019603475161505905 0.016310160427807488
1 0.4198039652483849 0.3473262032085562 0.06616172867008242 0.06524064171122995
0 0.25640454444196925 0.3037433155080214 0.05524615727333482 0.044919786096256686
0 0.33749164624638006 0.3129679144385027 0.08286923591000223 0.09010695187165775
0 0.6286478057473824 0.4137700534759358 0.00935620405435509 0.01898395721925134
0 0.6210737357986188 0.40040106951871657 0.01202940521274226 0.01898395721925134
