3 0.19591666666666666 0.538 0.13083333333333333 0.1685
3 0.6835833333333333 0.830625 0.1005 0.14625
3 0.36841666666666667 0.878125 0.11116666666666666 0.13575
0 0.81725 0.41725 0.0035 0.0105
3 0.126 0.21975 0.14266666666666666 0.221
3 0.78125 0.601125 0.1345 0.16975
3 0.8146666666666667 0.288625 0.15533333333333332 0.21325
3 0.27266666666666667 0.817 0.11733333333333333 0.1735
3 0.23575 0.682 0.13483333333333333 0.1715
3 0.47008333333333335 0.9105 0.1205 0.17
3 0.8010833333333334 0.452625 0.13583333333333333 0.15675
3 0.58675 0.879375 0.12116666666666667 0.15825
3 0.8306666666666667 0.132125 0.149 0.20275
3 0.16358333333333333 0.371875 0.15316666666666667 0.23575
3 0.7725 0.75475 0.117 0.1715
