3 0.46775 0.36248256624825664 0.0695 0.06778242677824267
3 0.5901666666666666 0.8147838214783821 0.058 0.04184100418410042
3 0.6504166666666666 0.799302649930265 0.025166666666666667 0.030404463040446306
3 0.47225 0.8274755927475593 0.06116666666666667 0.05495118549511855
3 0.6729166666666667 0.3913528591352859 0.07116666666666667 0.13165969316596932
3 0.5326666666666666 0.8273361227336122 0.062 0.0502092050209205
3 0.3496666666666667 0.8048814504881451 0.03333333333333333 0.04211994421199442
3 0.61375 0.3627615062761506 0.0505 0.0694560669456067
3 0.5460833333333334 0.3708507670850767 0.06583333333333333 0.10794979079497909
3 0.3010833333333333 0.42747559274755925 0.0425 0.07336122733612273
1 0.5460833333333334 0.36401673640167365 0.06583333333333333 0.09428172942817294
3 0.6789166666666666 0.7772663877266388 0.04083333333333333 0.039888423988842396
3 0.394 0.36541143654114366 0.055 0.0887029288702929
1 0.6853333333333333 0.37461645746164574 0.037333333333333336 0.05801952580195258
0 0.46908333333333335 0.37656903765690375 0.0375 0.02398884239888424
0 0.6226666666666667 0.3569037656903766 0.007666666666666666 0.007531380753138075
3 0.4111666666666667 0.8235704323570432 0.062 0.056624825662482565
0 0.6044166666666667 0.35244072524407255 0.013833333333333333 0.014783821478382147
