3 0.3074675917473069 0.7067510548523207 0.09348183312032135 0.28529698149951316
3 0.2270403505568742 0.6119766309639727 0.13383238999452254 0.1970139565076274
3 0.7548840606171262 0.3177539759818241 0.08307467591747307 0.29665692956832196
3 0.761822165419025 0.6694255111976631 0.0885521270768669 0.25543654657578707
3 0.7814496987401862 0.614086335605323 0.13876209603797698 0.20577734501785136
3 0.18449881321891545 0.3094774423888348 0.05240094942486763 0.25738396624472576
3 0.42979733430710243 0.3273287893541058 0.12999817418294687 0.31126257708536187
3 0.32636479824721565 0.31791626095423564 0.0991418659850283 0.26777020447906524
3 0.4650356034325361 0.7117818889970788 0.08033595033777616 0.270042194092827
3 0.6943582253058244 0.7112950340798442 0.09165601606719007 0.29503407984420643
3 0.5417199196640496 0.7205452775073028 0.07924046010589739 0.275884453099643
3 0.5609822895745846 0.3326841934436871 0.1334672265838963 0.3070431678026615
3 0.6692532408252693 0.3273287893541058 0.10388899032316962 0.26777020447906524
3 0.6134745298521088 0.7039922103213242 0.07522366258900857 0.2635507951963648
3 0.899945225488406 0.28529698149951316 0.045645426328281904 0.18825056799740345
3 0.11411356582070477 0.2974683544303797 0.04345444586452438 0.20025965595585848
3 0.19335402592660214 0.5595585848750406 0.1665145152455724 0.17007465108730932
3 0.3867080518532043 0.6999350860110354 0.08289209421215994 0.2450503083414476
3 0.8167792587182764 0.3136968516715352 0.05678291035238269 0.24375202856215514
3 0.24329012232974256 0.3098020123336579 0.08782180025561438 0.29633235962349885
3 0.14706956362972431 0.3184031158714703 0.041080883695453714 0.20123336579032783
3 0.8198831477085996 0.5519311911716975 0.1626802994339967 0.1762414800389484
3 0.23680847179112652 0.672022070756248 0.0832572576227862 0.24959428756897112
3 0.8584078875296696 0.3094774423888348 0.04144604710607997 0.20545277507302823
