3 0.6531635802469136 0.5206886574074074 0.07407407407407407 0.1032986111111111
3 0.29147376543209874 0.5224247685185185 0.07175925925925926 0.07262731481481481
0 0.5315393518518519 0.4761284722222222 0.023726851851851853 0.020543981481481483
3 0.4285300925925926 0.5240162037037037 0.05960648148148148 0.0943287037037037
3 0.18258101851851852 0.4515335648148148 0.05690586419753087 0.09056712962962964
3 0.4988425925925926 0.4947916666666667 0.09760802469135803 0.08217592592592593
3 0.23485725308641975 0.4636863425925926 0.06732253086419752 0.10850694444444445
3 0.6201774691358025 0.5607638888888888 0.05709876543209876 0.09490740740740741
3 0.3035300925925926 0.45601851851851855 0.06693672839506173 0.09490740740740741
1 0.310570987654321 0.45023148148148145 0.032407407407407406 0.04918981481481482
0 0.5649112654320988 0.5011574074074074 0.01099537037037037 0.017939814814814815
1 0.5759066358024691 0.49016203703703703 0.03530092592592592 0.052662037037037035
3 0.4967206790123457 0.5543981481481481 0.058256172839506175 0.052662037037037035
3 0.3619791666666667 0.5315393518518519 0.05960648148148148 0.08622685185185185
1 0.4632523148148148 0.48075810185185186 0.02642746913580247 0.054108796296296294
1 0.36959876543209874 0.44386574074074076 0.055169753086419755 0.041087962962962965
0 0.4315200617283951 0.46686921296296297 0.021219135802469136 0.0390625
3 0.3896604938271605 0.4717881944444444 0.10493827160493827 0.09693287037037036
3 0.5623070987654321 0.5407986111111112 0.05478395061728395 0.10590277777777778
3 0.5833333333333334 0.5044849537037037 0.06867283950617284 0.08130787037037036
