3 0.6132789749563191 0.8382113821138212 0.057076295864880604 0.08184281842818428
3 0.5528052805280528 0.8565040650406504 0.06503591535624151 0.08102981029810298
3 0.24208891477383032 0.3857723577235772 0.0594059405940594 0.10325203252032521
3 0.4314696175499903 0.8665311653116531 0.0634828188701223 0.06422764227642276
3 0.49058435255290234 0.860840108401084 0.066006600660066 0.07669376693766938
3 0.2997476218210056 0.3807588075880759 0.0361094933022714 0.07100271002710028
3 0.6700640652300525 0.2760162601626016 0.06853038245000971 0.13685636856368563
2 0.5286352164628227 0.30338753387533873 0.08891477383032421 0.03875338753387534
3 0.34808774995146574 0.3227642276422764 0.0729955348476024 0.14200542005420055
3 0.5242671325956125 0.26002710027100273 0.09765094156474471 0.12547425474254742
3 0.6051252184041933 0.28116531165311653 0.07105416423995341 0.13902439024390245
3 0.6929722384003106 0.3165311653116531 0.08522616967579111 0.11273712737127371
3 0.27402446126965635 0.33102981029810297 0.07862550960978451 0.14444444444444443
3 0.4335080566880217 0.3100271002710027 0.10483401281304601 0.16693766937669377
