3 0.2297092013888889 0.4547164351851852 0.053168402777777776 0.10561342592592593
3 0.3414713541666667 0.5575810185185185 0.07313368055555555 0.12210648148148148
3 0.6698133680555556 0.4448784722222222 0.08441840277777778 0.12528935185185186
3 0.8317057291666666 0.5189525462962963 0.06749131944444445 0.12528935185185186
3 0.4841579861111111 0.5784143518518519 0.07682291666666667 0.12789351851851852
3 0.8516710069444444 0.41825810185185186 0.04188368055555555 0.09403935185185185
3 0.8097873263888888 0.42332175925925924 0.056206597222222224 0.125
3 0.7131076388888888 0.5598958333333334 0.08159722222222222 0.1545138888888889
3 0.7787543402777778 0.5412326388888888 0.07660590277777778 0.14322916666666666
3 0.2860243055555556 0.45558449074074076 0.06987847222222222 0.15596064814814814
3 0.7471788194444444 0.43894675925925924 0.07899305555555555 0.12384259259259259
3 0.4110243055555556 0.5668402777777778 0.07942708333333333 0.13136574074074073
3 0.5723741319444444 0.45341435185185186 0.11653645833333333 0.15393518518518517
3 0.455078125 0.45515046296296297 0.11631944444444445 0.1597222222222222
3 0.8971354166666666 0.4866898148148148 0.03819444444444445 0.09780092592592593
0 0.291015625 0.5186631944444444 0.008680555555555556 0.008391203703703705
3 0.6345486111111112 0.5591724537037037 0.0759548611111111 0.13859953703703703
3 0.3569878472222222 0.45023148148148145 0.08463541666666667 0.14872685185185186
3 0.23621961805555555 0.53515625 0.04405381944444445 0.09635416666666667
3 0.2816840277777778 0.5484664351851852 0.0681423611111111 0.10561342592592593
3 0.5597873263888888 0.5823206018518519 0.0740017361111111 0.1166087962962963
3 0.1898871527777778 0.45298032407407407 0.030815972222222224 0.08825231481481481
3 0.8671875 0.4874131944444444 0.05685763888888889 0.09056712962962964
