3 0.693098246275693 0.39289379168804517 0.14161795210258343 0.11005643919958953
3 0.3219875542145955 0.9332991277578245 0.17895530831604753 0.13288866085171883
3 0.26230435602489155 0.7842483324781939 0.22892702244012822 0.2642380708055413
3 0.45389402225155573 0.8090046177526937 0.20554403168018104 0.24345818368394048
3 0.5998491419950971 0.5443817342226783 0.16556666038091647 0.15751667521806054
3 0.6555723175561003 0.44676757311441767 0.14802941731095606 0.11775269368907132
3 0.47737129926456723 0.418163160595177 0.2536300207429757 0.28476141611082606
3 0.548840279087309 0.28347870702924577 0.22081840467659816 0.24730631092868138
3 0.5350744861399208 0.6545664443304259 0.1782010182915331 0.2008722421754746
3 0.3850650575146144 0.6001795792714213 0.22968131246464266 0.2388404309902514
