3 0.5858004385964912 0.07195723684210527 0.04367690058479532 0.12472587719298246
3 0.49835526315789475 0.7454769736842105 0.06907894736842106 0.12966008771929824
3 0.57328216374269 0.5936129385964912 0.09502923976608187 0.13514254385964913
3 0.6224415204678363 0.05838815789473684 0.039108187134502925 0.11239035087719298
3 0.5083150584795322 0.6573464912280702 0.08205409356725146 0.13103070175438597
3 0.30802266081871343 0.7539747807017544 0.08863304093567251 0.12637061403508773
3 0.3348866959064328 0.14898574561403508 0.09521198830409357 0.10773026315789473
3 0.4392361111111111 0.7464364035087719 0.0710891812865497 0.13760964912280702
3 0.37015716374269003 0.7354714912280702 0.07657163742690058 0.1600877192982456
3 0.5666118421052632 0.47478070175438597 0.1423611111111111 0.18146929824561403
3 0.5310672514619883 0.09580592105263158 0.1023391812865497 0.13952850877192982
3 0.43393640350877194 0.13349780701754385 0.11933479532163743 0.1387061403508772
3 0.5708150584795322 0.6696820175438597 0.059027777777777776 0.15296052631578946
3 0.14035087719298245 0.5593475877192983 0.08625730994152046 0.1181469298245614
3 0.25146198830409355 0.17653508771929824 0.08406432748538012 0.10307017543859649
3 0.19124634502923976 0.6440515350877193 0.08899853801169591 0.11979166666666667
3 0.23994883040935672 0.7088815789473685 0.08296783625730994 0.12225877192982457
