3 0.19426638176638178 0.5142895299145299 0.07193732193732194 0.1642628205128205
3 0.3887998575498576 0.5542200854700855 0.07140313390313391 0.1655982905982906
3 0.7069978632478633 0.38287927350427353 0.03721509971509972 0.07825854700854701
3 0.25053418803418803 0.5427350427350427 0.073005698005698 0.1704059829059829
3 0.6734330484330484 0.3842147435897436 0.04202279202279202 0.1188568376068376
3 0.5584935897435898 0.38234508547008544 0.07923789173789174 0.17227564102564102
3 0.6265135327635327 0.3936965811965812 0.0649928774928775 0.17147435897435898
3 0.31695156695156695 0.5686431623931624 0.07763532763532764 0.18162393162393162
3 0.5336538461538461 0.5592948717948718 0.07834757834757834 0.17895299145299146
3 0.3580840455840456 0.40838675213675213 0.11217948717948718 0.18108974358974358
3 0.6001602564102564 0.5560897435897436 0.06748575498575499 0.22542735042735043
3 0.19782763532763534 0.41386217948717946 0.06374643874643875 0.1295405982905983
3 0.4603810541310541 0.5555555555555556 0.07353988603988604 0.1469017094017094
3 0.6994301994301995 0.5042735042735043 0.06623931623931624 0.17841880341880342
3 0.6553596866096866 0.5137553418803419 0.0535968660968661 0.17548076923076922
3 0.4691951566951567 0.39850427350427353 0.11146723646723647 0.17841880341880342
3 0.2650462962962963 0.40050747863247865 0.07816951566951567 0.15037393162393162
