3 0.6557692307692308 0.8753799392097265 0.5423076923076923 0.24316109422492402
0 0.2865384615384615 0.36930091185410335 0.03461538461538462 0.015197568389057751
0 0.24807692307692308 0.3677811550151976 0.019230769230769232 0.0060790273556231
0 0.45576923076923076 0.3100303951367781 0.019230769230769232 0.0182370820668693
3 0.3576923076923077 0.3677811550151976 0.5076923076923077 0.45592705167173253
1 0.7961538461538461 0.8267477203647416 0.18461538461538463 0.11550151975683891
0 0.40192307692307694 0.41641337386018235 0.09615384615384616 0.030395136778115502
3 0.5038461538461538 0.6610942249240122 0.5076923076923077 0.43465045592705165
0 0.43653846153846154 0.35714285714285715 0.026923076923076925 0.00911854103343465
0 0.40384615384615385 0.3708206686930091 0.015384615384615385 0.0121580547112462
1 0.48653846153846153 0.9316109422492401 0.20384615384615384 0.13069908814589665
