3 0.4615118491610448 0.46626881162428646 0.12350804359107422 0.1769590036325895
3 0.38713025428126624 0.5940581214322782 0.07991696938245978 0.12584327970939285
3 0.7684656633800381 0.642579138557343 0.06971112264314132 0.1637259989621173
3 0.13821138211382114 0.5543591074208615 0.04324511330219685 0.10664244940321743
3 0.3212247016087182 0.6163725998962117 0.08683618751081128 0.1538661131292164
3 0.6865594187856772 0.4903995848469123 0.09375540563916278 0.15620134924753504
3 0.5400449749178343 0.6021017125064868 0.07887908666320706 0.12013492475350285
3 0.7023006400276769 0.6209133367929424 0.08130081300813008 0.15879605604566685
3 0.1303407714928213 0.631811105345096 0.04272617194257049 0.07991696938245978
3 0.4639335755059678 0.6050856253243383 0.07680332122470161 0.11468604047742605
3 0.7829095312229718 0.478463933575506 0.10482615464452517 0.20705760249091854
3 0.6217782390589863 0.6069019200830306 0.08839301158969036 0.12714063310845874
3 0.5820792250475696 0.4669174883238194 0.12281612177823906 0.18655941878567722
3 0.2539353053104999 0.6379086663207058 0.07438159487977858 0.1497145822522055
3 0.8148244248399931 0.6722885313959522 0.03061754021795537 0.1401141670991178
3 0.20368448365334718 0.5313959522573949 0.06071613907628438 0.14530358069538143
3 0.881594879778585 0.5838090295796575 0.039612523784812316 0.09963674104826155
3 0.202992561840512 0.6478982874935132 0.03753675834630687 0.12143227815256875
3 0.11520498183705241 0.5485210171250648 0.031136481577581733 0.09496626881162429
3 0.8223490745545753 0.5477426050856253 0.06677045493859193 0.14945511157239233
3 0.16683964711987545 0.6512714063310846 0.05967825635703165 0.10275038920601973
3 0.8455284552845529 0.6743642968344578 0.055699705933229544 0.10430721328489881
3 0.8484691229891023 0.580176440062273 0.055699705933229544 0.12869745718733783
3 0.17125064867669954 0.5540996367410482 0.04566683964711987 0.12221069019200831
3 0.877616329354783 0.6630773222625843 0.0344231101885487 0.07602490918526207
3 0.9027849852966615 0.5694084068500259 0.02802283341982356 0.10664244940321743
3 0.3553883411174537 0.48183705241307734 0.09980972150147033 0.14582252205500779
3 0.26293028887735687 0.48105864037363777 0.10067462376751427 0.18785677218474311
