3 0.6994241362043064 0.7417410714285714 0.05483224837255884 0.15044642857142856
3 0.5513269904857286 0.7564732142857142 0.10265398097145718 0.22098214285714285
3 0.6368302453680521 0.7696428571428572 0.09939909864797196 0.27232142857142855
3 0.2615172759138708 0.6921875 0.1584877315973961 0.20044642857142858
3 0.21507260891337004 0.43660714285714286 0.16775162744116173 0.4035714285714286
3 0.5555833750625939 0.4654017857142857 0.16224336504757136 0.39419642857142856
3 0.1127941912869304 0.6875 0.1414621932899349 0.22053571428571428
3 0.4243865798698047 0.7276785714285714 0.17075613420130195 0.23839285714285716
3 0.8232348522784176 0.45066964285714284 0.10565848773159739 0.42098214285714286
3 0.7889334001001502 0.7207589285714285 0.037055583375062595 0.14955357142857142
3 0.8852028042063095 0.4419642857142857 0.05533299949924887 0.39107142857142857
3 0.7486229344016024 0.7189732142857143 0.04556835252879319 0.11919642857142858
3 0.7018027040560841 0.45089285714285715 0.17776664997496244 0.4401785714285714
3 0.38945918878317476 0.4611607142857143 0.1945418127190786 0.4348214285714286
