3 0.34325 0.598 0.067 0.16044444444444445
3 0.54375 0.644 0.075 0.17155555555555554
3 0.752875 0.3453333333333333 0.04075 0.16977777777777778
3 0.7155 0.37533333333333335 0.064 0.20755555555555555
3 0.404625 0.6275555555555555 0.07575 0.17244444444444446
3 0.25925 0.49777777777777776 0.0665 0.13244444444444445
3 0.2005 0.3164444444444444 0.0285 0.11466666666666667
3 0.442 0.43577777777777776 0.119 0.2457777777777778
3 0.23075 0.34244444444444444 0.035 0.15688888888888888
3 0.66375 0.6 0.0605 0.16355555555555557
3 0.648375 0.418 0.07075 0.21022222222222223
3 0.471625 0.6344444444444445 0.07575 0.18533333333333332
3 0.7665 0.4513333333333333 0.0565 0.116
3 0.224375 0.4444444444444444 0.06575 0.136
3 0.28775 0.552 0.0595 0.14044444444444446
3 0.7405 0.5133333333333333 0.061 0.12444444444444444
3 0.348125 0.4251111111111111 0.07675 0.18622222222222223
3 0.55925 0.43666666666666665 0.1175 0.252
3 0.27875 0.37244444444444447 0.066 0.18488888888888888
3 0.606375 0.606 0.06175 0.19155555555555556
3 0.7135 0.5613333333333334 0.0545 0.1448888888888889
3 0.783375 0.32355555555555554 0.03475 0.14044444444444446
