3 0.914949494949495 0.49092365189535503 0.06828282828282828 0.3059263214095035
3 0.12161616161616162 0.7341163908168713 0.24161616161616162 0.23278163374265884
3 0.5678787878787879 0.7455953016550988 0.18141414141414142 0.22370528563801387
1 0.5779797979797979 0.4783769353977576 0.26464646464646463 0.08649225840896957
3 0.2997979797979798 0.4196476241324079 0.27636363636363637 0.45168179391350777
3 0.5836363636363636 0.3462359850507208 0.2824242424242424 0.35077415910304327
3 0.8941414141414141 0.7463961558996263 0.07272727272727272 0.15589962626801923
3 0.7153535353535354 0.7490656700480512 0.12646464646464647 0.20715429791777895
3 0.9717171717171718 0.49279231179925254 0.055757575757575756 0.2808328884143086
3 0.7824242424242425 0.48344901227976506 0.21373737373737373 0.4201815269620929
3 0.821010101010101 0.7629471436198612 0.09212121212121212 0.16444207154297918
3 0.36323232323232324 0.7415910304324613 0.24727272727272728 0.2381206620395088
