3 0.6715196599362381 0.8517495395948435 0.11030818278427205 0.13812154696132597
3 0.3192348565356004 0.8492501973164956 0.10414452709883103 0.13733228097868982
3 0.24250797024442083 0.762694027887398 0.11647183846971307 0.15101289134438306
3 0.7948990435706695 0.6379900026308866 0.13942614240170031 0.14417258616153644
3 0.5704569606801275 0.9002893975269666 0.13730074388947927 0.15785319652722968
3 0.8369819341126461 0.35582741383846356 0.16238044633368756 0.21441725861615366
3 0.11424017003188097 0.17521704814522493 0.14431455897980872 0.20152591423309654
0 0.6458023379383634 0.8228097868981847 0.004888416578108395 0.0034201525914233097
3 0.43304994686503717 0.8935806366745593 0.1383634431455898 0.15811628518810839
3 0.7497343251859724 0.7662457248092607 0.12051009564293305 0.15916863983162327
3 0.15791710945802337 0.3329387003420153 0.16280552603613177 0.20652459878979215
0 0.33910733262486714 0.8182057353328072 0.009564293304994687 0.009471191791633781
3 0.1967056323060574 0.6275980005261773 0.13538788522848033 0.1549592212575638
3 0.16078639744952178 0.5010523546435148 0.14218916046758767 0.141804788213628
3 0.8645058448459086 0.19586950802420416 0.14984059511158343 0.2054722441462773
3 0.8193411264612115 0.509208103130755 0.1390010626992561 0.1433833201789003
