3 0.7020047169811321 0.4689265536723164 0.08797169811320754 0.18714689265536724
1 0.6777122641509434 0.3432203389830508 0.042688679245283016 0.041666666666666664
3 0.3430424528301887 0.3568149717514124 0.08325471698113207 0.11546610169491525
3 0.7729952830188679 0.4468573446327684 0.06580188679245283 0.11758474576271187
3 0.28514150943396227 0.4851694915254237 0.09481132075471699 0.18149717514124294
3 0.5390330188679245 0.5663841807909604 0.08466981132075471 0.12005649717514125
3 0.4498820754716981 0.5690324858757062 0.07712264150943396 0.0759180790960452
3 0.6725235849056603 0.3716454802259887 0.08136792452830188 0.09851694915254237
3 0.6178066037735849 0.5127118644067796 0.08183962264150943 0.18149717514124294
3 0.44658018867924526 0.3790607344632768 0.11721698113207547 0.1352401129943503
3 0.22004716981132075 0.4507415254237288 0.06981132075471698 0.11122881355932203
1 0.3314858490566038 0.3207980225988701 0.05306603773584906 0.042725988700564974
3 0.2507075471698113 0.359816384180791 0.10047169811320755 0.11652542372881355
3 0.36945754716981133 0.5190677966101694 0.07900943396226415 0.1687853107344633
3 0.7523584905660378 0.3644067796610169 0.08160377358490566 0.07980225988700565
3 0.5755896226415095 0.3880649717514124 0.11438679245283019 0.12217514124293785
