0 0.23182819383259912 0.6480519480519481 0.04955947136563876 0.0658008658008658
3 0.21861233480176212 0.41883116883116883 0.08773861967694567 0.06796536796536796
3 0.18190161527165932 0.577922077922078 0.07819383259911894 0.04329004329004329
3 0.7507342143906021 0.4082251082251082 0.1343612334801762 0.1393939393939394
3 0.7512848751835536 0.5432900432900433 0.07378854625550661 0.08225108225108226
3 0.843245227606461 0.6231601731601731 0.15638766519823788 0.18225108225108225
3 0.18759177679882524 0.5056277056277056 0.05433186490455213 0.03116883116883117
0 0.20814977973568283 0.695021645021645 0.02276064610866373 0.011688311688311689
3 0.23531571218795888 0.30173160173160174 0.07929515418502203 0.0761904761904762
0 0.401431718061674 0.09826839826839827 0.020190895741556535 0.03463203463203463
3 0.8382892804698973 0.5108225108225108 0.08113069016152717 0.10216450216450217
3 0.4697136563876652 0.10995670995670996 0.1222466960352423 0.16017316017316016
3 0.19016152716593246 0.7344155844155844 0.12261380323054331 0.21082251082251083
3 0.34269456681350957 0.1357142857142857 0.1567547723935389 0.1658008658008658
0 0.1815345080763583 0.577922077922078 0.07819383259911894 0.04329004329004329
0 0.8415932452276065 0.5041125541125541 0.07452276064610866 0.07316017316017316
0 0.7494493392070485 0.5443722943722944 0.06497797356828194 0.07575757575757576
0 0.691079295154185 0.3034632034632035 0.07966226138032305 0.07705627705627706
3 0.263215859030837 0.20173160173160173 0.09765051395007342 0.12380952380952381
0 0.43061674008810574 0.09718614718614718 0.030837004405286344 0.0670995670995671
0 0.23531571218795888 0.30194805194805197 0.07929515418502203 0.07575757575757576
0 0.14665932452276065 0.6525974025974026 0.03487518355359765 0.047186147186147186
3 0.5796622613803231 0.12424242424242424 0.10205580029368576 0.1316017316017316
3 0.23146108663729809 0.6480519480519481 0.04955947136563876 0.0658008658008658
3 0.691079295154185 0.3034632034632035 0.07966226138032305 0.07705627705627706
0 0.21861233480176212 0.41883116883116883 0.08773861967694567 0.06796536796536796
0 0.7795521292217328 0.4409090909090909 0.07672540381791483 0.0670995670995671
