3 0.5069444444444444 0.6171207264957265 0.09188034188034189 0.08787393162393162
3 0.7806267806267806 0.4234775641025641 0.10398860398860399 0.11939102564102565
3 0.31160968660968663 0.6949786324786325 0.0754985754985755 0.10256410256410256
3 0.6177884615384616 0.4356303418803419 0.07175925925925926 0.15117521367521367
3 0.2603276353276353 0.7150106837606838 0.06623931623931624 0.08547008547008547
3 0.36894586894586895 0.6732104700854701 0.06873219373219373 0.10389957264957266
3 0.6882122507122507 0.4362980769230769 0.07478632478632478 0.12313034188034189
3 0.2443019943019943 0.7088675213675214 0.06267806267806268 0.11645299145299146
3 0.6658653846153846 0.5705128205128205 0.07282763532763532 0.05608974358974359
3 0.43465099715099714 0.4437767094017094 0.0868945868945869 0.19577991452991453
3 0.594551282051282 0.5958867521367521 0.08867521367521368 0.0827991452991453
3 0.2422542735042735 0.499866452991453 0.09704415954415954 0.22516025641025642
3 0.18011039886039887 0.5231036324786325 0.04718660968660968 0.16639957264957264
3 0.43830128205128205 0.6501068376068376 0.0763888888888889 0.08493589743589744
3 0.338230056980057 0.46821581196581197 0.11912393162393162 0.23985042735042736
3 0.5296474358974359 0.41239316239316237 0.10024928774928775 0.21153846153846154
