3 0.10686600221483943 0.622093023255814 0.1884828349944629 0.33588039867109637
3 0.9161683277962348 0.862624584717608 0.1672203765227021 0.27408637873754155
3 0.8981173864894795 0.6101328903654485 0.19712070874861573 0.33986710963455147
1 0.7201550387596899 0.5365448504983389 0.06976744186046512 0.10697674418604651
1 0.24761904761904763 0.536046511627907 0.06777408637873754 0.0893687707641196
3 0.7684385382059801 0.4485049833887043 0.1955703211517165 0.35083056478405317
3 0.21118493909191582 0.4553156146179402 0.1840531561461794 0.33588039867109637
3 0.3866002214839424 0.33006644518272427 0.21949058693244738 0.33787375415282395
3 0.6021040974529347 0.34485049833887044 0.22259136212624583 0.34418604651162793
0 0.9512735326688815 0.870265780730897 0.0363233665559247 0.1425249169435216
