0 0.737390350877193 0.5019188596491229 0.0007309941520467836 0.0010964912280701754
0 0.7269736842105263 0.4862938596491228 0.005482456140350877 0.00932017543859649
3 0.566703216374269 0.3873355263157895 0.0402046783625731 0.05592105263157895
3 0.7362938596491229 0.2786458333333333 0.012426900584795321 0.012883771929824562
3 0.575749269005848 0.4713541666666667 0.020285087719298246 0.03481359649122807
3 0.6632858187134503 0.5452302631578947 0.031980994152046784 0.023574561403508772
0 0.7446089181286549 0.49300986842105265 0.002010233918128655 0.0008223684210526315
3 0.5934758771929824 0.4984923245614035 0.02138157894736842 0.033717105263157895
3 0.7331871345029239 0.4960252192982456 0.051900584795321635 0.06551535087719298
3 0.6997441520467836 0.5287828947368421 0.04203216374269006 0.046052631578947366
3 0.6741593567251462 0.22299890350877194 0.03435672514619883 0.04523026315789474
3 0.6122989766081871 0.5189144736842105 0.020650584795321638 0.03234649122807018
3 0.6347770467836257 0.5345394736842105 0.02320906432748538 0.025219298245614034
0 0.5686220760233918 0.36883223684210525 0.00712719298245614 0.006304824561403508
3 0.5723684210526315 0.33360745614035087 0.04861111111111111 0.07236842105263158
0 0.5846125730994152 0.3404605263157895 0.00402046783625731 0.0021929824561403508
3 0.6504934210526315 0.19873903508771928 0.020285087719298246 0.022478070175438597
3 0.5642361111111112 0.43640350877192985 0.023940058479532164 0.046600877192982455
0 0.7224049707602339 0.5057565789473685 0.0025584795321637425 0.003837719298245614
3 0.7087902046783626 0.2564418859649123 0.037463450292397664 0.04029605263157895
