1 0.1876220703125 0.4276821677041377 0.054931640625 0.04760161113145368
1 0.2271728515625 0.4188941779567924 0.032470703125 0.061515928231417064
1 0.6273193359375 0.44123031856462835 0.071044921875 0.074697912852435
1 0.708984375 0.44489198095935556 0.060546875 0.06664225558403515
0 0.31787109375 0.40040278286342 0.0048828125 0.005492493592090809
0 0.330322265625 0.3916147931160747 0.0029296875 0.012083485902599781
0 0.4107666015625 0.4015012815818382 0.006591796875 0.007689491028927133
0 0.3695068359375 0.4313438300988649 0.006591796875 0.024166971805199562
0 0.6265869140625 0.4556938850238008 0.010009765625 0.004760161113145368
0 0.4207763671875 0.4295129989015013 0.004638671875 0.022702306847308677
0 0.6322021484375 0.42511900402782865 0.006103515625 0.01757597949469059
0 0.653564453125 0.44177956792383744 0.005859375 0.012815818381545222
0 0.7071533203125 0.4423288172830465 0.026123046875 0.024166971805199562
0 0.7298583984375 0.45313072134749177 0.005126953125 0.015012815818381545
1 0.40869140625 0.42878066642255586 0.09814453125 0.0908092273892347
3 0.2451171875 0.411570853167338 0.07373046875 0.1010618820944709
3 0.3199462890625 0.4289637495422922 0.077880859375 0.11680703039179788
3 0.1600341796875 0.4447088978396192 0.103271484375 0.09190772610765287
3 0.3450927734375 0.5247162211644086 0.070068359375 0.11131453679970707
3 0.184814453125 0.40626144269498354 0.064453125 0.09044306114976199
3 0.7005615234375 0.46942511900402784 0.077392578125 0.11570853167337972
3 0.53564453125 0.4630172098132552 0.10498046875 0.13072134749176126
3 0.40673828125 0.445624313438301 0.10205078125 0.12449652142072501
3 0.7626953125 0.4621017942145734 0.064453125 0.06883925302087147
3 0.62353515625 0.4602709630172098 0.07861328125 0.11277920175759795
3 0.779052734375 0.41633101428048336 0.0751953125 0.06737458806298059
3 0.411376953125 0.5492493592090809 0.06396484375 0.09154155986818015
3 0.2666015625 0.49414134016843647 0.08251953125 0.11973636030757964
3 0.48974609375 0.5351519589893812 0.064453125 0.12559502013914317
3 0.63330078125 0.5338703771512266 0.078125 0.09227389234712559
3 0.559326171875 0.5410106188209447 0.0751953125 0.09776638593921641
1 0.5426025390625 0.4401318198462102 0.070068359375 0.08495056755767118
1 0.3214111328125 0.39802270230684733 0.058837890625 0.054924935920908094
