3 0.7711989654535378 0.6278954334877564 0.11546277480140403 0.314030443414957
3 0.08525771291335674 0.5668431502316347 0.09920561610936635 0.199867637326274
3 0.416035470164419 0.37160820648577103 0.17476445593940512 0.356717405691595
3 0.9253648623683725 0.6171409662475182 0.08424164049510438 0.22766379880873594
3 0.8194162202106041 0.35506287227001987 0.1014225013855533 0.32958305757776307
3 0.8529466100129318 0.599933818663137 0.104193607980787 0.22303110522832562
3 0.7156844633290227 0.35506287227001987 0.11343062996489932 0.3183322303110523
3 0.5859966746720857 0.3668100595632032 0.17328653242194716 0.36366644606221044
3 0.08008498060225383 0.37789543348775645 0.07555883983003879 0.22898742554599602
3 0.5716792905967116 0.6350099272005294 0.10290042490301127 0.18266048974189278
3 0.6697764640679845 0.6164791528788881 0.10511731017919823 0.2514890800794176
3 0.03205246628486976 0.37872270019854404 0.06410493256973952 0.2346128391793514
3 0.03353038980232773 0.5600595632031767 0.06706077960465547 0.14262078093977498
3 0.9636061333825975 0.5693249503639973 0.07241825235544061 0.15188616810059563
3 0.8903565490485867 0.39626075446724024 0.07075558839830039 0.23527465254798147
3 0.16294106779974135 0.38418266048974187 0.10751893589506743 0.2958305757776307
3 0.16885276186957324 0.5683322303110523 0.11047478292998338 0.16710787557908668
3 0.2723997783114724 0.37127729980145596 0.12322187326805838 0.3064195896757114
3 0.2613153519305376 0.6196227663798809 0.11287640864585258 0.24784910655195236
3 0.4689636061333826 0.6146591661151555 0.10363938666174026 0.1843150231634679
3 0.3663402918898947 0.6050628722700199 0.10197672270460004 0.2227001985440106
