3 0.6936274509803921 0.4317288801571709 0.11437908496732026 0.11296660117878192
3 0.11070261437908496 0.818762278978389 0.10866013071895425 0.07760314341846758
3 0.18198529411764705 0.9199410609037328 0.13929738562091504 0.08840864440078586
3 0.7575571895424836 0.6915520628683693 0.11723856209150327 0.11296660117878192
3 0.2332516339869281 0.9577603143418467 0.0988562091503268 0.036345776031434185
3 0.13112745098039216 0.8494597249508841 0.10702614379084967 0.07121807465618861
3 0.15992647058823528 0.8816306483300589 0.10825163398692811 0.07072691552062868
3 0.7240604575163399 0.5135068762278978 0.1343954248366013 0.12524557956777996
3 0.7477532679738562 0.6156679764243614 0.1597222222222222 0.13998035363457761
0 0.6860702614379085 0.4231335952848723 0.026552287581699346 0.04469548133595285
