3 0.6168269230769231 0.6382211538461539 0.07852564102564102 0.06394230769230769
3 0.5927884615384615 0.2943509615384615 0.14967948717948718 0.10264423076923077
0 0.6927884615384615 0.5209134615384615 0.041987179487179484 0.02980769230769231
3 0.5530448717948718 0.6558894230769231 0.0810897435897436 0.06370192307692307
3 0.6996794871794871 0.5397836538461539 0.12307692307692308 0.0829326923076923
3 0.6793269230769231 0.6337740384615385 0.06378205128205128 0.054086538461538464
3 0.2668269230769231 0.46057692307692305 0.11185897435897436 0.07355769230769231
3 0.44503205128205126 0.2902644230769231 0.15544871794871795 0.10793269230769231
3 0.34134615384615385 0.6308894230769231 0.06923076923076923 0.04879807692307692
3 0.7397435897435898 0.4782451923076923 0.10833333333333334 0.07475961538461538
3 0.7072115384615385 0.3013221153846154 0.08878205128205129 0.07379807692307692
3 0.3126602564102564 0.5800480769230769 0.0983974358974359 0.08221153846153846
3 0.475 0.6533653846153846 0.07628205128205129 0.061057692307692306
3 0.40224358974358976 0.6483173076923077 0.08333333333333333 0.05384615384615385
3 0.3211538461538462 0.2854567307692308 0.09871794871794871 0.084375
3 0.2934294871794872 0.5164663461538461 0.11826923076923077 0.07139423076923077
