3 0.7253333333333334 0.415625 0.096 0.18675
3 0.822 0.44175 0.034 0.0995
3 0.64925 0.553125 0.0795 0.14525
3 0.33075 0.448875 0.0885 0.14325
3 0.7933333333333333 0.4585 0.04 0.1135
3 0.50125 0.561 0.06783333333333333 0.0865
3 0.24541666666666667 0.570875 0.07016666666666667 0.12475
3 0.42783333333333334 0.43975 0.11266666666666666 0.17
3 0.3045 0.569875 0.07833333333333334 0.14425
3 0.7163333333333334 0.55325 0.061 0.133
3 0.43291666666666667 0.566875 0.06883333333333333 0.08925
3 0.13883333333333334 0.449875 0.03866666666666667 0.09625
3 0.24725 0.444125 0.09016666666666667 0.17075
3 0.5385833333333333 0.4325 0.11116666666666666 0.1785
3 0.7701666666666667 0.44525 0.04566666666666667 0.1335
3 0.3645833333333333 0.552125 0.058833333333333335 0.10275
3 0.79175 0.534 0.049833333333333334 0.092
3 0.16433333333333333 0.5415 0.04533333333333334 0.0885
3 0.16633333333333333 0.468125 0.03833333333333333 0.11075
3 0.1945 0.462 0.053 0.1305
3 0.1965 0.570375 0.029666666666666668 0.09475
3 0.6346666666666667 0.438 0.087 0.1505
3 0.758 0.552875 0.030333333333333334 0.10525
3 0.5754166666666667 0.549625 0.0815 0.11525
