3 0.29562114197530864 0.5313946759259259 0.061535493827160496 0.09403935185185185
3 0.582079475308642 0.5222800925925926 0.048804012345679014 0.13020833333333334
3 0.2349537037037037 0.4383680555555556 0.03896604938271605 0.11921296296296297
3 0.2926311728395062 0.4273726851851852 0.0775462962962963 0.1394675925925926
3 0.5571952160493827 0.6082175925925926 0.026813271604938273 0.08912037037037036
3 0.4458912037037037 0.58203125 0.058834876543209874 0.1032986111111111
3 0.20418595679012347 0.41391782407407407 0.03414351851851852 0.0998263888888889
3 0.5251736111111112 0.6059027777777778 0.045717592592592594 0.09664351851851852
3 0.2486496913580247 0.5162037037037037 0.05285493827160494 0.0763888888888889
3 0.4847608024691358 0.5833333333333334 0.05632716049382716 0.12210648148148148
3 0.4085648148148148 0.45211226851851855 0.06674382716049383 0.1032986111111111
1 0.4077932098765432 0.43995949074074076 0.03009259259259259 0.053530092592592594
0 0.4097222222222222 0.4327256944444444 0.024305555555555556 0.0390625
0 0.400366512345679 0.4813368055555556 0.019483024691358024 0.015335648148148149
3 0.35320216049382713 0.5423900462962963 0.062114197530864196 0.11603009259259259
3 0.3968942901234568 0.5701678240740741 0.051890432098765434 0.09751157407407407
3 0.5353009259259259 0.5011574074074074 0.062114197530864196 0.1400462962962963
