3 0.544625 0.4924981245311328 0.14225 0.17929482370592648
0 0.617 0.5538259564891223 0.008 0.007876969242310577
0 0.579125 0.5583270817704427 0.00625 0.012378094523630907
0 0.609 0.5853338334583645 0.003 0.015378844711177795
0 0.609 0.5701425356339085 0.001 0.003000750187546887
0 0.541375 0.4426106526631658 0.03525 0.058514628657164294
0 0.611625 0.5528882220555139 0.00225 0.00450112528132033
3 0.33475 0.2740060015003751 0.1275 0.11815453863465866
0 0.58825 0.4696174043510878 0.0115 0.010502625656414103
3 0.575625 0.5570142535633908 0.11925 0.16504126031507876
3 0.21975 0.5596399099774944 0.0915 0.12303075768942236
0 0.496625 0.5058139534883721 0.01275 0.04538634658664666
3 0.274 0.3400225056264066 0.114 0.10390097524381095
