3 0.1439820022497188 0.26508120649651973 0.1344206974128234 0.37819025522041766
3 0.469206974128234 0.6783642691415314 0.1482002249718785 0.3845707656612529
3 0.7608267716535433 0.3491879350348028 0.14482564679415072 0.41183294663573083
3 0.3262092238470191 0.6508120649651972 0.17379077615298089 0.4048723897911833
3 0.4444600674915636 0.2955336426914153 0.14595050618672667 0.447215777262181
3 0.7525309336332958 0.691415313225058 0.10011248593925759 0.2888631090487239
3 0.05736782902137233 0.5362529002320185 0.11473565804274466 0.29756380510440833
3 0.2906355455568054 0.2821925754060325 0.17182227221597302 0.43793503480278423
3 0.6771653543307087 0.7105568445475638 0.12260967379077616 0.3294663573085847
3 0.043869516310461196 0.25928074245939675 0.08773903262092239 0.3004640371229698
3 0.6077052868391452 0.33700696055684454 0.18335208098987626 0.43155452436194897
3 0.17913385826771652 0.5965777262180975 0.1512935883014623 0.3439675174013921
3 0.8633295838020247 0.33120649651972156 0.07480314960629922 0.38167053364269143
3 0.5819741282339708 0.7085266821345708 0.12851518560179978 0.33352668213457076
