3 0.7228422619047619 0.49135446685878964 0.08407738095238096 0.27737752161383283
3 0.25418526785714285 0.6824567723342939 0.06901041666666667 0.11851585014409222
3 0.46084449404761907 0.6779538904899135 0.07235863095238096 0.11095100864553314
3 0.38783482142857145 0.6817363112391931 0.0822172619047619 0.1149135446685879
3 0.6843377976190477 0.6693083573487032 0.07105654761904762 0.15417867435158503
3 0.5363653273809523 0.5055835734870316 0.13039434523809523 0.2561239193083574
3 0.6414620535714286 0.5135086455331412 0.09058779761904762 0.23018731988472624
3 0.6110491071428571 0.6781340057636888 0.07886904761904762 0.1336455331412104
3 0.3204985119047619 0.6838976945244957 0.06919642857142858 0.12644092219020173
3 0.5354352678571429 0.6842579250720461 0.07384672619047619 0.1105907780979827
3 0.4088541666666667 0.4868515850144092 0.12834821428571427 0.28710374639769454
3 0.7804129464285714 0.5259365994236311 0.045572916666666664 0.23631123919308358
3 0.24311755952380953 0.5201729106628242 0.06808035714285714 0.2672910662824208
3 0.31008184523809523 0.5234149855907781 0.07998511904761904 0.20821325648414984
3 0.8479352678571429 0.48559077809798273 0.06380208333333333 0.22478386167146974
