3 0.5018333333333334 0.7533828022697512 0.14233333333333334 0.2426887821911829
3 0.1765 0.4159755565255347 0.08966666666666667 0.25665648188563944
3 0.8536666666666667 0.3961152335224793 0.17066666666666666 0.3304233958969882
3 0.30616666666666664 0.4316892186817983 0.19833333333333333 0.34744652989960717
3 0.7896666666666666 0.7313400261894369 0.15133333333333332 0.2562199912701877
3 0.9 0.7047140986468791 0.11333333333333333 0.21082496726320385
3 0.488 0.3677433435181144 0.22466666666666665 0.2614578786556089
3 0.6845 0.4316892186817983 0.17166666666666666 0.2994325621999127
3 0.3765 0.7437800087298123 0.123 0.2505456132693147
2 0.486 0.4670449585333915 0.21266666666666667 0.06023570493234395
3 0.282 0.7178088171104321 0.098 0.21780881711043212
3 0.6415 0.750109122653863 0.145 0.2439982540375382
3 0.09733333333333333 0.37909209951986034 0.07933333333333334 0.2570929725010912
